"","x.GENE1","x.GENE2","x.GENE3","x.GENE4","x.GENE5","x.GENE6","x.GENE7","x.GENE8","x.GENE9","x.GENE10","x.GENE11","x.GENE12","x.GENE13","x.GENE14","x.GENE15","x.GENE16","x.GENE17","x.GENE18","x.GENE19","x.GENE20","x.GENE21","x.GENE22","x.GENE23","x.GENE24","x.GENE25","x.GENE26","x.GENE27","x.GENE28","x.GENE29","x.GENE30","x.GENE31","x.GENE32","x.GENE33","x.GENE34","x.GENE35","x.GENE36","x.GENE37","x.GENE38","x.GENE39","x.GENE40","x.GENE41","x.GENE42","x.GENE43","x.GENE44","x.GENE45","x.GENE46","x.GENE47","x.GENE48","x.GENE49","x.GENE50","x.GENE51","x.GENE52","x.GENE53","x.GENE54","x.GENE55","x.GENE56","x.GENE57","x.GENE58","x.GENE59","x.GENE60","x.GENE61","x.GENE62","x.GENE63","x.GENE64","x.GENE65","x.GENE66","x.GENE67","x.GENE68","x.GENE69","x.GENE70","x.GENE71","x.GENE72","x.GENE73","x.GENE74","x.GENE75","x.GENE76","x.GENE77","x.GENE78","x.GENE79","x.GENE80","x.GENE81","x.GENE82","x.GENE83","x.GENE84","x.GENE85","x.GENE86","x.GENE87","x.GENE88","x.GENE89","x.GENE90","x.GENE91","x.GENE92","x.GENE93","x.GENE94","x.GENE95","x.GENE96","x.GENE97","x.GENE98","x.GENE99","x.GENE100","x.GENE101","x.GENE102","x.GENE103","x.GENE104","x.GENE105","x.GENE106","x.GENE107","x.GENE108","x.GENE109","x.GENE110","x.GENE111","x.GENE112","x.GENE113","x.GENE114","x.GENE115","x.GENE116","x.GENE117","x.GENE118","x.GENE119","x.GENE120","x.GENE121","x.GENE122","x.GENE123","x.GENE124","x.GENE125","x.GENE126","x.GENE127","x.GENE128","x.GENE129","x.GENE130","x.GENE131","x.GENE132","x.GENE133","x.GENE134","x.GENE135","x.GENE136","x.GENE137","x.GENE138","x.GENE139","x.GENE140","x.GENE141","x.GENE142","x.GENE143","x.GENE144","x.GENE145","x.GENE146","x.GENE147","x.GENE148","x.GENE149","x.GENE150","x.GENE151","x.GENE152","x.GENE153","x.GENE154","x.GENE155","x.GENE156","x.GENE157","x.GENE158","x.GENE159","x.GENE160","x.GENE161","x.GENE162","x.GENE163","x.GENE164","x.GENE165","x.GENE166","x.GENE167","x.GENE168","x.GENE169","x.GENE170","x.GENE171","x.GENE172","x.GENE173","x.GENE174","x.GENE175","x.GENE176","x.GENE177","x.GENE178","x.GENE179","x.GENE180","x.GENE181","x.GENE182","x.GENE183","x.GENE184","x.GENE185","x.GENE186","x.GENE187","x.GENE188","x.GENE189","x.GENE190","x.GENE191","x.GENE192","x.GENE193","x.GENE194","x.GENE195","x.GENE196","x.GENE197","x.GENE198","x.GENE199","x.GENE200","x.GENE201","x.GENE202","x.GENE203","x.GENE204","x.GENE205","x.GENE206","x.GENE207","x.GENE208","x.GENE209","x.GENE210","x.GENE211","x.GENE212","x.GENE213","x.GENE214","x.GENE215","x.GENE216","x.GENE217","x.GENE218","x.GENE219","x.GENE220","x.GENE221","x.GENE222","x.GENE223","x.GENE224","x.GENE225","x.GENE226","x.GENE227","x.GENE228","x.GENE229","x.GENE230","x.GENE231","x.GENE232","x.GENE233","x.GENE234","x.GENE235","x.GENE236","x.GENE237","x.GENE238","x.GENE239","x.GENE240","x.GENE241","x.GENE242","x.GENE243","x.GENE244","x.GENE245","x.GENE246","x.GENE247","x.GENE248","x.GENE249","x.GENE250","x.GENE251","x.GENE252","x.GENE253","x.GENE254","x.GENE255","x.GENE256","x.GENE257","x.GENE258","x.GENE259","x.GENE260","x.GENE261","x.GENE262","x.GENE263","x.GENE264","x.GENE265","x.GENE266","x.GENE267","x.GENE268","x.GENE269","x.GENE270","x.GENE271","x.GENE272","x.GENE273","x.GENE274","x.GENE275","x.GENE276","x.GENE277","x.GENE278","x.GENE279","x.GENE280","x.GENE281","x.GENE282","x.GENE283","x.GENE284","x.GENE285","x.GENE286","x.GENE287","x.GENE288","x.GENE289","x.GENE290","x.GENE291","x.GENE292","x.GENE293","x.GENE294","x.GENE295","x.GENE296","x.GENE297","x.GENE298","x.GENE299","x.GENE300","x.GENE301","x.GENE302","x.GENE303","x.GENE304","x.GENE305","x.GENE306","x.GENE307","x.GENE308","x.GENE309","x.GENE310","x.GENE311","x.GENE312","x.GENE313","x.GENE314","x.GENE315","x.GENE316","x.GENE317","x.GENE318","x.GENE319","x.GENE320","x.GENE321","x.GENE322","x.GENE323","x.GENE324","x.GENE325","x.GENE326","x.GENE327","x.GENE328","x.GENE329","x.GENE330","x.GENE331","x.GENE332","x.GENE333","x.GENE334","x.GENE335","x.GENE336","x.GENE337","x.GENE338","x.GENE339","x.GENE340","x.GENE341","x.GENE342","x.GENE343","x.GENE344","x.GENE345","x.GENE346","x.GENE347","x.GENE348","x.GENE349","x.GENE350","x.GENE351","x.GENE352","x.GENE353","x.GENE354","x.GENE355","x.GENE356","x.GENE357","x.GENE358","x.GENE359","x.GENE360","x.GENE361","x.GENE362","x.GENE363","x.GENE364","x.GENE365","x.GENE366","x.GENE367","x.GENE368","x.GENE369","x.GENE370","x.GENE371","x.GENE372","x.GENE373","x.GENE374","x.GENE375","x.GENE376","x.GENE377","x.GENE378","x.GENE379","x.GENE380","x.GENE381","x.GENE382","x.GENE383","x.GENE384","x.GENE385","x.GENE386","x.GENE387","x.GENE388","x.GENE389","x.GENE390","x.GENE391","x.GENE392","x.GENE393","x.GENE394","x.GENE395","x.GENE396","x.GENE397","x.GENE398","x.GENE399","x.GENE400","x.GENE401","x.GENE402","x.GENE403","x.GENE404","x.GENE405","x.GENE406","x.GENE407","x.GENE408","x.GENE409","x.GENE410","x.GENE411","x.GENE412","x.GENE413","x.GENE414","x.GENE415","x.GENE416","x.GENE417","x.GENE418","x.GENE419","x.GENE420","x.GENE421","x.GENE422","x.GENE423","x.GENE424","x.GENE425","x.GENE426","x.GENE427","x.GENE428","x.GENE429","x.GENE430","x.GENE431","x.GENE432","x.GENE433","x.GENE434","x.GENE435","x.GENE436","x.GENE437","x.GENE438","x.GENE439","x.GENE440","x.GENE441","x.GENE442","x.GENE443","x.GENE444","x.GENE445","x.GENE446","x.GENE447","x.GENE448","x.GENE449","x.GENE450","x.GENE451","x.GENE452","x.GENE453","x.GENE454","x.GENE455","x.GENE456","x.GENE457","x.GENE458","x.GENE459","x.GENE460","x.GENE461","x.GENE462","x.GENE463","x.GENE464","x.GENE465","x.GENE466","x.GENE467","x.GENE468","x.GENE469","x.GENE470","x.GENE471","x.GENE472","x.GENE473","x.GENE474","x.GENE475","x.GENE476","x.GENE477","x.GENE478","x.GENE479","x.GENE480","x.GENE481","x.GENE482","x.GENE483","x.GENE484","x.GENE485","x.GENE486","x.GENE487","x.GENE488","x.GENE489","x.GENE490","x.GENE491","x.GENE492","x.GENE493","x.GENE494","x.GENE495","x.GENE496","x.GENE497","x.GENE498","x.GENE499","x.GENE500","x.GENE501","x.GENE502","x.GENE503","x.GENE504","x.GENE505","x.GENE506","x.GENE507","x.GENE508","x.GENE509","x.GENE510","x.GENE511","x.GENE512","x.GENE513","x.GENE514","x.GENE515","x.GENE516","x.GENE517","x.GENE518","x.GENE519","x.GENE520","x.GENE521","x.GENE522","x.GENE523","x.GENE524","x.GENE525","x.GENE526","x.GENE527","x.GENE528","x.GENE529","x.GENE530","x.GENE531","x.GENE532","x.GENE533","x.GENE534","x.GENE535","x.GENE536","x.GENE537","x.GENE538","x.GENE539","x.GENE540","x.GENE541","x.GENE542","x.GENE543","x.GENE544","x.GENE545","x.GENE546","x.GENE547","x.GENE548","x.GENE549","x.GENE550","x.GENE551","x.GENE552","x.GENE553","x.GENE554","x.GENE555","x.GENE556","x.GENE557","x.GENE558","x.GENE559","x.GENE560","x.GENE561","x.GENE562","x.GENE563","x.GENE564","x.GENE565","x.GENE566","x.GENE567","x.GENE568","x.GENE569","x.GENE570","x.GENE571","x.GENE572","x.GENE573","x.GENE574","x.GENE575","x.GENE576","x.GENE577","x.GENE578","x.GENE579","x.GENE580","x.GENE581","x.GENE582","x.GENE583","x.GENE584","x.GENE585","x.GENE586","x.GENE587","x.GENE588","x.GENE589","x.GENE590","x.GENE591","x.GENE592","x.GENE593","x.GENE594","x.GENE595","x.GENE596","x.GENE597","x.GENE598","x.GENE599","x.GENE600","x.GENE601","x.GENE602","x.GENE603","x.GENE604","x.GENE605","x.GENE606","x.GENE607","x.GENE608","x.GENE609","x.GENE610","x.GENE611","x.GENE612","x.GENE613","x.GENE614","x.GENE615","x.GENE616","x.GENE617","x.GENE618","x.GENE619","x.GENE620","x.GENE621","x.GENE622","x.GENE623","x.GENE624","x.GENE625","x.GENE626","x.GENE627","x.GENE628","x.GENE629","x.GENE630","x.GENE631","x.GENE632","x.GENE633","x.GENE634","x.GENE635","x.GENE636","x.GENE637","x.GENE638","x.GENE639","x.GENE640","x.GENE641","x.GENE642","x.GENE643","x.GENE644","x.GENE645","x.GENE646","x.GENE647","x.GENE648","x.GENE649","x.GENE650","x.GENE651","x.GENE652","x.GENE653","x.GENE654","x.GENE655","x.GENE656","x.GENE657","x.GENE658","x.GENE659","x.GENE660","x.GENE661","x.GENE662","x.GENE663","x.GENE664","x.GENE665","x.GENE666","x.GENE667","x.GENE668","x.GENE669","x.GENE670","x.GENE671","x.GENE672","x.GENE673","x.GENE674","x.GENE675","x.GENE676","x.GENE677","x.GENE678","x.GENE679","x.GENE680","x.GENE681","x.GENE682","x.GENE683","x.GENE684","x.GENE685","x.GENE686","x.GENE687","x.GENE688","x.GENE689","x.GENE690","x.GENE691","x.GENE692","x.GENE693","x.GENE694","x.GENE695","x.GENE696","x.GENE697","x.GENE698","x.GENE699","x.GENE700","x.GENE701","x.GENE702","x.GENE703","x.GENE704","x.GENE705","x.GENE706","x.GENE707","x.GENE708","x.GENE709","x.GENE710","x.GENE711","x.GENE712","x.GENE713","x.GENE714","x.GENE715","x.GENE716","x.GENE717","x.GENE718","x.GENE719","x.GENE720","x.GENE721","x.GENE722","x.GENE723","x.GENE724","x.GENE725","x.GENE726","x.GENE727","x.GENE728","x.GENE729","x.GENE730","x.GENE731","x.GENE732","x.GENE733","x.GENE734","x.GENE735","x.GENE736","x.GENE737","x.GENE738","x.GENE739","x.GENE740","x.GENE741","x.GENE742","x.GENE743","x.GENE744","x.GENE745","x.GENE746","x.GENE747","x.GENE748","x.GENE749","x.GENE750","x.GENE751","x.GENE752","x.GENE753","x.GENE754","x.GENE755","x.GENE756","x.GENE757","x.GENE758","x.GENE759","x.GENE760","x.GENE761","x.GENE762","x.GENE763","x.GENE764","x.GENE765","x.GENE766","x.GENE767","x.GENE768","x.GENE769","x.GENE770","x.GENE771","x.GENE772","x.GENE773","x.GENE774","x.GENE775","x.GENE776","x.GENE777","x.GENE778","x.GENE779","x.GENE780","x.GENE781","x.GENE782","x.GENE783","x.GENE784","x.GENE785","x.GENE786","x.GENE787","x.GENE788","x.GENE789","x.GENE790","x.GENE791","x.GENE792","x.GENE793","x.GENE794","x.GENE795","x.GENE796","x.GENE797","x.GENE798","x.GENE799","x.GENE800","x.GENE801","x.GENE802","x.GENE803","x.GENE804","x.GENE805","x.GENE806","x.GENE807","x.GENE808","x.GENE809","x.GENE810","x.GENE811","x.GENE812","x.GENE813","x.GENE814","x.GENE815","x.GENE816","x.GENE817","x.GENE818","x.GENE819","x.GENE820","x.GENE821","x.GENE822","x.GENE823","x.GENE824","x.GENE825","x.GENE826","x.GENE827","x.GENE828","x.GENE829","x.GENE830","x.GENE831","x.GENE832","x.GENE833","x.GENE834","x.GENE835","x.GENE836","x.GENE837","x.GENE838","x.GENE839","x.GENE840","x.GENE841","x.GENE842","x.GENE843","x.GENE844","x.GENE845","x.GENE846","x.GENE847","x.GENE848","x.GENE849","x.GENE850","x.GENE851","x.GENE852","x.GENE853","x.GENE854","x.GENE855","x.GENE856","x.GENE857","x.GENE858","x.GENE859","x.GENE860","x.GENE861","x.GENE862","x.GENE863","x.GENE864","x.GENE865","x.GENE866","x.GENE867","x.GENE868","x.GENE869","x.GENE870","x.GENE871","x.GENE872","x.GENE873","x.GENE874","x.GENE875","x.GENE876","x.GENE877","x.GENE878","x.GENE879","x.GENE880","x.GENE881","x.GENE882","x.GENE883","x.GENE884","x.GENE885","x.GENE886","x.GENE887","x.GENE888","x.GENE889","x.GENE890","x.GENE891","x.GENE892","x.GENE893","x.GENE894","x.GENE895","x.GENE896","x.GENE897","x.GENE898","x.GENE899","x.GENE900","x.GENE901","x.GENE902","x.GENE903","x.GENE904","x.GENE905","x.GENE906","x.GENE907","x.GENE908","x.GENE909","x.GENE910","x.GENE911","x.GENE912","x.GENE913","x.GENE914","x.GENE915","x.GENE916","x.GENE917","x.GENE918","x.GENE919","x.GENE920","x.GENE921","x.GENE922","x.GENE923","x.GENE924","x.GENE925","x.GENE926","x.GENE927","x.GENE928","x.GENE929","x.GENE930","x.GENE931","x.GENE932","x.GENE933","x.GENE934","x.GENE935","x.GENE936","x.GENE937","x.GENE938","x.GENE939","x.GENE940","x.GENE941","x.GENE942","x.GENE943","x.GENE944","x.GENE945","x.GENE946","x.GENE947","x.GENE948","x.GENE949","x.GENE950","x.GENE951","x.GENE952","x.GENE953","x.GENE954","x.GENE955","x.GENE956","x.GENE957","x.GENE958","x.GENE959","x.GENE960","x.GENE961","x.GENE962","x.GENE963","x.GENE964","x.GENE965","x.GENE966","x.GENE967","x.GENE968","x.GENE969","x.GENE970","x.GENE971","x.GENE972","x.GENE973","x.GENE974","x.GENE975","x.GENE976","x.GENE977","x.GENE978","x.GENE979","x.GENE980","x.GENE981","x.GENE982","x.GENE983","x.GENE984","x.GENE985","x.GENE986","x.GENE987","x.GENE988","x.GENE989","x.GENE990","x.GENE991","x.GENE992","x.GENE993","x.GENE994","x.GENE995","x.GENE996","x.GENE997","x.GENE998","x.GENE999","x.GENE1000","x.GENE1001","x.GENE1002","x.GENE1003","x.GENE1004","x.GENE1005","x.GENE1006","x.GENE1007","x.GENE1008","x.GENE1009","x.GENE1010","x.GENE1011","x.GENE1012","x.GENE1013","x.GENE1014","x.GENE1015","x.GENE1016","x.GENE1017","x.GENE1018","x.GENE1019","x.GENE1020","x.GENE1021","x.GENE1022","x.GENE1023","x.GENE1024","x.GENE1025","x.GENE1026","x.GENE1027","x.GENE1028","x.GENE1029","x.GENE1030","x.GENE1031","x.GENE1032","x.GENE1033","x.GENE1034","x.GENE1035","x.GENE1036","x.GENE1037","x.GENE1038","x.GENE1039","x.GENE1040","x.GENE1041","x.GENE1042","x.GENE1043","x.GENE1044","x.GENE1045","x.GENE1046","x.GENE1047","x.GENE1048","x.GENE1049","x.GENE1050","x.GENE1051","x.GENE1052","x.GENE1053","x.GENE1054","x.GENE1055","x.GENE1056","x.GENE1057","x.GENE1058","x.GENE1059","x.GENE1060","x.GENE1061","x.GENE1062","x.GENE1063","x.GENE1064","x.GENE1065","x.GENE1066","x.GENE1067","x.GENE1068","x.GENE1069","x.GENE1070","x.GENE1071","x.GENE1072","x.GENE1073","x.GENE1074","x.GENE1075","x.GENE1076","x.GENE1077","x.GENE1078","x.GENE1079","x.GENE1080","x.GENE1081","x.GENE1082","x.GENE1083","x.GENE1084","x.GENE1085","x.GENE1086","x.GENE1087","x.GENE1088","x.GENE1089","x.GENE1090","x.GENE1091","x.GENE1092","x.GENE1093","x.GENE1094","x.GENE1095","x.GENE1096","x.GENE1097","x.GENE1098","x.GENE1099","x.GENE1100","x.GENE1101","x.GENE1102","x.GENE1103","x.GENE1104","x.GENE1105","x.GENE1106","x.GENE1107","x.GENE1108","x.GENE1109","x.GENE1110","x.GENE1111","x.GENE1112","x.GENE1113","x.GENE1114","x.GENE1115","x.GENE1116","x.GENE1117","x.GENE1118","x.GENE1119","x.GENE1120","x.GENE1121","x.GENE1122","x.GENE1123","x.GENE1124","x.GENE1125","x.GENE1126","x.GENE1127","x.GENE1128","x.GENE1129","x.GENE1130","x.GENE1131","x.GENE1132","x.GENE1133","x.GENE1134","x.GENE1135","x.GENE1136","x.GENE1137","x.GENE1138","x.GENE1139","x.GENE1140","x.GENE1141","x.GENE1142","x.GENE1143","x.GENE1144","x.GENE1145","x.GENE1146","x.GENE1147","x.GENE1148","x.GENE1149","x.GENE1150","x.GENE1151","x.GENE1152","x.GENE1153","x.GENE1154","x.GENE1155","x.GENE1156","x.GENE1157","x.GENE1158","x.GENE1159","x.GENE1160","x.GENE1161","x.GENE1162","x.GENE1163","x.GENE1164","x.GENE1165","x.GENE1166","x.GENE1167","x.GENE1168","x.GENE1169","x.GENE1170","x.GENE1171","x.GENE1172","x.GENE1173","x.GENE1174","x.GENE1175","x.GENE1176","x.GENE1177","x.GENE1178","x.GENE1179","x.GENE1180","x.GENE1181","x.GENE1182","x.GENE1183","x.GENE1184","x.GENE1185","x.GENE1186","x.GENE1187","x.GENE1188","x.GENE1189","x.GENE1190","x.GENE1191","x.GENE1192","x.GENE1193","x.GENE1194","x.GENE1195","x.GENE1196","x.GENE1197","x.GENE1198","x.GENE1199","x.GENE1200","x.GENE1201","x.GENE1202","x.GENE1203","x.GENE1204","x.GENE1205","x.GENE1206","x.GENE1207","x.GENE1208","x.GENE1209","x.GENE1210","x.GENE1211","x.GENE1212","x.GENE1213","x.GENE1214","x.GENE1215","x.GENE1216","x.GENE1217","x.GENE1218","x.GENE1219","x.GENE1220","x.GENE1221","x.GENE1222","x.GENE1223","x.GENE1224","x.GENE1225","x.GENE1226","x.GENE1227","x.GENE1228","x.GENE1229","x.GENE1230","x.GENE1231","x.GENE1232","x.GENE1233","x.GENE1234","x.GENE1235","x.GENE1236","x.GENE1237","x.GENE1238","x.GENE1239","x.GENE1240","x.GENE1241","x.GENE1242","x.GENE1243","x.GENE1244","x.GENE1245","x.GENE1246","x.GENE1247","x.GENE1248","x.GENE1249","x.GENE1250","x.GENE1251","x.GENE1252","x.GENE1253","x.GENE1254","x.GENE1255","x.GENE1256","x.GENE1257","x.GENE1258","x.GENE1259","x.GENE1260","x.GENE1261","x.GENE1262","x.GENE1263","x.GENE1264","x.GENE1265","x.GENE1266","x.GENE1267","x.GENE1268","x.GENE1269","x.GENE1270","x.GENE1271","x.GENE1272","x.GENE1273","x.GENE1274","x.GENE1275","x.GENE1276","x.GENE1277","x.GENE1278","x.GENE1279","x.GENE1280","x.GENE1281","x.GENE1282","x.GENE1283","x.GENE1284","x.GENE1285","x.GENE1286","x.GENE1287","x.GENE1288","x.GENE1289","x.GENE1290","x.GENE1291","x.GENE1292","x.GENE1293","x.GENE1294","x.GENE1295","x.GENE1296","x.GENE1297","x.GENE1298","x.GENE1299","x.GENE1300","x.GENE1301","x.GENE1302","x.GENE1303","x.GENE1304","x.GENE1305","x.GENE1306","x.GENE1307","x.GENE1308","x.GENE1309","x.GENE1310","x.GENE1311","x.GENE1312","x.GENE1313","x.GENE1314","x.GENE1315","x.GENE1316","x.GENE1317","x.GENE1318","x.GENE1319","x.GENE1320","x.GENE1321","x.GENE1322","x.GENE1323","x.GENE1324","x.GENE1325","x.GENE1326","x.GENE1327","x.GENE1328","x.GENE1329","x.GENE1330","x.GENE1331","x.GENE1332","x.GENE1333","x.GENE1334","x.GENE1335","x.GENE1336","x.GENE1337","x.GENE1338","x.GENE1339","x.GENE1340","x.GENE1341","x.GENE1342","x.GENE1343","x.GENE1344","x.GENE1345","x.GENE1346","x.GENE1347","x.GENE1348","x.GENE1349","x.GENE1350","x.GENE1351","x.GENE1352","x.GENE1353","x.GENE1354","x.GENE1355","x.GENE1356","x.GENE1357","x.GENE1358","x.GENE1359","x.GENE1360","x.GENE1361","x.GENE1362","x.GENE1363","x.GENE1364","x.GENE1365","x.GENE1366","x.GENE1367","x.GENE1368","x.GENE1369","x.GENE1370","x.GENE1371","x.GENE1372","x.GENE1373","x.GENE1374","x.GENE1375","x.GENE1376","x.GENE1377","x.GENE1378","x.GENE1379","x.GENE1380","x.GENE1381","x.GENE1382","x.GENE1383","x.GENE1384","x.GENE1385","x.GENE1386","x.GENE1387","x.GENE1388","x.GENE1389","x.GENE1390","x.GENE1391","x.GENE1392","x.GENE1393","x.GENE1394","x.GENE1395","x.GENE1396","x.GENE1397","x.GENE1398","x.GENE1399","x.GENE1400","x.GENE1401","x.GENE1402","x.GENE1403","x.GENE1404","x.GENE1405","x.GENE1406","x.GENE1407","x.GENE1408","x.GENE1409","x.GENE1410","x.GENE1411","x.GENE1412","x.GENE1413","x.GENE1414","x.GENE1415","x.GENE1416","x.GENE1417","x.GENE1418","x.GENE1419","x.GENE1420","x.GENE1421","x.GENE1422","x.GENE1423","x.GENE1424","x.GENE1425","x.GENE1426","x.GENE1427","x.GENE1428","x.GENE1429","x.GENE1430","x.GENE1431","x.GENE1432","x.GENE1433","x.GENE1434","x.GENE1435","x.GENE1436","x.GENE1437","x.GENE1438","x.GENE1439","x.GENE1440","x.GENE1441","x.GENE1442","x.GENE1443","x.GENE1444","x.GENE1445","x.GENE1446","x.GENE1447","x.GENE1448","x.GENE1449","x.GENE1450","x.GENE1451","x.GENE1452","x.GENE1453","x.GENE1454","x.GENE1455","x.GENE1456","x.GENE1457","x.GENE1458","x.GENE1459","x.GENE1460","x.GENE1461","x.GENE1462","x.GENE1463","x.GENE1464","x.GENE1465","x.GENE1466","x.GENE1467","x.GENE1468","x.GENE1469","x.GENE1470","x.GENE1471","x.GENE1472","x.GENE1473","x.GENE1474","x.GENE1475","x.GENE1476","x.GENE1477","x.GENE1478","x.GENE1479","x.GENE1480","x.GENE1481","x.GENE1482","x.GENE1483","x.GENE1484","x.GENE1485","x.GENE1486","x.GENE1487","x.GENE1488","x.GENE1489","x.GENE1490","x.GENE1491","x.GENE1492","x.GENE1493","x.GENE1494","x.GENE1495","x.GENE1496","x.GENE1497","x.GENE1498","x.GENE1499","x.GENE1500","x.GENE1501","x.GENE1502","x.GENE1503","x.GENE1504","x.GENE1505","x.GENE1506","x.GENE1507","x.GENE1508","x.GENE1509","x.GENE1510","x.GENE1511","x.GENE1512","x.GENE1513","x.GENE1514","x.GENE1515","x.GENE1516","x.GENE1517","x.GENE1518","x.GENE1519","x.GENE1520","x.GENE1521","x.GENE1522","x.GENE1523","x.GENE1524","x.GENE1525","x.GENE1526","x.GENE1527","x.GENE1528","x.GENE1529","x.GENE1530","x.GENE1531","x.GENE1532","x.GENE1533","x.GENE1534","x.GENE1535","x.GENE1536","x.GENE1537","x.GENE1538","x.GENE1539","x.GENE1540","x.GENE1541","x.GENE1542","x.GENE1543","x.GENE1544","x.GENE1545","x.GENE1546","x.GENE1547","x.GENE1548","x.GENE1549","x.GENE1550","x.GENE1551","x.GENE1552","x.GENE1553","x.GENE1554","x.GENE1555","x.GENE1556","x.GENE1557","x.GENE1558","x.GENE1559","x.GENE1560","x.GENE1561","x.GENE1562","x.GENE1563","x.GENE1564","x.GENE1565","x.GENE1566","x.GENE1567","x.GENE1568","x.GENE1569","x.GENE1570","x.GENE1571","x.GENE1572","x.GENE1573","x.GENE1574","x.GENE1575","x.GENE1576","x.GENE1577","x.GENE1578","x.GENE1579","x.GENE1580","x.GENE1581","x.GENE1582","x.GENE1583","x.GENE1584","x.GENE1585","x.GENE1586","x.GENE1587","x.GENE1588","x.GENE1589","x.GENE1590","x.GENE1591","x.GENE1592","x.GENE1593","x.GENE1594","x.GENE1595","x.GENE1596","x.GENE1597","x.GENE1598","x.GENE1599","x.GENE1600","x.GENE1601","x.GENE1602","x.GENE1603","x.GENE1604","x.GENE1605","x.GENE1606","x.GENE1607","x.GENE1608","x.GENE1609","x.GENE1610","x.GENE1611","x.GENE1612","x.GENE1613","x.GENE1614","x.GENE1615","x.GENE1616","x.GENE1617","x.GENE1618","x.GENE1619","x.GENE1620","x.GENE1621","x.GENE1622","x.GENE1623","x.GENE1624","x.GENE1625","x.GENE1626","x.GENE1627","x.GENE1628","x.GENE1629","x.GENE1630","x.GENE1631","x.GENE1632","x.GENE1633","x.GENE1634","x.GENE1635","x.GENE1636","x.GENE1637","x.GENE1638","x.GENE1639","x.GENE1640","x.GENE1641","x.GENE1642","x.GENE1643","x.GENE1644","x.GENE1645","x.GENE1646","x.GENE1647","x.GENE1648","x.GENE1649","x.GENE1650","x.GENE1651","x.GENE1652","x.GENE1653","x.GENE1654","x.GENE1655","x.GENE1656","x.GENE1657","x.GENE1658","x.GENE1659","x.GENE1660","x.GENE1661","x.GENE1662","x.GENE1663","x.GENE1664","x.GENE1665","x.GENE1666","x.GENE1667","x.GENE1668","x.GENE1669","x.GENE1670","x.GENE1671","x.GENE1672","x.GENE1673","x.GENE1674","x.GENE1675","x.GENE1676","x.GENE1677","x.GENE1678","x.GENE1679","x.GENE1680","x.GENE1681","x.GENE1682","x.GENE1683","x.GENE1684","x.GENE1685","x.GENE1686","x.GENE1687","x.GENE1688","x.GENE1689","x.GENE1690","x.GENE1691","x.GENE1692","x.GENE1693","x.GENE1694","x.GENE1695","x.GENE1696","x.GENE1697","x.GENE1698","x.GENE1699","x.GENE1700","x.GENE1701","x.GENE1702","x.GENE1703","x.GENE1704","x.GENE1705","x.GENE1706","x.GENE1707","x.GENE1708","x.GENE1709","x.GENE1710","x.GENE1711","x.GENE1712","x.GENE1713","x.GENE1714","x.GENE1715","x.GENE1716","x.GENE1717","x.GENE1718","x.GENE1719","x.GENE1720","x.GENE1721","x.GENE1722","x.GENE1723","x.GENE1724","x.GENE1725","x.GENE1726","x.GENE1727","x.GENE1728","x.GENE1729","x.GENE1730","x.GENE1731","x.GENE1732","x.GENE1733","x.GENE1734","x.GENE1735","x.GENE1736","x.GENE1737","x.GENE1738","x.GENE1739","x.GENE1740","x.GENE1741","x.GENE1742","x.GENE1743","x.GENE1744","x.GENE1745","x.GENE1746","x.GENE1747","x.GENE1748","x.GENE1749","x.GENE1750","x.GENE1751","x.GENE1752","x.GENE1753","x.GENE1754","x.GENE1755","x.GENE1756","x.GENE1757","x.GENE1758","x.GENE1759","x.GENE1760","x.GENE1761","x.GENE1762","x.GENE1763","x.GENE1764","x.GENE1765","x.GENE1766","x.GENE1767","x.GENE1768","x.GENE1769","x.GENE1770","x.GENE1771","x.GENE1772","x.GENE1773","x.GENE1774","x.GENE1775","x.GENE1776","x.GENE1777","x.GENE1778","x.GENE1779","x.GENE1780","x.GENE1781","x.GENE1782","x.GENE1783","x.GENE1784","x.GENE1785","x.GENE1786","x.GENE1787","x.GENE1788","x.GENE1789","x.GENE1790","x.GENE1791","x.GENE1792","x.GENE1793","x.GENE1794","x.GENE1795","x.GENE1796","x.GENE1797","x.GENE1798","x.GENE1799","x.GENE1800","x.GENE1801","x.GENE1802","x.GENE1803","x.GENE1804","x.GENE1805","x.GENE1806","x.GENE1807","x.GENE1808","x.GENE1809","x.GENE1810","x.GENE1811","x.GENE1812","x.GENE1813","x.GENE1814","x.GENE1815","x.GENE1816","x.GENE1817","x.GENE1818","x.GENE1819","x.GENE1820","x.GENE1821","x.GENE1822","x.GENE1823","x.GENE1824","x.GENE1825","x.GENE1826","x.GENE1827","x.GENE1828","x.GENE1829","x.GENE1830","x.GENE1831","x.GENE1832","x.GENE1833","x.GENE1834","x.GENE1835","x.GENE1836","x.GENE1837","x.GENE1838","x.GENE1839","x.GENE1840","x.GENE1841","x.GENE1842","x.GENE1843","x.GENE1844","x.GENE1845","x.GENE1846","x.GENE1847","x.GENE1848","x.GENE1849","x.GENE1850","x.GENE1851","x.GENE1852","x.GENE1853","x.GENE1854","x.GENE1855","x.GENE1856","x.GENE1857","x.GENE1858","x.GENE1859","x.GENE1860","x.GENE1861","x.GENE1862","x.GENE1863","x.GENE1864","x.GENE1865","x.GENE1866","x.GENE1867","x.GENE1868","x.GENE1869","x.GENE1870","x.GENE1871","x.GENE1872","x.GENE1873","x.GENE1874","x.GENE1875","x.GENE1876","x.GENE1877","x.GENE1878","x.GENE1879","x.GENE1880","x.GENE1881","x.GENE1882","x.GENE1883","x.GENE1884","x.GENE1885","x.GENE1886","x.GENE1887","x.GENE1888","x.GENE1889","x.GENE1890","x.GENE1891","x.GENE1892","x.GENE1893","x.GENE1894","x.GENE1895","x.GENE1896","x.GENE1897","x.GENE1898","x.GENE1899","x.GENE1900","x.GENE1901","x.GENE1902","x.GENE1903","x.GENE1904","x.GENE1905","x.GENE1906","x.GENE1907","x.GENE1908","x.GENE1909","x.GENE1910","x.GENE1911","x.GENE1912","x.GENE1913","x.GENE1914","x.GENE1915","x.GENE1916","x.GENE1917","x.GENE1918","x.GENE1919","x.GENE1920","x.GENE1921","x.GENE1922","x.GENE1923","x.GENE1924","x.GENE1925","x.GENE1926","x.GENE1927","x.GENE1928","x.GENE1929","x.GENE1930","x.GENE1931","x.GENE1932","x.GENE1933","x.GENE1934","x.GENE1935","x.GENE1936","x.GENE1937","x.GENE1938","x.GENE1939","x.GENE1940","x.GENE1941","x.GENE1942","x.GENE1943","x.GENE1944","x.GENE1945","x.GENE1946","x.GENE1947","x.GENE1948","x.GENE1949","x.GENE1950","x.GENE1951","x.GENE1952","x.GENE1953","x.GENE1954","x.GENE1955","x.GENE1956","x.GENE1957","x.GENE1958","x.GENE1959","x.GENE1960","x.GENE1961","x.GENE1962","x.GENE1963","x.GENE1964","x.GENE1965","x.GENE1966","x.GENE1967","x.GENE1968","x.GENE1969","x.GENE1970","x.GENE1971","x.GENE1972","x.GENE1973","x.GENE1974","x.GENE1975","x.GENE1976","x.GENE1977","x.GENE1978","x.GENE1979","x.GENE1980","x.GENE1981","x.GENE1982","x.GENE1983","x.GENE1984","x.GENE1985","x.GENE1986","x.GENE1987","x.GENE1988","x.GENE1989","x.GENE1990","x.GENE1991","x.GENE1992","x.GENE1993","x.GENE1994","x.GENE1995","x.GENE1996","x.GENE1997","x.GENE1998","x.GENE1999","x.GENE2000","x.GENE2001","x.GENE2002","x.GENE2003","x.GENE2004","x.GENE2005","x.GENE2006","x.GENE2007","x.GENE2008","x.GENE2009","x.GENE2010","x.GENE2011","x.GENE2012","x.GENE2013","x.GENE2014","x.GENE2015","x.GENE2016","x.GENE2017","x.GENE2018","x.GENE2019","x.GENE2020","x.GENE2021","x.GENE2022","x.GENE2023","x.GENE2024","x.GENE2025","x.GENE2026","x.GENE2027","x.GENE2028","x.GENE2029","x.GENE2030","x.GENE2031","x.GENE2032","x.GENE2033","x.GENE2034","x.GENE2035","x.GENE2036","x.GENE2037","x.GENE2038","x.GENE2039","x.GENE2040","x.GENE2041","x.GENE2042","x.GENE2043","x.GENE2044","x.GENE2045","x.GENE2046","x.GENE2047","x.GENE2048","x.GENE2049","x.GENE2050","x.GENE2051","x.GENE2052","x.GENE2053","x.GENE2054","x.GENE2055","x.GENE2056","x.GENE2057","x.GENE2058","x.GENE2059","x.GENE2060","x.GENE2061","x.GENE2062","x.GENE2063","x.GENE2064","x.GENE2065","x.GENE2066","x.GENE2067","x.GENE2068","x.GENE2069","x.GENE2070","x.GENE2071","x.GENE2072","x.GENE2073","x.GENE2074","x.GENE2075","x.GENE2076","x.GENE2077","x.GENE2078","x.GENE2079","x.GENE2080","x.GENE2081","x.GENE2082","x.GENE2083","x.GENE2084","x.GENE2085","x.GENE2086","x.GENE2087","x.GENE2088","x.GENE2089","x.GENE2090","x.GENE2091","x.GENE2092","x.GENE2093","x.GENE2094","x.GENE2095","x.GENE2096","x.GENE2097","x.GENE2098","x.GENE2099","x.GENE2100","x.GENE2101","x.GENE2102","x.GENE2103","x.GENE2104","x.GENE2105","x.GENE2106","x.GENE2107","x.GENE2108","x.GENE2109","x.GENE2110","x.GENE2111","x.GENE2112","x.GENE2113","x.GENE2114","x.GENE2115","x.GENE2116","x.GENE2117","x.GENE2118","x.GENE2119","x.GENE2120","x.GENE2121","x.GENE2122","x.GENE2123","x.GENE2124","x.GENE2125","x.GENE2126","x.GENE2127","x.GENE2128","x.GENE2129","x.GENE2130","x.GENE2131","x.GENE2132","x.GENE2133","x.GENE2134","x.GENE2135","x.GENE2136","x.GENE2137","x.GENE2138","x.GENE2139","x.GENE2140","x.GENE2141","x.GENE2142","x.GENE2143","x.GENE2144","x.GENE2145","x.GENE2146","x.GENE2147","x.GENE2148","x.GENE2149","x.GENE2150","x.GENE2151","x.GENE2152","x.GENE2153","x.GENE2154","x.GENE2155","x.GENE2156","x.GENE2157","x.GENE2158","x.GENE2159","x.GENE2160","x.GENE2161","x.GENE2162","x.GENE2163","x.GENE2164","x.GENE2165","x.GENE2166","x.GENE2167","x.GENE2168","x.GENE2169","x.GENE2170","x.GENE2171","x.GENE2172","x.GENE2173","x.GENE2174","x.GENE2175","x.GENE2176","x.GENE2177","x.GENE2178","x.GENE2179","x.GENE2180","x.GENE2181","x.GENE2182","x.GENE2183","x.GENE2184","x.GENE2185","x.GENE2186","x.GENE2187","x.GENE2188","x.GENE2189","x.GENE2190","x.GENE2191","x.GENE2192","x.GENE2193","x.GENE2194","x.GENE2195","x.GENE2196","x.GENE2197","x.GENE2198","x.GENE2199","x.GENE2200","x.GENE2201","x.GENE2202","x.GENE2203","x.GENE2204","x.GENE2205","x.GENE2206","x.GENE2207","x.GENE2208","x.GENE2209","x.GENE2210","x.GENE2211","x.GENE2212","x.GENE2213","x.GENE2214","x.GENE2215","x.GENE2216","x.GENE2217","x.GENE2218","x.GENE2219","x.GENE2220","x.GENE2221","x.GENE2222","x.GENE2223","x.GENE2224","x.GENE2225","x.GENE2226","x.GENE2227","x.GENE2228","x.GENE2229","x.GENE2230","x.GENE2231","x.GENE2232","x.GENE2233","x.GENE2234","x.GENE2235","x.GENE2236","x.GENE2237","x.GENE2238","x.GENE2239","x.GENE2240","x.GENE2241","x.GENE2242","x.GENE2243","x.GENE2244","x.GENE2245","x.GENE2246","x.GENE2247","x.GENE2248","x.GENE2249","x.GENE2250","x.GENE2251","x.GENE2252","x.GENE2253","x.GENE2254","x.GENE2255","x.GENE2256","x.GENE2257","x.GENE2258","x.GENE2259","x.GENE2260","x.GENE2261","x.GENE2262","x.GENE2263","x.GENE2264","x.GENE2265","x.GENE2266","x.GENE2267","x.GENE2268","x.GENE2269","x.GENE2270","x.GENE2271","x.GENE2272","x.GENE2273","x.GENE2274","x.GENE2275","x.GENE2276","x.GENE2277","x.GENE2278","x.GENE2279","x.GENE2280","x.GENE2281","x.GENE2282","x.GENE2283","x.GENE2284","x.GENE2285","x.GENE2286","x.GENE2287","x.GENE2288","x.GENE2289","x.GENE2290","x.GENE2291","x.GENE2292","x.GENE2293","x.GENE2294","x.GENE2295","x.GENE2296","x.GENE2297","x.GENE2298","x.GENE2299","x.GENE2300","x.GENE2301","x.GENE2302","x.GENE2303","x.GENE2304","x.GENE2305","x.GENE2306","x.GENE2307","x.GENE2308","y"
"1",0.773343723,-2.438404816,-0.482562158,-2.721135441,-1.217058044,0.827809184,1.342603672,0.05704174,0.133568892,0.565427439,1.499823919,0.393594936,1.625921312,0.81819267,0.010544214,-0.545417069,0.186562551,1.264719772,-1.046399417,0.691696128,0.912363029,1.911126435,-0.356246464,0.737355435,1.437605155,1.488760693,0.053635549,1.26514316,-0.712941808,-0.076233306,-0.627921396,-0.049190244,-3.184474398,0.616482096,0.784312418,1.422119894,-0.874429278,-1.226559303,-1.15327969,-1.595042032,-2.123602437,1.098712284,-2.600991129,-0.220148042,-0.118783536,0.846597615,1.705511437,0.215030731,1.027080483,-3.007804855,1.706437573,-0.471604911,0.763326015,-1.630150954,1.277371954,0.820484429,1.70294647,-3.139602644,1.251819667,1.496963262,1.88628146,1.60448567,-0.250129416,1.09767852,0.258973908,-2.150722744,-2.713565382,-1.773134005,-1.373575589,-3.310443018,0.408327674,-0.539053645,-3.366795955,-1.155500151,-1.843895224,1.162744477,1.639171457,-1.158362293,-2.111964733,-0.853315933,-0.395564283,-1.637323116,1.766971435,-0.331982331,-1.843263312,-3.692887476,-0.492167442,-0.670407694,-1.795165262,-1.324634981,-1.558744798,0.255417112,-3.717278929,1.169226068,-1.030019497,-0.717234976,-0.759500681,-2.741090055,0.200979739,-2.338212271,-0.394228476,0.40772921,-1.719252778,-1.775492497,-1.496555755,-0.628296208,-2.611831343,-1.65652952,-0.971803442,-3.223888367,-2.688247574,0.01222497,-1.845793358,-0.945977042,-3.902072675,-2.059638914,-4.422848629,1.239590882,-0.381406843,-0.428324402,-0.698561813,0.637581615,-1.422543494,1.352246247,-0.297597737,-1.703199292,0.229523158,-0.464260155,-2.763034509,-1.441384327,-1.001304106,-3.582719258,0.58556197,-2.302585093,-0.614336,1.164774491,-0.69214768,-0.001701447,-1.618478657,-0.443166975,-0.445818462,-1.889151815,-2.404617819,1.003348774,-3.327017983,-0.973655049,-3.259697819,1.735629938,-1.291347884,-2.843869924,0.374799694,-0.198572897,-0.589868831,-2.656406968,-2.157619323,-0.366292473,-3.294138309,-0.394376811,-0.151753555,-1.217058044,0.467938999,-1.101717104,-0.808109199,-1.28157405,-1.128865332,-0.834941186,-2.125276078,-2.445301395,-2.149006005,-0.417790758,0.150572858,-1.911218909,-1.925519459,-3.327017983,-1.739546598,0.638426968,-3.390257442,0.775786514,0.001399021,0.203348924,-0.111602177,-0.42617815,0.759215781,-2.933696883,-2.983803703,-0.690750056,-3.42651519,-2.734907655,0.431587592,-3.442019376,-3.721402646,-2.351775337,-5.132802928,-0.364419139,-3.278095185,-1.512311202,-3.63818634,-3.153556359,-1.218071729,-2.364460497,0.146089706,1.839120041,-2.586275144,-2.316684017,0.701908686,-1.208650394,0.80079009,-1.925519459,-2.606396547,-1.859182146,-0.948297528,-0.314573768,-1.023041102,1.286446401,0.361304212,-0.215175382,-2.904065085,1.343595607,-3.349554149,-3.755019257,-0.472085795,-1.710363831,-0.415970093,-2.590267165,-1.529702944,0.151432704,-1.745830537,0.239725311,-3.036554268,-1.79275997,-2.774190004,0.745929366,-3.167707538,-1.556371191,-1.031982206,0.001199281,-1.630150954,-2.021927635,-0.027268427,-0.718259881,0.772882149,-1.693363147,-0.958415658,-1.404865747,0.529568867,1.604746927,-0.249359198,0.525615709,-0.377460912,1.070281399,-0.681613945,1.178716533,-1.757937921,-0.554777511,-1.514582381,-1.10021357,-1.210997419,-4.615220522,-2.849037894,0.175464769,0.041621675,-0.6003857,-0.420680274,-1.643511893,-2.787093408,-0.06038715,0.03246719,-0.969164221,-2.115275995,-1.314159763,-2.680921534,1.213101015,-0.995333939,-2.70306266,-2.647896278,-1.526016304,-1.11078609,0.279145741,-1.440539376,-1.874054712,-1.818308804,-2.303585593,-0.923315347,-3.673006105,0.366932158,-0.942121492,0.816735555,-1.489878677,0.150572858,-2.501036032,0.542091706,1.89106167,-0.920047781,1.662485667,-2.023439352,0.792313552,1.475723646,1.416581054,-2.724179583,-3.299543728,0.499987099,1.210541185,-3.272804167,-0.34658318,-0.563523413,-0.562469857,-3.947650183,0.463230745,-1.085597352,-1.35208619,-3.543913684,-3.543913684,-1.213686497,-1.271181554,-1.572623939,0.553310235,0.433015422,0.341886126,-1.028619917,0.44404459,-1.899790213,-2.873514641,-1.38309947,-3.125840959,-1.333701911,-0.719901918,-2.24243117,-2.62554898,0.688536568,1.198457624,0.882402973,-0.10192199,-2.603690186,0.721540255,-0.16629074,1.083430967,0.135666611,-0.821890056,-1.296088093,-0.207516295,-0.308565283,1.156755403,0.745075273,-2.207274913,0.431327768,-0.485482816,1.863971598,-1.026943002,0.293117275,-2.177716111,-0.937003773,-3.550858156,1.29893747,-2.53451715,1.056678565,-1.039871794,-3.092243174,-1.998045903,-3.503230107,0.944139335,0.451712359,-1.561600583,-2.587604048,0.401791703,0.36824772,-0.718259881,-2.040220829,-1.11108981,0.014198719,-0.159347493,-1.528780009,-0.953473523,-0.136736524,-1.073236982,-2.893175685,-0.71539279,-2.609110253,-1.105334834,-0.602210186,-2.232126629,-1.407722309,-2.948848688,-0.555474375,-0.587346762,-2.145581344,-2.216407397,-0.700776208,-2.044846897,-0.33673227,-2.363397232,-0.041655675,-0.976306164,-1.569736546,-0.567395975,-3.713172147,-1.787369121,0.257351723,-1.919365594,-2.181252808,-1.25211318,-1.276543497,0.508563066,-1.979053368,-2.669310373,-0.868930161,0.638321338,-0.975244875,-2.1680542,-1.92346396,-2.165435255,-3.746508567,-3.550858156,-1.636809109,-0.889648801,0.677576586,-2.26336438,-0.698964066,-0.678849876,0.309321248,-0.202483449,0.512224645,0.345007139,0.183154543,-0.017451394,-0.299484785,-0.161695739,-1.974001029,-3.121295497,-0.782634347,1.129723284,-0.655466114,-0.167590592,-2.629701235,-0.988592644,-0.934200152,-1.845793358,-2.040220829,0.165005835,-1.420885806,-0.957633695,-1.807888851,-4.000854219,-3.155901026,-1.555897146,-1.098712294,-1.187115687,-0.60531947,0.692196729,-0.759500681,-0.446287103,-0.532730459,-3.48675527,-1.158680815,-2.842153186,0.187474922,-0.812606621,-1.367668897,1.038295953,0.725565967,0.900852168,-0.10280822,1.514401695,-1.252463013,0.499076877,0.093854575,-1.590125601,-1.564942673,1.181788543,0.326061085,1.901002438,-0.919295241,0.115914625,-0.004811557,-0.608438453,0.368455282,0.90194837,-2.156754645,0.822199808,0.122394608,-0.21183276,0.5873977,0.37692845,-1.665479303,-1.170538028,-0.16546444,-0.666700011,-0.615630738,1.721712471,-0.981629573,0.113060792,-0.206163531,-0.88746035,-0.33477368,-2.475748712,-0.116758561,-0.847231196,-1.243753674,-2.752002089,0.394673757,-1.506881324,-0.155017722,-1.323131786,-2.214574216,-0.290352301,-0.930896884,-1.670250052,0.617830786,-1.826350914,-1.844527535,0.69214668,-0.788997506,-1.781413177,-0.362980497,-1.072652187,-1.182863841,-1.449447176,-0.845366394,-1.898454208,-0.539225098,1.534024473,-0.625301634,-1.365315955,0.54284741,-2.518256629,-2.183913563,-2.125276078,-1.013352445,0.222263164,-2.790345444,0.837983185,-2.02722867,-0.005113049,-1.436325295,-1.540378377,-3.030323718,1.875288401,-1.613948068,1.112515194,1.168107256,1.229494342,1.070349979,-3.155901026,-3.226404091,0.937621603,0.780150224,-0.818710404,0.910353139,-2.165435255,-0.268533254,-2.704556312,1.433225656,-0.414152737,-2.458069996,-1.850236399,-1.286630038,-3.013896244,-3.151217176,-1.405681075,-1.378723096,-3.170085661,-1.236840408,-0.557917231,0.875468737,-1.064210862,-4.615220522,0.034594645,-1.235119533,-1.622523152,-2.402405428,-0.433247489,0.357044876,0.230158886,1.58945967,0.292371062,0.281412459,-2.139616265,0.044782143,0.06024808,-3.630610546,-1.418817553,0.129448067,-0.935983365,-0.594932133,0.619715902,-2.862951162,-0.448790233,-3.684887433,0.4152174,-0.888918785,-1.340938659,-1.444347293,-1.152013065,0.486614895,-0.185005154,-0.590590592,-0.031077956,0.545111102,-1.753885817,-0.421899415,-0.619896719,-1.440961762,-0.474975971,-3.013896244,-0.567219624,-0.488738027,0.084065375,-0.874429278,-3.803168601,-0.291154762,-0.962858368,0.238544348,-1.220779923,-0.398390194,1.154551441,0.418710335,-2.279845606,0.372528608,-1.333701911,0.511025604,-0.47176518,-1.754463684,0.156063136,-0.805868051,-1.622016695,-0.298406036,-2.18036746,-0.475619368,-1.54928399,-0.486783629,-0.532219516,1.406905485,-2.448767603,-2.053384007,1.202461663,-2.392509801,0.371425616,-1.430873405,0.792177704,-1.159318164,0.6143204,-1.546932707,-4.057048777,-0.172212823,0.437738669,-0.583037958,-1.779633289,0.992065885,-2.044074398,-0.47981157,0.008662373,0.932439634,-2.047942875,-1.659153505,0.760057886,-1.749850066,-1.478848343,0.074736346,-0.269842154,-0.959198233,-0.158292579,-1.769019982,-0.201015199,-1.083822203,-1.791559489,-0.809456303,-2.183913563,-1.54975491,-0.805868051,0.592829484,-0.618596449,-0.801177925,-1.584257614,-1.669718843,0.074086543,-2.30058709,-2.170680022,-1.573105983,-0.819617845,-0.078826781,-0.44036716,-0.816219178,-2.278868566,-0.09805394,-0.635255702,-0.983499482,-0.372659156,-2.429282746,-2.747310915,0.358303617,-2.862951162,-1.238564249,-1.143505058,-1.763755273,-0.411885676,-1.5847453,-2.598299337,-1.382700826,-2.445301395,-1.885850393,-1.422958345,-0.477552047,-0.878513368,-0.613227557,-1.26513924,-0.934200152,-1.181885208,-1.812778836,-1.02945943,-1.501929705,-1.532014015,-2.591601388,-0.284354282,-0.897468978,-3.009831198,-0.957112726,-0.068921445,-1.951224244,0.554000049,-1.081165375,0.767094426,0.021565778,-0.436646226,-3.083471188,0.429181635,-1.557794679,-5.149897361,1.107902336,-0.73459437,-0.94160854,-1.707602161,0.066349381,-2.149864006,-1.146018411,0.199506382,1.865985292,1.233609273,-1.88981341,0.457994305,0.52803666,-0.486783629,-2.017406151,0.731117112,0.485200076,-1.86885652,-1.143505058,-1.275110832,-1.254214021,0.738359523,-2.273026291,-1.406905315,-0.69254736,0.804912144,-1.414693836,0.517364201,-0.700574696,-1.047253996,-1.200977295,-0.262534279,-2.140466244,0.251225535,-0.21331699,0.341601914,-1.166034965,-0.325314714,-2.012156795,-1.222136775,-4.017383521,-1.146333025,-1.572623939,0.921079249,-0.291823972,-0.978166136,-2.449925681,-0.478197104,-1.135380013,-0.323792959,-1.352472813,-1.93171143,-3.442019376,-1.512765025,0.364434759,-2.887775132,-2.526979426,0.11270349,-1.9618363,-0.918543267,-0.014910613,0.840704745,-0.351261054,-1.044408235,-1.431291727,-1.852146619,-0.293834292,-0.971803442,-0.984837274,-1.085597352,-0.150125459,-1.019431491,-1.237184939,0.243181445,0.590061852,0.408593543,0.40165787,-0.136163425,-0.806315879,-0.716006475,-0.518689799,-2.578338595,-0.148152041,-1.127629238,1.23279347,-1.014730805,-0.694748462,-0.57963994,-2.950758908,-0.067315707,-0.576787379,-2.157619323,-2.1086644,-0.278392026,-0.166645077,0.189462665,-1.576003136,-0.216913002,0.05259245,-0.615260642,-2.037148629,-1.127629238,-3.589939506,-0.164403056,-1.086189769,0.017938145,-1.704848097,-1.047539018,-0.379358861,-1.869504818,-0.674718045,0.623529114,0.064100925,-0.498403104,-0.259677876,1.553629176,0.053540767,0.915650527,-2.161085531,-3.803168601,-1.796370082,-3.128121462,-1.899121988,-1.524178068,-0.132845913,-1.158999439,-1.366491734,-0.732095931,0.791815352,-1.334461212,0.067004229,-2.505926017,0.328656055,0.228091291,-1.395940738,0.088010877,-0.4272507,0.655964389,0.69194646,0.717888572,-1.10835964,-0.885519073,1.149875583,0.089292107,-1.150748043,0.89023419,0.46203446,1.396962256,-0.523742016,-2.362335097,-5.381698975,-1.899790213,-1.229632551,-2.61319467,0.058174564,-0.392450171,0.481746906,-1.270825111,-2.03408584,1.28945301,-3.513246885,-2.359155444,1.21876289,-0.081752502,0.51234447,0.03758476,-0.760142049,0.211718534,-0.330728762,-0.78745786,-0.483372597,0.506576609,0.292520349,-0.912049738,0.509404615,-0.240925721,-0.861565832,-2.015153052,-0.239145909,-0.304218041,-1.372786011,-0.108922407,-3.083471188,-1.2772606,0.235862324,1.081533947,-1.866914143,-0.834710745,1.530611132,-0.178170186,-2.752002089,-0.434790937,-3.341043459,-3.130407177,-2.321767912,0.946004862,-0.562118918,0.86802443,1.30600579,0.304391686,-0.482562158,-3.203987212,0.829817392,-1.717580071,-2.795243413,-1.556845462,-1.367668897,-1.36963392,-0.88140633,-0.007528266,0.359211724,-1.423788566,-2.512072318,-2.200028505,-0.145603974,-0.669430654,0.449800922,-1.169249368,0.631165388,-3.405205403,-1.350155315,0.673811444,0.726775362,-0.25502129,1.195738999,-1.169571378,-0.093541744,-1.189741222,0.380625818,-0.216043814,-0.392006088,-0.461559382,-0.19735398,-2.373007557,0.12018016,-0.616186139,0.027906953,-0.577856136,-2.491327218,-0.253473901,-0.617668719,-1.444771291,-0.003506139,-1.866914143,0.085076172,-1.7333019,-1.56589961,-0.067101804,0.436640726,0.32461652,0.273532437,0.606989984,-1.001576326,-2.122766666,-1.086486109,0.211961262,0.570583988,-1.129793406,-1.00758399,-0.525770071,0.116893751,-0.847231196,-2.143020523,-2.002480501,1.650311106,1.570218799,-0.289550484,0.37884731,-0.771324962,1.193103952,0.389335726,-0.272465107,-1.119938075,-2.168928708,-0.978432128,-1.657053766,-3.231454607,-1.371208724,-0.612120342,-0.954771719,-0.180443322,-1.891800823,-1.659153505,0.664284636,-0.944947441,0.171934464,-2.281802554,-3.405205403,0.315686269,-0.982163476,0.733617113,0.04315527,0.447054808,-0.481590498,1.787784914,-0.543521007,1.639520849,0.855223512,-0.510825624,0.134356052,-0.968110481,-0.118108088,-0.393783603,-5.02068563,-1.027501661,0.503257054,-0.153151179,-1.00103196,-1.643511893,-2.274969926,-1.351699716,-1.757937921,0.131817425,-0.353821875,-0.405415109,0.48439951,-1.1858055,1.564273168,0.614807189,-0.183922838,-1.066241909,0.873174441,0.217929984,-0.247564326,-1.108662625,0.735679711,1.266468616,-0.811255269,-2.529485693,-2.66068963,1.483534496,-1.680933914,-0.319241541,-1.461880348,-0.704005924,-0.809007067,-3.608221551,0.576051409,1.207048071,1.165678862,0.823166162,-0.333795821,-1.034792776,0.760478673,0.944450498,1.905117916,-0.686171567,1.10024429,1.218437682,-3.199073198,-0.391710143,-1.365315955,-0.121264087,-1.314159763,-3.10554714,-1.692276191,-1.358679194,-0.255795884,-1.921412677,-0.937769764,0.056852812,0.09921165,-0.20383124,0.263824736,-1.080575926,-2.561355822,0.954010319,-0.69254736,-1.35751256,-0.85566611,-0.327671081,-0.922057327,-1.710363831,-0.777616337,-1.295357366,-0.018571386,-1.970407781,-1.795165262,0.121420855,0.239961336,-1.430455257,-2.065144237,1.527598592,-0.588246771,-1.414693836,-1.508236032,1.862776956,0.441861323,-0.721340915,-0.872991807,-1.721487416,0.668393316,-0.530688253,-0.391118514,-0.001901807,0.472126375,0.121952111,-0.541284831,0.223303539,0.258047267,-0.658745754,0.296691367,-1.243060193,-0.463624022,-0.358390701,-2.707550326,0.069805874,-0.482238167,-1.392312433,-0.611751542,-4.283086687,-1.441384327,-0.135132674,-2.091514123,1.078341552,-0.369760183,0.127865371,0.431977203,0.024985253,-0.439280457,0.179985497,0.895312213,-1.127320453,1.755164639,0.960613791,0.111899092,-1.042137442,0.398843232,-0.99398204,-0.183201944,-2.172434409,-1.159318164,-0.759500681,-1.622523152,-1.296088093,-0.21418381,-1.448595387,-1.938636665,-2.614559858,-0.44519395,1.086573445,0.991806284,0.889289456,-3.264919763,-0.220521991,0.355364085,-3.742280231,0.353610253,-0.85943792,-0.992631965,0.186645528,-1.633730605,-0.009949331,-1.318261951,0.339966126,0.128744956,0.988983417,-0.1420245,0.728755608,-1.514127733,-1.722046857,-2.617295838,-1.023875943,-1.015834862,-2.096384262,-0.356246464,0.661398482,-2.946942109,-0.113616727,-3.417326764,1.185615332,-2.666428526,-0.717644812,-2.42249539,-3.597212266,-1.141311043,0.180069022,-2.48530673,-1.403237082,-3.137295838,-1.62964062,-1.787369121,-1.909867558,-1.703199292,0.05287704,-1.413460029,0.795658642,-0.828279855,-1.259485514,-1.009777575,0.339894944,0.894167815,1.316435043,-1.321255965,0.073250462,0.961531748,-1.48943512,-0.663976803,-4.605170186,-1.998045903,1.053754383,-1.299382989,0.907451783,-1.791559489,-2.27789248,-1.393117586,-0.558441478,-2.115275995,0.492437595,-2.646484845,-1.733867991,-5.318520074,-0.521212717,-1.416753569,-0.331424995,-0.729603718,0.352907857,-1.661257661,-1.501929705,-1.613445934,-0.230545881,-0.358963274,-3.264919763,-2.701571235,-1.458005209,0.890028889,-1.284460055,-1.858540503,-2.061208773,-0.461242124,-0.508328744,0.706310167,-0.964168812,0.290428298,-1.023597585,-1.589635285,-4.219907785,-0.834941186,-2.943139823,-1.024154378,-2.042531188,-0.498238508,-1.639381789,0.69823422,0.982378053,0.82540276,-0.496594042,-1.971125398,-0.210597582,-0.615630738,0.790727509,-2.563949857,-0.296117551,1.158828984,-0.487597498,0.239961336,-1.256670593,0.176638774,-2.985781943,-0.918543267,-1.25281297,-1.368061593,0.048885398,-1.408949052,-0.310336763,0.511145573,-0.22752815,-0.616186139,-0.906340401,-1.017493237,-2.652142569,-1.845793358,-1.172151192,0.641116772,-1.152962883,-0.828966904,-2.629701235,0.865586737,-2.929944533,-1.351313392,-5.221356325,-3.31869616,0.313130497,0.355504259,0.035560175,-0.431552443,0.306454758,-0.227277083,-1.840739651,-0.807660567,0.457551421,0.814258006,1.536802701,-1.03563749,-1.927579192,-0.13056437,-1.910543005,-0.086429728,-1.160274949,-1.928954708,0.912483494,-0.644738041,-2.592937394,-0.490696252,-2.410170304,-3.73387682,0.198194906,0.422387775,-1.159955919,-1.623029866,0.335400234,-1.997308712,1.578050439,1.076128069,-0.336312249,0.96941435,-3.003764445,-3.390257442,-2.037148629,-3.081290162,-3.696911626,-0.129084153,0.845396053,-2.742641646,-0.02583076,-1.683084453,-1.079692404,-1.157407335,0.219456763,-0.646263595,0.826409787,0.901136484,-1.657578288,-0.068064731,1.094704664,0.199342541,-2.255701507,-1.657578288,-1.473160294,-1.1248536,-0.973919845,-1.703199292,0.739696741,-0.281700001,0.658969729,0.846039927,-2.244316185,0.141759945,-1.046684196,-1.343618087,-0.29410264,-0.709276562,0.527269676,-0.378190466,-0.710903902,-0.11518641,0.465870098,-1.159636991,-0.976306164,-1.042704657,-2.105374924,-1.057566319,1.183075979,-1.378326191,-0.769812265,-1.09481949,-1.240636789,-0.157824085,0.53245012,-1.367276355,1.703219652,-0.772190388,0.678490291,-0.745704431,-0.989130278,0.651387246,-0.365571544,-0.998314567,-0.072463172,-1.150116132,-1.968258013,-0.868930161,0.272238431,-2.040220829,-0.980562622,1.30719704,-2.092324168,-0.865122445,-0.639796005,-2.558768498,1.060945035,1.165710032,-0.820071874,-0.896243037,0.437157555,-1.711470638,-0.976306164,-0.293566016,0.232777,-0.434636485,-1.1248536,-0.451927983,-0.942891414,-0.494132401,-0.18548656,-2.009915479,-1.147277461,-0.62008261,0.065787741,0.384037161,-1.516858731,-2.106196279,-0.466808738,-1.300483705,1.371104578,-1.878625402,-1.760842367,-0.998857456,-1.648178741,0.150142658,0.944450498,1.581347032,-0.681416258,-1.852146619,-1.060161102,-0.071603419,-0.501040323,-0.209240646,-1.22894879,-0.945977042,-1.161232651,0.22210301,-1.142250746,-0.436955775,-1.601469743,-0.291690094,-0.003706862,-0.636766847,-1.730476241,-0.478519789,-0.233699065,0.602456315,-0.02644665,-0.469203949,-0.303269596,-0.683592968,0.085810656,-0.218778094,-1.989235274,0.461656388,-2.031794888,0.364712556,-0.532900831,-1.531088946,-1.616966179,-0.733552595,0.427683117,0.278161899,-0.942121492,-0.218529214,-1.292075686,-0.429860265,0.188303628,-0.896243037,0.564802315,-0.612120342,-3.755019257,0.945810698,-0.969164221,-0.604220971,1.221861837,-0.294773826,-1.377532855,-1.833206659,-2.561355822,-1.62455155,-1.993630885,-0.723606388,-4.179902451,-2.08828049,-0.715188311,-0.469523744,0.547774528,0.154179251,0.019704583,-1.102018082,-0.697757793,-0.939303506,-1.610438413,-1.099612789,1.33033229,-0.16629074,0.936407035,0.154522039,-0.660486398,-0.516340804,-0.748871329,-0.369904933,0.585728994,0.163223681,0.724500488,-0.910805802,1.019569081,0.224902004,-2.579656986,0.228648372,-0.255537619,-2.667868411,1.107968384,-1.458865054,-0.69174816,0.353540035,0.074829141,1.546221184,1.095641213,0.314956715,0.89665929,-1.123007446,-0.281169989,1.113665091,1.844035614,-0.345593711,-1.498343865,-2.316684017,-2.353878387,-3.144232282,-3.669076827,-2.519498095,0.689339942,-3.141914784,-3.897134393,-2.169803982,-1.397557553,-2.913231052,-0.527463265,-0.237749704,-0.942634707,-1.589635285,-2.491327218,0.199424465,-1.705948813,0.980579222,0.548583729,-3.028255465,-0.813057477,0.983538081,0.743127113,0.925250473,-0.759286983,-0.455548608,-1.135380013,-0.422662133,-1.341703478,-2.111964733,-0.709276562,-0.251928903,-3.304978524,-2.683845512,-0.057841,-2.172434409,0.085627086,-0.035419945,-1.143191332,0.82118853,-2.479322271,-0.195893237,-0.905350792,-2.520741103,-1.674509909,0.226816797,-0.896488105,-2.289668868,-0.963906586,1.89647978,0.087552897,1.577658246,-0.40167231,-1.651302117,-1.854060495,-1.191714907,0.926716197,0.638585393,0.797372052,-0.864172778,0.949454678,1.32135576,-1.416753569,1.56464973,1.338022812,0.437480438,-0.576253429,0.18548322,-2.93935194,0.408128226,-0.693947501,-0.602758181,-0.403317416,-0.230923739,1.725637473,-1.066532395,-3.304978524,0.308366664,-1.080575926,1.38928987,-2.70306266,1.464065259,-0.403167749,-0.805868051,-1.393923388,-0.503022812,-1.080870607,-0.515000995,-0.464419251,-1.737839627,-2.41128451,-0.266051052,-1.034792776,0.370321406,0.909789646,-0.659519,-0.427710717,1.280600457,0.315759195,0.786364262,-0.376149054,-0.113280686,0.425202374,1.056191795,-0.55809195,-0.944175935,-0.722575991,-0.474815186,0.339681368,-0.345452438,1.004484743,-1.21976349,-0.627921396,-0.700574696,0.966337249,1.664531975,0.752830183,-0.576431381,-1.332564039,-0.340379861,-0.496265472,0.441925605,-0.848632083,-0.076449172,-1.641961104,0.883602237,-1.8598242,-0.036249133,-1.551169004,-0.265007755,0.162628923,0.899510732,0.118849134,-0.863698282,0.494818186,0.553597716,0.820660501,-0.562645372,-1.209320411,0.56950954,-0.761211911,-0.641124152,-0.735219957,-2.392509801,-1.836338513,-3.294138309,-2.204551353,-0.039989008,0.151346752,-0.932674211,0.448907666,-2.561355822,-2.274969926,0.426639343,-0.843505062,-1.181885208,-0.297059234,0.135666611,-0.661842331,-0.236102152,-0.547662514,-0.156302994,-0.148964153,0.730731941,0.397231303,-0.811480368,-1.530164732,1.221832369,-0.923567141,-1.080575926,-2.00619108,-2.184802057,-2.669310373,-2.444148657,-3.476999095,0.090663035,-0.072248164,-3.128121462,0.095855486,0.278389026,-1.461017907,-0.14618251,-0.697356025,-1.377136423,-2.636660205,-2.629701235,-2.310617265,-1.277978218,-2.020418201,-3.571985703,-2.828524355,-2.775793853,-3.092243174,-1.937941979,-3.17725415,-1.579393791,-1.388296364,-0.228658732,-2.498599977,1.354571469,0.283372801,0.821980052,-2.344449297,-0.459182391,-2.226550407,-0.867738691,-2.926206211,-0.561768103,0.995175847,0.23617823,-2.128631786,-0.779358877,-1.440539376,-1.418404415,0.867352557,-2.636660205,-0.285018955,-2.556187852,-3.296837366,-0.512159847,1.626059013,0.538946499,-0.486458267,1.604525868,-2.159350925,-2.155027529,-2.175071773,-2.166307475,-0.05794696,0.272847583,1.494722666,-3.335409641,0.226577648,-0.76378426,-2.186581417,0.291624292,-1.611439915,-4.625372893,-0.165582441,0.457424847,0.427617913,-2.237734121,0.254874749,0.37411203,-1.013352445,-0.640934309,-0.202361012,-2.282782466,-1.897119985,-0.513328754,-0.62735944,-1.103222901,-4.017383521,-1.870153537,-1.362968536,-2.451085101,-2.586275144,0.183321057,0.33203383,0.157003749,-0.737517128,0.801956741,-0.365139237,0.453810729,-0.679638831,-2.207274913,-0.017451394,-0.852611955,-2.102096232,1.708432207,-3.21140381,-1.077046511,-0.935983365,-3.713172147,-3.897134393,1.254390215,-0.33477368,-1.766091722,-0.71273783,-2.993734271,-0.388755495,0.885419068,-1.206643033,-1.858540503,-2.440698395,0.485569352,-0.098164249,-1.470981169,-0.939815277,-1.03563749,-0.412489723,-3.098873032,-0.250386288,0.609004412,-2.553613848,-1.766091722,-0.618967782,-0.858493633,-0.264095763,-0.804525769,1.014360736,0.531039931,-3.020024966,-0.308837615,1.39448572,-1.581822745,0.930311973,0.278918787,-0.399582445,-0.472085795,-2.145581344,-0.123863987,0.914168481,-0.722988023,0.321648622,-1.703199292,0.588841664,-0.814862939,-1.790360448,-0.225396086,1.16633324,0.020782539,0.461089012,1.273545508,-0.521718065,-0.910805802,-1.054117049,-0.996958635,0.884593645,-0.993441791,-1.692819521,-4.96184513,0.808928214,-2.218243945,0.773066804,-0.701986129,-1.508688009,-1.723166678,0.114488726,-1.275110832,0.522951804,-3.408221997,-3.537017105,0.827809184,-0.235469201,-1.628111178,1.448752595,0.284050486,0.221221706,0.928733005,0.538304595,-3.291446518,-1.977607236,-1.392714929,-0.736472305,-1.642994696,1.897664836,-1.489878677,-0.805644212,-2.590267165,-3.172469452,1.002688587,0.544589166,-0.035419945,-2.023439352,-3.611918413,-0.076233306,-2.868218953,-2.530741186,0.333396082,-0.70623242,-1.26940061,-2.675099101,-3.139602644,-1.170215708,-1.505979204,0.449864695,-0.819164021,-0.589327852,-1.373970611,-1.612944052,-0.142947009,-2.63108916,-0.87251311,-1.201642189,-2.742641646,0.762253379,-1.872102222,-1.005941954,1.239272378,1.158703435,-0.583396317,-3.684887433,-0.069778895,1.787734714,-0.138113302,0.214062443,-1.345152418,0.163308618,1.403225222,-0.054033888,-0.196623342,-0.567748771,0.382878609,-1.060449828,0.406264788,-1.458005209,-1.350155315,0.707543061,-0.688358664,-4.283086687,-0.228658732,-0.17757285,-2.3330443,0.378162426,-0.52239226,0.013902905,-0.89037935,-0.852377406,0.062880898,-1.913927103,1.049071843,1.445317702,-1.399987688,-1.804236991,-1.503277717,1.489144228,-0.161813296,0.342880233,0.554689387,0.821056549,-0.381846243,-1.976163192,-1.773134005,-0.672756491,1.215150105,-0.45870767,-0.995333939,-1.079986825,0.735392162,-1.129793406,-1.404051083,-0.515168373,-4.327538449,-3.165335058,-0.443634374,-0.529668712,-1.938636665,-0.683791086,-3.218875825,-0.794294363,-1.161232651,-2.845589615,-0.534094251,-0.491349847,-1.558744798,0.198932823,-1.668126909,-0.026138658,-0.512159847,-0.647409289,-1.114436839,-5.521460918,-1.312300681,-1.236840408,-0.973390324,-1.337123317,-0.6361999,-2.673648774,-0.406015259,-0.364707116,0.177225259,-1.855338451,-1.128247094,-0.852377406,-0.926846246,-1.901797574,-0.885034342,1.047178634,-0.535289096,-1.661784393,-1.676112046,-0.389640973,-0.359679453,-0.370049703,-1.028060633,-0.42007126,-0.930389656,-1.546463113,-2.093134869,-1.893792195,-0.408419468,-1.943513024,-2.369793843,-1.685239626,-2.051826375,-1.430455257,-1.899121988,-3.026191481,-4.635629393,-0.656622406,-1.234432012,-0.042072776,-0.816671667,-0.105360516,-2.251891979,-0.867500568,-1.897786874,-0.201993793,-0.850268936,0.465556254,-0.663200104,-1.462311848,-0.078285918,-1.999521919,-0.363555705,-0.801400766,-0.987786734,-2.635264531,-5.991464547,-2.515778313,-1.243753674,0.171934464,-2.223773913,-0.406765954,-2.32585372,1.005326725,-3.887330393,-2.287696481,-1.881246636,-1.067986095,-1.815232825,-0.768086267,-1.197659442,-0.670798777,-1.490322432,-0.108810906,-0.837710632,-0.183682482,-1.425035189,-0.080884729,-0.640364995,0.310274921,-1.661257661,-2.338212271,-2.713565382,-0.845832268,0.607589292,0.129535921,-2.968117107,-2.750435918,-1.680397001,-0.654118794,-1.04867992,-1.670781543,-0.476424197,-2.997734276,-0.754597143,-0.469523744,-0.595838998,0.184735308,-0.46203546,0.294980375,-1.419230861,-2.235861461,-0.115747609,0.578689859,-2.915074371,0.139674982,0.035463664,-0.533412122,-2.719616837,0.448396875,-0.399135184,-0.604220971,-2.752002089,-1.210326278,-2.456902453,-1.475344178,0.284351532,-1.470545914,-2.742641646,-1.886509806,-1.358679194,-0.870123051,-1.922779732,-0.292493629,-0.705219762,0.805403863,0.145052272,-1.792159549,-0.336312249,-1.437587656,-2.349676701,-2.156754645,-1.439273286,1.167765147,-0.290352301,-1.031701583,-0.01582455,-0.825764705,-0.509659637,0.562183916,-2.383795148,0.235467301,-1.430037284,-0.132389188,-2.065933192,-2.688247574,-0.221395081,-1.065370955,-0.308020843,-2.95459033,-0.47096409,0.1645818,0.232935454,-1.642477767,-1.323507373,-0.796953349,-0.844667988,-0.378190466,-0.174948802,0.059871397,-1.684161459,-0.238257189,-0.674914412,-1.71981097,-0.505174952,0.153493321,-1.117795108,-1.329914028,0.441668453,-1.554003206,-1.454573202,-0.310200384,-1.90851803,-1.776673832,0.918208891,-1.488991759,-2.351775337,0.714223506,-0.661454734,-1.444771291,-0.011870173,0.672178874,-0.859201765,-0.40947313,0.182654835,-1.408131056,-1.48236483,-2.278868566,-3.476999095,-2.390324007,-1.726533684,-0.97418471,-0.483210457,-0.961288098,-1.022484928,-2.517016704,-0.192614346,0.044016885,0.076497971,1.51266266,0.058929068,0.629514915,-2.158484749,-0.852611955,1.04450803,-0.858257701,-1.551169004,0.086452888,-0.117433097,-2.071473372,-2.155890714,0.408128226,-3.321462414,-1.115961927,-1.789761467,-2.823461053,-0.57234648,-0.497087098,-0.858729621,-2.228405695,0.123897637,0.240354588,-2.473373414,-2.163693094,-0.818030363,0.8329526,0.299734153,0.170417652,-0.862276144,-2.694147296,-0.982430534,-4.803621125,-1.640412717,-1.551640814,-0.417335281,-0.0438474,-0.273647683,-0.639796005,-0.079584479,-1.658628157,-1.234775713,-1.64713978,0.52803666,-1.313415716,-0.313341819,-0.641883887,0.845739504,-0.30069977,-1.560171671,0.929364891,-0.414909567,-1.012251123,-0.83632495,-0.795179906,-0.576431381,-1.379517377,1.061187296,-1.600478171,0.208557693,-2.683845512,-0.55321134,-3.540459449,-0.077961541,0.545806593,-2.444148657,-0.275753502,-0.091019398,-0.101589856,-0.657780037,0.679808616,-1.193032864,-0.703197516,-0.109591677,-1.078515587,-2.247150386,-0.742337425,-4.074541935,-0.489553488,-0.843737539,-2.1680542,-1.909867558,0.500835892,-0.966269102,-2.210917904,-0.516005684,-0.238511028,-0.027473977,-1.660205029,0.588231011,-0.463624022,-3.952845,-5.496768305,-1.414282398,-0.647600366,-1.763172012,"EWS"
"2",-0.078177781,-2.415753791,0.412771683,-2.825145973,-0.626236475,0.054488185,1.429497518,-0.120248573,0.456791735,0.15905293,1.145909275,0.380694159,1.55652225,0.008166563,0.158711691,-0.274173722,0.325411289,1.647773619,-1.299016353,1.249787116,0.548988085,1.698236026,-0.836555764,-0.117883041,1.620021706,1.091251934,-0.444725822,1.330781651,-0.631863952,-0.36686959,-1.340556469,0.451903302,-2.179482896,-0.117658043,0.559844333,1.047178634,0.553540226,-1.052683357,-0.045939232,-1.935168053,-0.388018195,1.039534387,-2.341325921,-0.392894451,0.011038847,0.702651868,1.163025802,0.024497472,0.88673833,-2.037915795,0.763559045,-0.275753502,0.184652172,-1.322005871,1.629573818,-0.03035612,1.654028796,-2.605042451,1.061394901,0.768996493,0.617830786,1.301716385,0.165175398,0.716277598,1.015918849,-2.528231775,-2.562651998,-2.488914671,-0.976837232,-2.574393816,0.410187274,-0.424953785,-1.069150579,-1.660731207,-1.392312433,1.086134767,1.12336994,-1.05010788,-2.583622623,-0.076341233,-0.495937011,-1.723727059,1.64157591,0.181487876,-0.584651584,-3.186892779,-0.184043038,-1.419230861,-0.861565832,-1.906497147,-1.738977284,-0.299349877,-3.381394754,0.574138394,-1.840739651,-1.408949052,-1.038740892,-1.845793358,0.617561194,-2.289668868,-0.136851183,-0.285151943,-0.988055298,-0.794073099,-0.637523277,-1.240291067,0.855478592,-2.304587096,-0.084577976,-2.342365963,-2.755141809,0.415679431,-1.32915817,-0.464896692,-2.701571235,-1.722606611,-3.068302966,1.202581837,-1.791559489,0.163733192,-0.24551698,-0.076233306,-1.8598242,1.315281594,-0.920800887,-1.432547746,-1.03423003,-0.134789326,-2.264326381,-0.180563104,0.152549398,-2.646484845,0.704433253,-0.272596435,0.058080211,-0.072893326,-0.263835346,0.430677911,-1.061894706,-0.521886571,-0.687960654,-0.625862434,-2.882403588,1.433917178,-2.469821012,-1.174737679,-2.445301395,1.02403241,-0.844435295,-2.650725134,-0.337432698,0.459132249,0.120268832,-2.22192719,-1.376740148,-1.37436579,-2.893175685,-0.058582957,-0.308565283,-0.811030221,0.542324291,-1.373180722,-0.722575991,-1.965398826,0.427161366,-0.047720736,-1.856618042,-1.833832246,-2.617295838,-0.019692633,0.549911712,-1.342468882,-1.826972225,-2.818423259,-0.610830138,0.400787519,-2.66068963,1.001109707,-0.062088192,0.661708112,-0.360682965,-0.868930161,-0.254376254,-2.790345444,-1.350541191,-0.116758561,-2.361274089,-0.909315118,-0.536485371,-2.685310714,-2.821778966,-1.008131936,-3.141914784,0.495366749,-2.582298996,-0.517850239,-2.496169842,-2.423623421,-2.23305903,-1.752154215,-1.830708219,1.805136266,-2.609110253,-1.217058044,-0.052241112,-0.797397202,1.106481247,-1.065080805,-0.683394889,-1.298649851,0.03333806,-0.74675895,-0.246412178,1.370774549,0.937229968,-0.96942783,-2.353878387,1.406391063,-2.95651156,-2.26144315,0.19062036,-1.28880474,-0.179844627,-2.163693094,-1.145075163,-0.057311367,-1.003756758,-0.108365025,-2.32995629,-2.049494465,-2.793608089,0.992473693,-2.319731252,-1.352859585,-3.005782609,-2.724179583,-1.550697417,-1.311929279,-0.960765222,-0.616371342,1.39884033,-1.528318861,-0.884549846,-0.562820919,0.269416264,0.792494654,-0.486783629,0.81726566,-0.990744918,0.404130885,-0.732095931,1.537254241,-1.328402883,0.317216603,-1.701005106,-0.88746035,-0.250001005,-3.473768074,-3.223888367,0.163478469,0.184652172,-0.039676817,-1.414693836,-2.1086644,-1.415105443,0.150314761,-0.765502843,0.245843937,-2.420243136,-1.202973304,-1.810330855,1.066364541,-0.464101084,-2.023439352,-1.976163192,-1.883874758,-1.427116356,1.123434974,-0.971539206,-0.4167283,-0.960765222,-2.973970782,-0.510325749,-2.001000115,1.156755403,-1.633218441,1.459358932,-1.933783969,-0.155835432,-2.218243945,-0.388460509,1.768013075,0.096128027,1.163275802,-1.361406646,-0.506003933,0.983687664,0.479520698,-2.022683208,-2.410170304,0.712606612,1.142182503,-3.151217176,0.447821924,-0.363843433,-1.356347285,-2.725705136,0.900689666,-0.300294611,-2.065144237,-3.174858939,-1.905152157,-1.508236032,0.083881484,-0.764643182,-0.28143496,0.738646221,0.472687524,-0.850737101,0.621221441,-1.115656723,-2.065933192,-1.223835433,-2.380546634,-1.759098687,-0.039884934,-1.047253996,-1.823250136,0.735344229,1.389190164,1.12109107,0.607752678,-2.501036032,0.915810617,-0.351687402,0.840963555,0.078256498,-1.275826908,-0.885519073,-0.6314878,0.293042679,0.999049747,0.526974526,-1.909867558,0.661914478,0.303653842,1.525730163,0.279826296,-0.086102699,-0.832409248,-0.369326061,-2.790345444,1.176745482,-2.276917346,1.30603288,-0.511325749,-2.396895772,-1.726533684,-2.282782466,0.691345559,0.43379338,-1.283737773,-1.894456867,0.054866901,0.112524791,-0.287948775,-1.725410089,-0.565105831,-0.767224384,-0.049715592,-1.570698084,-1.242020872,0.250291683,-1.435904862,-1.282655326,-1.490766383,-1.945610194,-0.558791128,-1.322381035,-0.601479992,-3.286084575,-1.981226494,0.073343394,-1.153913604,-1.616462527,-1.558744798,-0.573233084,-0.667674385,-0.509992637,-1.091537375,0.032563991,0.014494446,-0.937259038,-0.666115842,-3.438899249,-1.243753674,-0.59293992,-2.010662026,-2.379466137,-1.371997056,-0.415970093,0.259668326,-1.103222901,-1.812166279,-0.502196297,0.439802121,-0.117658043,-0.252701104,-0.055724149,-1.532939941,-2.107018309,-3.055482278,-1.099612789,-0.509160344,0.649665402,-1.77608299,-2.479322271,-1.618478657,0.257429029,0.189710855,0.547601042,0.717791011,0.101472969,-0.136621878,-0.505838082,-1.023041102,-2.3816283,-2.177716111,-1.025547718,0.790319262,-1.030299648,-0.193827497,-2.362335097,-0.991014278,-1.055265484,-1.585721386,-1.338266392,-0.045625178,-0.973919845,-0.232688964,-1.122085645,-2.795243413,-2.414634597,-0.913295223,-0.116084479,-0.982163476,-0.473529839,1.251590853,-0.422662133,-0.349415642,0.357464632,-2.95459033,-0.643214812,-2.376231633,1.05344057,-1.646620704,-0.887703275,0.4158114,0.754618503,1.038402164,-0.150590359,1.43200837,-1.008406021,0.279675102,0.381786981,-1.348613294,-2.224698554,1.489347216,0.398507628,1.7523254,-1.097213268,-0.564929883,-0.631863952,0.415085351,0.750188921,1.143617521,-1.6533898,0.841998127,-0.723812595,-0.474011651,0.532861051,0.358373501,-1.292439786,-1.996572064,0.6019087,-0.557044098,-0.338273859,0.790047005,-0.913544506,-0.145951055,-0.161225648,-0.963906586,-0.418702335,-2.045619993,-0.283291724,-0.432630776,-0.769812265,-2.513306124,-0.50120538,-0.819164021,-0.091128933,-0.892818376,-1.359847191,-0.211338506,-0.831260483,-1.711470638,0.857983423,-1.389900857,-1.69936262,-0.067636649,-1.870153537,-1.23065907,0.162543929,-1.443499835,-0.707043286,-0.021325787,-1.212004976,-2.823461053,-0.896488105,0.675848416,-0.445037883,-0.180802711,1.397036458,-2.828524355,-1.79275997,-2.70306266,-0.120474153,0.244435265,-3.076942329,0.613075306,-2.566550639,-0.653734178,-1.870802677,-0.906092907,-2.466281186,0.874801848,-1.093923299,1.220741422,0.565484249,0.560415468,1.309521302,-3.066154738,-2.941244088,0.236730825,1.072678907,-0.817577259,0.212931586,-2.02722867,-0.877791433,-1.86885652,0.777166586,-0.661260992,-2.168928708,-1.598003535,-1.084709383,-2.449925681,-2.866459938,-1.718137329,-1.529702944,-2.449925681,-1.129174594,0.412308307,-0.136965855,-0.453185844,-3.07045582,-1.24098263,-0.55739326,-0.522898205,-1.806061254,-1.071483621,0.740793834,-0.40661577,1.624661444,0.763372625,-0.38580955,-2.61866664,-0.664171072,0.083881484,-2.603690186,-1.624044065,0.099121091,-0.444101992,-0.897959775,1.311786309,-2.289668868,-0.600567999,-2.973970782,0.670952695,-0.83632495,-1.021373508,-1.491654877,-1.418404415,1.173874357,-0.823711551,0.100930719,-1.289893867,0.57306776,-1.60743991,0.723045731,-1.588655373,-2.164563795,-0.929629296,-1.363750397,0.732704376,0.021272135,0.337757125,-0.088503399,-2.840439389,-0.658939009,-1.032543689,0.145138766,-1.630661549,-0.719901918,1.015303141,0.725372328,-1.701553201,0.783170683,-2.049494465,0.517840959,-0.156186083,-0.776746204,0.405065028,0.062786988,-2.35598587,-0.094200795,-0.785043195,-0.975775379,-1.005121946,-0.410226425,-0.52915933,1.317292561,-2.051826375,-1.300850879,0.527800728,-2.137070655,-0.321169917,-0.310473161,-0.249230886,0.147730112,1.005399907,-0.493476985,-3.199073198,-1.0761661,0.819867933,0.171176346,-2.165435255,1.350796709,-0.840951375,0.250447386,0.100840315,0.427683117,-1.438851612,-1.375552265,-0.134446097,-1.337504197,-1.581336482,-0.804749357,0.232142935,-1.484127721,-1.638866723,-1.184497028,0.979641047,-1.541779264,-0.57234648,-1.683622811,-2.407945609,-0.372804326,-2.054163734,1.010072471,-0.04019719,-1.928954708,-1.960414835,-0.131932671,-0.821435201,-1.528318861,-1.18678798,-1.299382989,-1.763755273,0.097580328,-1.302320927,-0.562118918,-2.44184716,-0.556520583,-0.436336772,-1.968974089,-0.164520932,-2.072267338,-2.118598257,0.197045952,-2.63108916,-1.03423003,-1.199980783,-0.869884359,-1.022206957,-1.360236827,-2.070680036,-1.677181565,-2.064355904,-2.070680036,-1.432128897,-0.267618041,-0.149660775,-0.502361545,-1.33484108,-0.709276562,-1.021095846,-1.257022025,-0.545934801,-1.350541191,-1.536187451,-1.880590683,-0.434790937,-1.410996974,-2.343407088,-1.251064412,0.199260611,-1.822631133,0.4204194,-0.857550237,1.188574862,0.2469382,-0.293431904,-2.385966702,0.931770303,-0.662424008,-2.924342277,0.380489122,-0.289016295,0.20261426,-1.404458332,0.757060506,-2.384880336,-0.892330094,-0.333377032,1.621623367,0.720859619,-1.504177402,0.404731506,0.595368958,-0.593301846,-0.815993011,0.380830827,0.354241987,-0.8703618,0.094946477,-0.094750337,-1.047824122,0.614969399,-2.144727008,-0.290352301,0.051168287,1.144700393,-1.193362625,0.184070027,-0.22589734,-0.455548608,-0.978964326,0.147988878,-2.177716111,0.56996208,-0.285284948,-0.814411268,-0.856843273,-0.647027245,-1.635268672,-1.131652143,-3.10554714,-0.737099068,-2.478129666,-0.111490376,0.115023677,-2.009915479,-1.533866726,-0.597291695,-0.4547604,0.415283417,-2.050271164,-2.145581344,-1.01252634,-0.925583779,-0.0329365,-1.183190265,-2.234926445,-0.350976923,-0.813508537,-1.439695138,-0.78329073,0.504646573,-0.131476363,-1.884532869,-1.745257636,-1.790959789,-0.985908799,-1.918003196,-1.918003196,-1.16219127,-0.069671673,-1.900458886,-0.955291469,-0.166526951,0.890069952,0.48931594,-0.485970423,-0.908322562,-1.005668543,-0.315121788,-0.680230955,-2.087473713,-0.223143551,-0.623248053,-0.017044435,-0.540597782,-1.412227743,-0.430321484,-2.273997636,0.37829944,0.577567965,-0.804078741,-3.272804167,0.086728004,-1.167319487,0.396424363,-0.428631386,0.990098659,-0.239527031,-0.600203435,-1.680397001,-0.461242124,-2.615926912,0.623046553,-1.472724089,0.130238477,-1.949817774,-1.117489344,-0.502526821,-0.427404016,-0.552516051,0.457045028,-0.308020843,-0.410829471,-0.908570609,1.732504742,0.517244976,0.405198406,-1.800598418,-3.083471188,-1.211669011,-3.321462414,-0.628108784,-2.07544952,0.261671717,-1.162511015,-1.081165375,0.366793577,0.371770432,-0.120248573,-0.300969967,-2.107841016,-0.243856593,0.019214219,-0.905845474,0.116982715,-0.286615974,0.477661731,0.850492751,0.625510532,-1.835711357,-0.434173272,0.457804522,0.198112882,-0.050030934,-0.137309951,0.780058553,1.321889164,0.468752847,-1.543650172,0.011829752,-2.647896278,-1.272608597,-2.374081095,0.170333317,-0.198572897,-0.166881372,-0.335193055,-1.054404034,1.379294922,-2.474560358,-1.859182146,0.158028864,-0.402718882,-0.200159715,0.683854134,-0.810580277,-0.381553288,-1.07031642,0.286080791,-0.341786331,0.004390348,0.384377656,0.053256366,0.908137585,-1.406497068,0.274748797,-1.323507373,-2.140466244,0.39386475,-0.478842578,-0.124430078,-1.799388496,-0.296924654,0.629141851,0.075663904,-0.692747261,-0.382139283,0.358443379,0.100297721,-1.684700397,-1.404458332,-2.544656654,-2.405725852,-1.777265023,0.675135948,-1.10262031,0.632547558,1.419342215,0.061001022,-0.070207895,-2.573082341,0.17386927,-1.667596827,-2.512072318,-2.36765709,-0.120135801,-0.637712474,-0.643405089,-1.028899676,-0.287282152,-2.494956986,-2.085862109,-1.010876174,-1.213686497,-1.850236399,0.400921468,-0.800064463,0.879792709,-3.335409641,-0.418702335,0.724597397,1.115698812,-0.67648674,0.370321406,-1.40283033,-0.219649662,-0.265790126,-1.251064412,0.409257906,0.779921029,-1.217058044,-1.320132159,-1.722046857,0.315102668,-0.21927604,0.867016451,-0.374402583,-2.44184716,0.008959741,-1.556845462,-0.939303506,0.302915453,-0.723812595,-0.565986035,-1.707602161,0.685971497,-0.382432409,0.679200374,-0.343053848,-0.539739634,1.186623166,0.157431008,-2.636660205,-0.202728367,0.144879261,-0.232184296,-1.689022392,-1.277619344,-1.119938075,-0.321445703,-0.419919065,-2.294616923,-1.130102956,0.229761604,0.814966504,0.212769931,0.441089619,0.123190611,1.598356742,0.437028373,0.320197664,-0.637523277,-1.258781041,-1.655481851,-0.368169323,-2.294616923,-1.242367192,-0.776963667,-0.562645372,0.062505205,-0.864647499,-1.690105816,0.792177704,-0.90017135,0.650709298,-1.857899272,-2.406835114,0.193755934,-0.902634405,0.375555578,-0.092115289,0.583722863,-0.84769794,1.78332399,0.279750702,1.792725669,0.659331832,-0.491349847,0.480448887,-1.1248536,0.87455165,0.440639183,-3.144232282,0.915770597,1.082923189,0.736876943,-0.388755495,-0.783509621,-1.012251123,-0.651429587,-0.676290063,0.411182068,0.154179251,-1.002665948,0.788911803,-0.865835288,1.132627167,-0.284088537,-1.068568167,-0.812155967,0.545400948,-0.786140047,0.090023503,-1.058430499,1.020830911,1.311759375,-0.752260445,-2.094758246,-2.649309706,1.237156098,-1.097812608,0.129096573,-0.611935925,-0.491022996,-0.345593711,-2.831914188,-0.405865188,1.566321621,0.21913553,0.325194597,-1.129793406,-1.710363831,0.549334545,0.820308326,1.395303655,-0.029325829,0.844579884,1.433607244,-1.389499492,-0.467127769,-1.256319285,1.348670373,-1.024154378,-2.774190004,-1.076459484,-1.434224895,-1.135068826,-1.989966535,-0.868930161,-0.220521991,0.066817173,0.181821432,0.877757782,-0.533582611,-1.897119985,1.675375454,1.166831528,-0.926846246,-0.29021862,-0.950623411,-0.497087098,-0.453343188,-0.317866404,-0.395861372,-0.68299885,-0.715801871,-0.983232138,-2.831914188,0.504706943,-0.424800844,-1.531088946,1.46672161,-2.53451715,-0.440056553,-1.539445541,0.427617913,1.122784441,-0.696552974,-0.736054682,-1.520054351,-0.157121756,-0.813508537,-1.342468882,0.112435429,0.423828792,0.004091618,-1.919365594,-0.607703699,-0.388460509,-0.017146159,0.219777894,0.041621675,-0.425259735,0.629834574,-1.526476392,-0.07192574,-1.206643033,-1.279414999,-0.576787379,-1.358679194,-0.632804952,0.304907853,-1.308222826,0.093490343,0.935465711,-0.899433615,1.138890135,-0.767655233,0.191529038,-0.043429558,-1.489878677,-0.896243037,1.683041472,0.469190799,0.818766102,-1.178305058,-0.374548005,-0.76593295,0.5132427,-1.417166025,-0.851205485,-0.602940913,-0.989130278,-0.636955901,-0.502361545,-1.379914754,-2.739540868,-1.522343206,0.521765564,1.334764197,0.043921187,0.971498355,-2.806766174,-0.46235297,0.281940622,-3.125840959,-0.804078741,-1.163470861,-0.674521716,0.346776112,-2.177716111,-0.465533635,0.047455941,0.579474436,0.422322225,1.09560778,0.023032699,1.013344845,-1.823869523,-0.819164021,-0.234710188,-1.715910157,-0.316218731,-1.245489485,-0.948813924,0.200488861,-1.592089274,-2.168928708,-2.401301066,0.52614764,-1.445195469,-0.182001608,-1.450726221,-2.471003745,-0.554255182,0.108226405,-0.72649716,-0.689354382,-1.595042032,-0.752260445,-0.361687486,-0.340239323,-1.581822745,-0.302322049,-1.708153885,0.375555578,-0.652965391,-0.749717532,-0.428017513,0.184236389,0.248031267,1.014288207,-1.54928399,-0.672168774,0.84303163,-0.005012542,-0.251414433,-3.057607677,-0.56141741,-1.765507098,-0.299484785,0.760805829,-0.664171072,-1.691190414,-1.190727578,-0.16511052,-1.968974089,-0.718054816,-2.184802057,-0.253731633,-3.445149269,0.486860746,-1.311929279,-1.003211204,0.164921042,0.163393547,-2.528231775,-1.087672349,-2.044074398,1.064400344,-1.056127677,-1.55353028,-0.863698282,-1.698815724,0.476482595,-0.318966362,-1.554003206,-1.741256487,-1.125161624,0.544763175,0.587786665,-0.988592644,-0.86298696,-0.292627615,-1.95828642,-3.39620984,-1.078809661,-1.492544161,-0.662811981,-0.417183501,-0.765717873,-1.633218441,-0.651621434,0.995988765,1.258688237,-1.683084453,-2.617295838,-1.982677873,0.198604927,-0.303946965,-2.128631786,0.324327357,1.746587751,-1.697722827,0.472687524,-0.391562203,0.966451385,-2.304587096,-0.48694635,-0.887703275,0.278691781,-0.287948775,-0.740448454,-0.744651023,0.500411585,-0.558266698,-0.482562158,-0.868215109,-1.187115687,-2.357041279,-0.071603419,-0.173163619,1.204022803,-0.645119212,-0.200037563,-1.631172405,1.077763114,-1.444771291,-0.566338334,-3.223888367,-2.561355822,0.363600904,0.606335784,0.172187042,-0.711514838,0.684913376,-0.004510155,-2.922481812,-0.882614206,0.979641047,0.820044114,0.693447136,-0.713145827,-0.073323664,0.310274921,-0.347432077,0.103909463,-0.616371342,-1.38309947,0.593768737,-0.083381609,-1.661257661,-0.441766088,-1.847695102,-3.11451581,-0.313889165,0.451457712,-0.167827111,-0.578212642,0.217769135,-1.011700917,1.606012051,0.646736683,-0.413396478,0.726823707,-1.379517377,-2.657832485,-1.628111178,0.256191405,-1.963972292,-0.165818485,1.18096003,-1.890475442,0.250447386,-0.670994376,-0.904362161,-0.445506158,0.229602646,-0.549566452,0.568886963,1.052707956,-0.50385001,-0.705219762,-0.551647618,1.08973971,-1.932401799,-0.759928214,-1.293532881,-1.793961893,-1.121164693,-1.243060193,-0.341927087,-0.752897185,-0.016129382,0.823824504,-2.18213894,-0.136163425,-1.16315081,-0.835402228,0.164157586,-1.378723096,0.799532171,-0.908570609,-0.582142623,-0.333795821,-0.167235919,-0.545072062,0.13374387,-0.495444522,-1.773134005,-0.586986985,0.545111102,-1.458865054,-0.254763226,-0.401522889,-1.215708061,-0.225396086,0.24553107,-0.802069588,0.937699911,-1.592089274,0.234755867,-0.711718566,-0.400029906,-0.105916226,0.299511824,-0.553385238,0.074829141,-0.773706688,-0.360539545,-0.508661301,0.399245808,-1.282655326,-0.656429598,1.575901811,-1.220779923,-0.454917992,-0.065071997,-1.601965898,0.170923512,0.565825042,0.089566443,-0.350976923,0.781570061,0.0835136,-1.758518135,0.705717838,0.008364916,0.098758772,0.276570568,-0.626984978,-0.271283927,-0.277599737,0.068125829,-0.708260818,-0.21716148,-1.300116665,0.335185695,0.847369286,-0.743178114,-1.121471583,0.219697621,-0.997229674,0.464614132,-1.49209942,-1.233744963,-0.473048259,-0.392598242,0.066442957,1.122166042,0.755981125,-1.054404034,-0.055935632,-0.2424538,0.528331498,-1.333322476,0.484029801,-0.558616288,-0.487434671,-1.755041886,-0.469523744,0.572560218,-0.867976872,-1.090346544,-0.160638346,-0.447225042,-0.428938464,-2.198225078,-0.340942212,-0.087738914,-0.25812327,-0.003706862,-0.943148186,-0.321169917,-0.422814746,-0.95503156,-0.132731712,-0.187052731,0.262056525,-0.447068658,-0.410226425,-1.667596827,-1.307483181,-1.128865332,-1.234432012,0.700867304,1.429521461,-0.112832808,-0.756939314,-1.266202881,0.573969423,-0.966794864,0.168645126,-0.080126044,-0.015113638,-2.18213894,-1.065370955,-1.2772606,0.398440493,0.007868958,-0.446755963,-0.724225136,-1.48456893,-1.92004749,-2.168928708,-1.493434237,-0.558616288,-2.490120217,-1.976884953,-0.567748771,-0.88673193,0.948293148,-0.127719742,0.17889904,-1.697176827,0.209855657,-0.547835449,-2.58893472,-0.510658971,-0.214679473,0.298473634,1.308035478,0.091028298,-0.711311151,-0.816219178,-0.03334998,-0.464419251,0.066162202,0.096400494,1.096877451,-0.405115169,0.72440357,0.884180678,-1.654958428,0.457298257,0.32215596,-1.774312556,0.698781279,-1.320506621,-0.421746941,-1.033386504,-0.200281882,1.685250146,0.720567776,1.163119559,1.01250959,-1.415105443,-0.086102699,0.499623109,1.053475443,-0.891598119,-1.749850066,-2.3892329,-3.015934981,-0.383605774,-3.343872315,-0.579818495,0.994732158,-2.997734276,-2.643667942,-2.33407576,-1.136937403,-2.109488463,-0.812606621,0.099030523,-0.905598102,-2.216407397,-1.457575563,0.320125061,-1.458435039,1.349837824,-0.369470748,-2.87528612,-1.227924025,1.30695349,0.929522801,0.652897939,0.573575045,-1.197659442,-0.942121492,0.042101176,-0.575364145,-1.261955087,-0.067957693,-0.110149744,-3.107781777,-2.374081095,-0.108365025,-2.563949857,0.658555736,0.345715104,-2.946942109,0.762673243,-0.686370196,0.140109708,-1.03732906,-1.227241431,-0.789437841,0.212769931,-0.586986985,-1.404051083,-0.992901834,1.605510209,-0.791863153,1.641750202,-0.850737101,-1.015006705,-1.160274949,-0.809456303,0.969869413,0.524432627,0.357954125,-0.379943571,0.916770617,1.096944232,-0.172212823,1.659769745,1.161931317,0.166530871,-0.39705061,0.707247305,-1.773723107,0.931533961,-0.179964337,-0.524079739,0.134618302,0.375349484,1.157069858,0.406264788,-1.750425606,0.298028365,0.187226176,1.701962398,-2.047942875,1.608977807,0.215514524,-0.398688124,-1.563508981,-0.024600117,-0.676093426,-0.110484733,-0.354819523,-0.999672341,-1.67504367,0.230714817,-0.919796871,0.237756264,0.129008681,-0.749929195,-0.2390189,1.067568718,0.550949775,0.284878145,0.454001272,-1.184823985,0.612804428,-0.361974677,-1.453717037,-0.515503213,-1.022484928,-0.654695994,-0.064111945,-0.872991807,0.15229181,-0.821435201,-1.127938118,-0.442232832,-0.129994797,0.840186923,-0.191644884,-1.189084192,-0.62960916,-0.575186383,0.527918701,-1.384296358,-1.152962883,-0.973125669,-0.834480357,0.54950773,-2.985781943,-0.089049817,-0.075154674,-0.009848336,-1.722046857,-0.484670666,0.816381995,-1.652345413,-0.229161624,0.6653648,-0.518018094,-0.321859524,-0.759073331,0.957087126,-0.863698282,-0.753746803,-0.37571215,-1.696631124,-1.820158944,-1.302320927,-1.390302383,0.102466332,0.369768843,-0.504512262,0.410518982,-1.442229993,-1.189412653,1.086033506,-0.364275181,-1.183190265,-1.040154719,-1.347458337,-1.061027528,-0.515168373,-1.018877321,0.036813973,-0.13857265,0.367832467,0.633556399,-0.098384902,-0.839792761,0.643956936,0.359281544,-0.391562203,-2.679462744,-1.615959129,-2.983803703,-2.43383338,-3.218875825,0.806877571,-1.303424883,-2.61866664,0.165599181,-0.100483539,-2.022683208,-0.691149178,-0.643405089,-1.209655587,-3.001750346,-2.093946228,-2.482908647,-1.391105918,-2.257611727,-3.267540997,-1.617974243,-2.582298996,-2.838728525,-1.425867136,-3.194183212,-0.947781399,-1.173766962,-0.345452438,-0.620268535,1.736370078,-0.692947201,0.248343352,-1.852784171,-0.4405225,-1.602462299,-2.036382052,-1.894456867,-0.71539279,0.30136306,0.01133551,-1.779633289,-0.820980552,-0.971803442,-1.604948007,0.670441343,-2.140466244,-0.184403723,-1.251763468,-2.884190899,0.040277846,1.250904099,0.509164244,-1.035355839,1.346331373,-1.691733155,-1.924833823,-1.804236991,-1.982677873,-0.023166278,0.587842219,1.340904659,-2.675099101,0.310274921,0.087552897,-1.417166025,0.104450101,-0.726290399,-3.128121462,-0.88116493,-0.100372974,0.946781139,-2.275943162,0.334040711,0.432236859,-1.379914754,0.368040115,-0.448320418,-0.9331826,-1.979053368,-0.271283927,0.769552512,-1.911218909,-3.272804167,-1.443076375,-0.897223669,-1.985586966,-1.744112816,-0.921052049,-0.74865989,-1.630661549,-0.63412384,0.541277231,-0.896243037,0.878381159,-0.83378951,-1.386694441,-1.825729989,-0.235722334,-1.994365369,1.33228686,-2.542112124,-1.913927103,-1.303056763,-2.072267338,-2.924342277,0.482734744,0.237204235,-0.709886505,-0.580533036,-2.423623421,1.795286575,-0.643976137,-0.879717752,-1.701553201,-2.962297497,1.06746556,-0.492167442,-0.459498997,-0.324484379,0.233173087,-0.456179623,-2.252843001,-1.047539018,1.341506178,-2.109488463,-1.452861605,-0.832639159,-0.880923588,-0.73168013,-0.867500568,-0.023166278,0.935073231,-2.769393831,0.107059072,0.656275706,-2.453407983,-1.051824127,0.101834306,-0.267356706,-0.123298216,-2.413516654,0.290278698,0.327359412,0.546559496,0.39386475,-0.684782264,0.924496968,-0.39630717,-1.27833722,-0.750140902,0.87966824,-0.491022996,0.870414319,1.336710132,-1.909192566,-0.663588378,-0.37775267,-0.969691509,0.744172939,-0.895018597,0.136015804,-2.935578351,0.977235303,-1.128556165,0.405398439,-0.496594042,-1.305267522,-1.16667702,0.268652147,-1.716466485,0.892940218,-2.397995278,-2.753570716,0.610471844,0.326926824,-1.764922815,1.648562467,0.194744077,0.21985816,0.97278448,1.118022682,-2.346536981,-0.915041512,-0.458865885,-0.875868817,-2.069887329,1.89054844,-0.059750004,-0.751200112,-2.361274089,-2.869981068,0.701065746,0.209531324,-0.014098924,-2.292634762,-2.896792326,-0.441144101,-1.967542449,-1.774312556,0.421404072,-1.139434283,-1.264784944,-1.998783639,-2.152442435,-2.058854908,-1.758518135,1.103334455,-0.025317808,-1.22894879,-0.007427516,-1.726533684,0.27269533,-0.777398733,-1.505979204,-0.463624022,-2.88598141,0.123897637,-0.036975236,-0.814637078,0.067004229,0.515514613,0.199506382,-2.727233021,0.03333806,1.283403017,-0.617668719,-0.967847219,-2.139616265,-0.037390389,0.523129618,-0.854255341,-0.417638909,0.235704333,1.091587674,-1.113522901,0.775141828,0.354943446,-0.974449646,0.896169654,-1.306744082,-1.381904013,0.198686911,-0.446912298,-1.818925137,0.54696467,-0.741287556,-0.617483277,-0.416273307,-1.575519694,-0.467606505,-2.716586532,-0.131248287,0.321141026,-1.346689107,-2.184802057,-0.71621112,1.864839532,-0.631863952,-0.560541216,0.327935906,-0.257088207,-0.359679453,-1.682008605,-1.931021537,-0.026241311,-0.244622583,-0.197597644,-0.83609419,-0.388607991,0.108495596,-0.069993372,-1.383897237,-0.135018212,-2.689719244,-2.194627951,-0.378774493,-1.405681075,-2.265289308,-0.358247608,-1.054117049,0.069339478,-0.963644428,-1.825109449,-0.492167442,-1.175709339,-1.344768614,0.253401138,-1.81954185,-0.071066448,-0.474011651,-1.36963392,-1.261955087,-2.694147296,-1.769019982,-1.014730805,-1.933092645,-1.612442421,-1.085893516,-1.365707728,0.056096739,-0.252958636,0.818898386,-2.176833888,-0.726083681,-0.902387827,-1.01694014,-1.801809805,-1.171182982,1.430359092,-0.99452258,-1.901128006,-1.760260802,-0.142255048,-0.711718566,-0.275621758,-1.030299648,0.51264397,-1.33484108,-1.806670082,-0.68299885,-0.650854268,-0.744229971,-0.886004039,-1.565421027,-1.996572064,-3.007804855,-1.454145028,-1.098712294,-2.156754645,-1.356735559,-0.534606152,-0.854255341,-0.570044983,-1.099913134,-0.547316732,-1.732736129,-0.821890056,-1.359068375,-1.046969056,-0.582321625,0.244278624,-0.417335281,-0.25489225,0.444942199,-0.292359662,0.174373387,-1.291347884,-0.623434568,-1.814005078,-2.93935194,-2.265289308,-0.767439785,-1.090049058,-2.189256408,-1.924148657,-1.707050741,1.126097746,-2.615926912,-1.638351923,-0.952954716,-0.441144101,-0.587706668,-1.498791392,-1.440117168,0.105170498,-1.566378423,-0.312111386,-0.854255341,-1.095716486,-1.231001477,-1.194682757,-0.654695994,0.172523714,-1.636809109,-1.991430664,-2.045619993,-0.496758367,0.75099147,-0.624367665,-0.877070019,-1.20330636,-1.651302117,-1.606941032,-0.581069277,-1.067986095,-0.248589573,-1.773134005,-0.870123051,-0.827593277,-1.694451287,-1.158362293,-0.921052049,-0.32545317,-1.073529508,-1.644029357,-0.345028739,0.4127055,-0.233446444,0.759730485,-0.407366915,-0.094310679,-2.405725852,-0.219774234,-0.746969987,-0.682602967,-1.283737773,-0.22752815,-1.827593922,-1.576003136,-0.966531948,-1.830708219,-3.199073198,-1.335981547,-0.856136809,-1.774312556,-0.883823542,-0.966794864,-0.920800887,0.86191902,-0.13398864,-1.576486812,-0.07396952,-0.71273783,-1.06363132,-0.700776208,-1.717580071,1.466167824,-1.16315081,-1.122085645,0.132868673,-1.942117351,-0.308020843,-0.535118316,-1.232029402,0.009356095,-0.259677876,-0.056887862,-1.120857898,-1.631172405,-0.2424538,-0.014098924,-0.039884934,-1.739546598,-0.422051912,0.315467458,0.078441426,-1.86885652,-1.118406916,-0.682405084,-1.170538028,-0.13868752,-0.211585602,0.248343352,-0.341082849,-0.299214988,-0.170195377,-1.822012512,-0.393635356,-1.042704657,-1.726533684,-1.018600351,-0.714575128,-1.823869523,-0.133302847,-0.805196684,-1.603455841,-0.23483665,0.109571636,-1.023319305,-2.709050701,0.405998299,-0.192008322,-0.5730557,0.166361537,0.304096614,-2.125276078,-0.187293898,-1.597015392,-1.319009614,-1.218071729,-0.681811671,-2.311625838,-1.566378423,-0.332679438,-1.106543659,-0.303811454,-1.345920467,-0.711718566,-1.535258514,-0.094530484,-0.008637193,-0.309791358,1.49622442,0.212527399,0.125663018,-1.597015392,-0.296252023,0.88731496,-0.436336772,-0.717439873,0.815895646,-0.333377032,-0.821435201,-0.943148186,0.84500953,-0.412640792,-1.422543494,-0.748871329,-1.925519459,1.167018321,0.072413681,-0.963906586,-2.089896,0.279826296,-1.399582255,-1.11871296,-0.282628198,-1.421714306,-0.344322973,0.600264053,-0.40241975,-1.614953093,-2.036382052,-2.538307427,-3.763603,-1.547402522,-3.547379892,-1.243406874,0.442503956,-1.020540753,-1.741256487,-1.04867992,-0.983232138,-1.373180722,-1.535258514,0.882858036,-2.286711744,-0.647982629,-1.001304106,0.568263998,-0.173282532,-1.398366942,0.484029801,-0.544210068,-0.964431107,-0.866786537,-1.052683357,-1.020818261,-2.298593072,0.36707072,-0.380674939,0.737785882,-0.814411268,-0.178289696,-2.517016704,0.449673363,0.15589202,-2.21183073,0.118405064,-0.59402609,-0.290486,-0.530008443,0.792539924,-0.824623543,-0.16546444,-0.884065585,0.131028262,-0.549393217,0.046215424,-3.467337184,-0.754597143,0.314007498,-0.649896139,-2.442997247,-1.357901287,-0.190676361,-2.787093408,-1.208650394,-0.657394011,-0.246284244,-0.83632495,-0.571283593,0.034787825,-2.478129666,-3.661264287,-1.093923299,-1.209320411,-0.824395467,"EWS"
"3",-0.084469157,-1.649739209,-0.241307522,-2.87528612,-0.889405403,-0.027473977,1.159299654,0.015676479,0.1919418,0.496584701,1.388741365,-0.530688253,1.614902952,-0.208008664,0.079273181,-0.537340729,0.004390348,1.472311494,-0.904362161,0.693697029,0.320415442,1.571881414,-1.093326284,0.532861051,1.503454981,1.50338827,-0.13079229,1.016678906,-0.507996297,0.066630082,-0.673932962,0.314664744,-2.144727008,0.247719084,0.942854763,1.048406122,-0.291823972,-1.753885817,-0.514331763,-1.383498274,-0.898205264,0.965118991,-2.191043718,-0.542144307,0.173448978,0.67620446,1.357174463,0.932085338,0.86103169,-1.976163192,0.690744296,-0.194070304,0.584280526,-1.420885806,1.466906138,-0.02891401,1.460311258,-2.508380006,1.337917861,1.427652212,1.520584841,1.53503759,0.013804281,0.541219029,1.054242341,-2.273997636,-1.995100393,-1.155817762,-0.789658081,-2.126952524,-0.372659156,-0.586986985,-1.280493942,-0.824623543,-0.849800991,0.973691339,1.584386736,-0.221769496,-2.385966702,-0.66650525,-0.731888009,-1.304530059,1.545112702,0.809106332,-1.050679635,-2.672200548,-0.316081547,-0.6923475,-0.304624793,-1.060738636,-1.213013549,-0.080559508,-2.805111914,0.532743659,-1.227924025,-0.604403971,-0.701380985,-1.240291067,-0.418550348,-2.132842318,0.490418814,-0.747392195,-0.643976137,-0.455075609,-0.248974311,-1.60743991,-0.379212737,-2.054163734,-0.746337009,-2.137070655,-2.499817263,0.345715104,-1.433805344,-0.410527902,-3.020024966,-2.090704734,-3.233989463,1.136871001,-2.348629031,-0.134102985,-0.030562306,-0.740658163,-2.116105526,1.111396883,-0.913793852,-1.901128006,-1.817692851,-0.149080223,-2.050271164,0.189876281,-0.171975265,-2.369793843,1.094972339,-0.832179389,-0.245133569,-0.709073331,-0.201504376,0.194661769,0.787229334,-0.545589616,-0.406165353,-0.972596568,-2.444148657,1.276005052,-2.479322271,0.853691662,-2.845589615,1.249127798,-0.678455632,-2.539574051,-0.428938464,0.541219029,-0.512493681,-1.858540503,-1.033386504,-0.838404193,-2.142168372,0.098215047,0.004091618,-0.470163642,0.945733022,-1.248273063,-0.707854809,-1.577454867,-0.134217342,-0.453028525,-1.818308804,-1.753885817,-0.192008322,-0.173758326,0.386146364,-1.422128814,-1.437587656,-3.055482278,-0.280243143,0.630633275,-2.65498348,1.002578514,-0.169958298,0.6727914,-0.676880208,-0.853315933,0.36741704,-2.487710577,1.335947987,-0.832179389,-2.259525604,-0.576787379,1.328612281,-2.315670333,-2.719616837,-0.73168013,-3.262305383,-0.3588201,-2.326877786,-0.403616817,-2.689719244,-1.798180037,-1.858540503,-1.066532395,-0.973655049,1.711832033,-2.65498348,-1.418817553,0.24247548,-0.357675444,1.017040635,-0.348990261,-0.986176859,-1.257022025,-0.327671081,-0.733552595,-0.689155159,1.216958129,0.841998127,-0.687761708,-2.937463365,1.486908631,-2.610469873,-2.455736272,-0.405565113,-0.682009436,-0.69174816,-2.015903521,-0.372659156,0.125927557,-0.901155844,0.201552125,-2.014403146,-0.268140917,-2.645075402,1.301417069,-2.098828255,-1.346689107,-1.059007034,-2.00619108,-1.971843531,-1.310074335,-1.115046595,-1.546463113,1.074285443,-1.673976434,-0.424036494,-1.015834862,0.183737221,1.552740569,-0.604220971,0.281638849,-0.56563386,0.367832467,-1.355571188,1.642892031,-0.771324962,0.862425712,-1.256319285,0.194332469,-0.531368525,-2.999740295,-3.009831198,-0.14329317,0.126544541,-0.207762449,-2.402405428,-2.057288737,-1.326894018,0.575207883,-1.032262908,-0.164049512,-1.854060495,-0.874669057,-1.955455562,1.517629594,-0.172688108,-2.38705425,-2.275943162,-1.375552265,-1.544118446,0.859000545,-1.410587054,-1.079692404,-1.344768614,-2.783851915,-0.222019184,-2.478129666,0.736829082,-0.732928051,0.90729035,-2.045619993,-0.492494667,-2.141316945,-0.078826781,1.640800911,0.173448978,1.630396734,-1.638866723,0.398709004,1.105885773,0.690293112,-2.016654554,-2.183913563,0.208638865,1.215476384,-2.880619466,0.710643228,-0.435563556,-0.802515718,-2.643667942,0.721491654,-0.336592244,-2.165435255,-3.087847562,-1.436745905,-1.451579828,-0.364275181,-0.947781399,-0.112497031,0.986786473,0.842859454,-1.064210862,0.774634997,-0.916540763,-2.345492594,-0.520202786,-2.643667942,-1.217058044,0.539821161,-0.908322562,-1.769606665,0.759824039,1.531065476,1.22265716,0.248811298,-2.513306124,0.763186171,-0.58590843,0.574251026,0.123544186,-1.779633289,-0.884307686,-0.560366069,0.418644543,0.991806284,0.957969959,-1.784982485,0.647469667,0.858746361,1.677208704,-0.798285499,0.256733054,-1.200977295,-0.333935457,-2.657832485,1.127329313,-2.460409178,1.202281375,-0.662617976,-2.323808729,-1.780819529,-2.373007557,0.911599746,0.585506289,-1.264430773,-2.210917904,1.013199633,0.19062036,-0.345311185,-1.590125601,-0.383165601,0.556582621,-0.042385716,-0.14387037,-1.26513924,0.421010319,-1.242713633,-1.013903561,-1.499687048,-1.474907019,-0.73459437,-0.923567141,-0.603672174,-3.304978524,-1.984131362,0.047551302,-1.36335939,-1.699909816,-0.718464989,-0.613596902,-1.041287222,-0.198572897,-1.67504367,0.299215308,0.075200233,-0.547662514,-1.010601411,-2.859454655,-1.400799047,-1.128556165,-1.596521687,-2.519498095,-0.637523277,-0.64226397,0.112882157,-1.16860566,-1.91189527,-0.41794263,0.255572019,1.359539624,-0.384927457,0.083053555,-1.379914754,-1.97256218,-0.738772359,-0.742547531,-0.288615842,0.080288831,-1.542246663,-2.044074398,-1.293532881,-0.121715759,0.563095441,-0.011263192,0.123897637,0.045642358,-0.066246646,-0.500380366,-0.685972977,-2.498599977,-2.085862109,-1.166034965,0.613779245,-0.069028586,-0.481752376,-2.727233021,-1.213013549,-1.338647708,-1.636809109,-0.829654425,-0.279052746,-0.22777928,-0.255537619,-0.845599304,-1.684700397,-2.436116486,-0.609909582,-0.362836746,-0.855195633,0.401992419,0.904137176,-0.725257234,-0.140182031,-0.27089051,-2.791975436,-0.173401459,-1.717023123,0.674372025,-0.752684893,-0.969164221,0.813061277,0.616374122,1.041159714,-0.01959065,1.635826647,-1.448595387,0.174205376,0.196388814,-1.430037284,-1.391105918,1.505587367,1.581634968,1.577513715,-1.073529508,-0.248846049,-0.37571215,-0.380674939,1.154803568,0.814213709,-1.090644119,0.043538302,0.01202738,-0.123524486,0.655289538,0.402861722,-0.598564538,-1.661784393,0.017250353,-0.538368127,-0.376149054,0.234043926,-0.198938863,-0.21915153,0.084892467,-0.436336772,-0.386250889,-2.019664338,-0.684187439,-0.168537002,-0.614890683,-2.141316945,-0.490696252,-0.815993011,-0.06817178,-1.189741222,-1.372391456,-1.609437912,-1.237184939,-1.434224895,0.779003724,-1.336361992,-1.478848343,-0.261105058,-1.32275634,-1.011700917,0.706310167,-1.290620611,-0.150125459,-0.390675023,-1.167640875,-2.505926017,-1.226900309,0.730009345,-0.88116493,0.234518609,0.781524291,-2.747310915,-0.54818141,-2.282782466,-0.247564326,0.074086543,-2.675099101,0.407130387,-2.368724895,-0.214431611,-1.795767491,-0.152219213,-2.43383338,-0.089377811,-0.32892082,1.13336792,0.339111608,0.496767267,1.285562008,-2.745752068,-2.777400279,-1.042704657,1.334237617,-1.282294771,-0.733969175,-2.047942875,-0.785262469,-1.932401799,1.112876733,-0.308429146,-2.07544952,-1.689563957,-1.092729626,-2.135377174,-2.993734271,-0.828279855,-0.979496808,-1.597509342,-1.497002483,0.685467769,0.457488136,-0.756939314,-2.864704011,1.014650801,-0.998043234,-0.446755963,-1.751001477,-0.853550702,0.734481044,-0.53204926,1.324844399,0.344936315,-1.057854296,-2.227477621,-0.902141309,-0.001400981,-2.375155786,-1.54271428,0.458057558,-0.842575694,-0.717644812,1.377077012,-1.738977284,-0.844435295,-2.161953963,0.904299119,-0.56106684,-1.194022473,-1.4867779,-1.53991185,1.399580705,-0.667869373,0.316050847,-0.305438794,0.683601768,-0.923567141,-0.077313103,-1.612442421,-1.123930097,-1.03817592,-0.928110309,0.531216313,0.229443664,0.92187511,-0.567925216,-3.137295838,-0.540941248,-0.470803949,-0.496265472,-1.361016554,-0.724844267,0.523188883,0.756685201,-1.195343478,1.068153081,-1.435904862,0.931336967,-0.067422676,-0.751836177,0.278994444,0.175884215,-1.704298193,0.181738053,-0.944947441,-0.767655233,-1.361016554,-0.797841252,0.078441426,1.057477745,-1.208650394,-1.54975491,1.041618567,-1.691190414,-0.633181599,-0.66067999,-0.35939292,0.323531725,0.722511789,-0.906340401,-2.898605563,-0.875148789,0.80861643,-0.372368881,-1.34822816,0.607534824,-1.325387426,0.506697113,-0.357389485,0.022348404,-1.968974089,-1.117795108,-0.231553819,-1.179605448,-1.207311706,-1.717580071,0.645845907,-1.16667702,-1.505528449,-0.817577259,0.695793676,-1.362187286,-0.314710745,-1.180581852,-1.8426318,-0.773706688,-1.644029357,1.198668763,0.274140802,-2.162823151,-1.512311202,-0.679441534,-0.539053645,-1.862396549,-1.603455841,-1.147277461,-1.490322432,0.163733192,-1.878625402,-1.385095081,-0.743388397,-0.40241975,-0.271677498,-1.664422221,0.360188763,-2.549765222,-1.65286747,0.513841073,-2.847312268,-0.943918899,-1.102319151,-1.056990614,-0.36686959,-1.485893726,-2.692669099,-1.364141556,-1.790360448,-1.570217199,-1.350541191,-0.04845522,0.220981215,-0.862749965,-0.639985632,-0.597109992,-0.472566912,-1.780226233,-0.119008787,-1.456716825,-1.690647968,-2.00619108,-0.643214812,-1.233744963,-2.192834229,-1.264430773,0.244356948,-1.460586966,0.695394653,-0.300159594,1.562765504,1.055843957,-0.164520932,-2.308603165,0.83629469,0.140457353,-2.624168717,-0.107696575,-0.431706419,0.254797245,-0.440677864,0.526738342,-1.790959789,-1.073236982,-0.804972996,1.510721939,0.358513253,-0.112049504,-0.133188594,0.026252371,-0.716415807,-1.256670593,-0.287148881,0.211475746,-0.514499029,-0.173639356,-0.625301634,-0.809007067,1.008796984,-1.414693836,-0.294773826,0.06024808,0.723191302,-1.021095846,0.496584701,-1.146018411,-0.548700576,-0.693947501,0.115736498,-1.678252228,0.315321558,-0.742757681,-0.598746505,-1.136314156,-0.479004011,-1.247576442,-1.150748043,-3.251915679,-0.817577259,-1.871452238,0.470128621,0.331172504,-1.638866723,-2.308603165,-0.685575915,-0.570044983,0.245139849,-1.844527535,-2.65498348,-0.786140047,-1.439695138,0.112435429,-0.24041688,-1.27833722,-0.628671161,-0.761640177,-1.857258451,-0.496594042,0.265206376,-0.653734178,-1.406088988,-1.225196441,-1.210997419,-0.623248053,-1.108056747,-1.496109227,-0.823711551,-0.853550702,-1.25281297,-1.470981169,0.18023605,1.065434613,-0.04447449,-1.346304713,-1.512765025,-1.528780009,-0.885761527,-0.992631965,-2.098828255,-0.237876551,-0.901155844,0.174037337,-0.613596902,-0.941864983,-0.332121714,-2.694147296,0.563323193,0.677373426,-0.637523277,-2.767800206,0.733665129,-0.757579041,0.844708797,-0.652197194,-2.102096232,-0.220896079,0.18023605,-1.689022392,-0.812606621,-0.934963997,0.25812452,-0.404066087,0.299585939,-1.33142746,-0.699970406,-0.085013374,-0.560015868,-0.71233,1.245162731,0.087186362,-0.566690757,-0.047301273,1.454747087,0.47673095,0.968617492,-1.235807528,-2.285727976,-0.545589616,-2.255701507,-1.425867136,-2.267217949,1.327260661,-1.236840408,-0.728567126,0.09558287,0.986003344,-0.671777155,0.01064316,-1.797576355,0.430547888,0.339966126,-1.373575589,0.219697621,0.139153061,0.812484563,0.682894804,0.54927681,-1.771956842,-0.197963253,0.98035414,0.315175637,-0.384339826,0.33611503,1.064986561,1.629181714,0.743127113,-1.407722309,-0.149776925,-1.963259787,-1.176357637,-1.167640875,-0.158761292,-0.450671701,0.135055231,-0.222643676,-1.152962883,1.509109161,-2.504701277,-2.202739758,0.577118854,-0.71396232,-0.6003857,0.569000188,-0.938025224,-0.349983099,-1.179280192,-0.155134497,-0.194799078,0.687581722,0.534854602,0.624386425,1.401823163,-0.706029806,0.228887026,-3.074775481,-2.073061935,0.068125829,-0.316218731,-0.361831071,-2.029509173,-0.288615842,1.250388724,0.138717919,-0.731888009,-0.59402609,0.099573805,-0.026754737,-2.368724895,-1.301585633,-2.979858924,-2.401301066,-1.592580795,0.821540395,-1.266202881,0.63715867,0.843806057,-0.778051688,0.076034686,-2.425883309,0.154093535,-0.587526699,-2.475748712,-1.323883101,-0.650854268,-0.880923588,-0.491349847,-0.753321904,-0.158409737,-2.549765222,-2.510840032,-1.040437725,-1.386294361,-1.633730605,0.258587912,-0.673148494,0.5465016,-3.358137892,-1.071483621,0.350586447,0.78577194,-0.739610055,1.188727178,-0.813282982,0.190868263,-0.164520932,0.305571105,0.177141497,0.823999989,-0.838172953,-0.712533894,-1.828216006,0.469315893,-0.255279421,0.9550498,-0.517011383,-1.877971166,0.005385472,-1.289893867,-1.651823629,0.174205376,-0.660292844,-0.33086797,-2.561355822,0.490357575,-0.397496938,0.632547558,0.05287704,-0.709073331,0.661862891,-0.199427025,-2.657832485,-0.578390943,0.411513447,1.04517635,-1.401611065,-0.920298753,-0.549566452,-0.0927734,-0.16134315,-1.420471813,-1.806061254,0.944761564,0.614861262,-0.192614346,0.476482595,0.120534802,1.556353541,0.080011938,0.021272135,-0.2646168,-0.644738041,-1.180581852,-0.252701104,-2.154165088,-1.721487416,-0.339536928,-0.459974094,0.385466462,-0.689752947,-0.638469619,0.264592549,-0.670994376,-0.112832808,-2.05494407,-2.240549702,-0.42098492,-0.698561813,0.591169824,-0.396158549,-0.186329578,-0.433093275,1.347475567,-1.298649851,1.573416875,0.897923075,0.536259425,0.273760617,-1.391105918,0.656431328,0.995212812,-3.125840959,-0.301916232,0.444621717,0.224342832,-0.574830954,-0.58590843,-2.156754645,-0.639606414,-0.71355399,0.387029546,-0.105916226,-0.043742923,0.49664556,-1.543650172,1.563435858,-0.248589573,-0.256054215,-1.479726306,0.644219507,-0.914542261,0.519210373,-1.232715273,0.85420254,0.605244497,-0.534947566,-1.205640861,-2.632479014,0.830950685,-0.46029095,0.227135573,-0.988592644,-0.378920553,0.209206886,-2.918771232,-0.361974677,1.444846248,0.426639343,0.429702332,-0.47997316,-1.253163049,0.684207339,0.916930527,1.569865137,0.334112311,0.800745191,1.135843845,-0.887946259,0.452157836,-1.212341054,1.671529693,-0.621570982,-2.48410697,-0.887946259,-0.81712436,-1.335601247,-1.545055654,-1.315276874,-0.25747623,0.279448268,-0.461242124,0.28442678,-0.323931205,-2.030270498,1.091419818,0.111809675,-0.834019739,-0.087957279,-1.387094681,-0.290084957,-0.055829885,-0.230671818,-1.695540611,-1.378723096,-1.305636458,-1.490766383,-2.061208773,0.313057379,-0.903127745,-1.913249367,1.475769368,-2.458069996,-0.686370196,-0.399284249,0.578297339,0.668290805,-1.348613294,-1.459725639,-1.493879572,-0.628671161,-0.389936306,-1.714243027,-0.019284761,0.332894415,-0.330589573,0.266203041,0.036042591,-0.17924629,-0.164520932,-0.423730917,0.218573123,0.637423032,0.388251127,-0.988055298,-0.348281695,-1.535258514,-1.067695186,-0.218778094,-1.615959129,-1.138497222,0.133218844,-1.806061254,-0.090581378,-1.187443502,-1.095716486,0.688787692,-1.158680815,-0.405715139,-1.123930097,-0.72649716,-0.371933625,1.493757664,0.093490343,-0.052978925,-0.632428446,-0.68458395,-1.005941954,-0.491676805,-0.966531948,-0.473048259,0.151088854,-1.702101597,-0.586807145,-0.610645959,-1.002393431,-2.327902901,-1.813391769,0.572108852,1.197220056,0.690192821,1.321329082,-3.23653076,-1.116878097,0.036524775,-2.898605563,-0.648365038,-1.004575647,-0.974449646,0.232222215,-1.586209786,-0.427557355,0.004290781,0.752311914,0.444301132,1.309170307,0.316342413,1.621465293,-2.638057829,-1.71981097,-1.565421027,-0.821435201,-0.351118978,-1.511857584,-0.386545223,0.135491969,-2.707550326,-1.758518135,-1.16860566,1.098978888,-1.789761467,0.146780731,-1.467070671,-2.584948004,-0.563699113,-0.520034563,-0.902881045,-1.353633579,-1.775492497,-1.198985263,0.700718446,-0.541456667,-1.96254779,-0.367447041,-1.87470639,0.166530871,-0.492494667,-0.696954419,-0.62942149,-0.235595759,-0.327948666,0.682440063,-1.762589092,-0.482724194,0.977724438,-1.763172012,0.29177369,-2.11943055,-1.236151703,1.26807373,-0.778051688,1.003018735,-0.989668202,-1.670781543,-1.063341675,0.122306124,-0.835402228,-0.462670582,-2.08505728,-0.489227224,-3.223888367,0.705619082,-0.548008415,-0.52087596,0.208720031,0.63700002,-2.943139823,-1.568295969,-2.351775337,0.227055888,-1.322381035,-1.638866723,-1.084117843,-2.289668868,0.15469339,-1.198653643,-1.459295254,-1.764922815,-1.606941032,-0.064111945,0.113596507,-1.085893516,-0.588787165,-0.743178114,-1.933092645,-3.174858939,-1.581336482,-0.91030866,-1.7567785,-0.813959801,-0.634689611,-1.712024501,-0.709683149,0.743792765,0.275584187,-1.362577835,-2.251891979,0.029752958,-0.246284244,0.15469339,-2.373007557,0.744505473,0.930864024,-1.314159763,1.028189824,-0.403167749,0.563152384,-2.293625352,-0.897468978,0.357044876,-0.56124211,0.000299955,-0.788117418,-0.350266948,-0.448946887,-0.560541216,-1.133514341,-0.452871231,-0.922308804,-2.060423536,-0.04940035,-1.115961927,1.516115755,-0.37789858,-0.491022996,-1.011975982,0.6917462,-1.061894706,-0.499556032,-1.887169654,-2.423623421,-0.064325211,0.626900535,0.477537677,-0.621943422,0.57588276,-0.953733027,-2.434974281,-0.898450814,0.032660782,0.957432675,1.310627482,-1.082345316,-0.260715624,0.109482011,-0.046881986,0.071669287,-0.393635356,-0.862749965,0.260593467,-0.349273828,-1.682546384,-0.920298753,-2.105374924,-3.254503003,-0.041551427,-0.493149439,-0.711718566,-1.170538028,-0.158761292,-2.218243945,1.13172464,0.337614441,0.042005294,0.01960653,-1.345152418,-2.141316945,-1.498343865,-2.05650657,-2.176833888,0.495305812,0.885790286,-1.898454208,-1.014179233,-0.716415807,-1.437587656,-0.815540829,0.251225535,-0.416576613,-0.555648667,1.172017633,0.353329354,-1.188099455,-0.536314387,0.773666698,-1.809109108,-0.501700716,-1.789761467,-1.389098288,-1.957577954,-1.413049098,-0.354962126,-1.231344001,0.421075956,0.703196516,-1.709810887,0.421666487,-0.904609227,-0.430782916,0.073250462,-1.400393285,0.682793768,-0.447068658,-0.473690417,0.004589452,-0.348140041,-0.908074577,0.355013565,-0.889892258,-2.309609708,-0.094970238,-0.704410373,-1.11932533,-0.641883887,-0.908570609,-1.858540503,0.147298687,0.181988168,-1.421714306,0.865797118,-1.355183366,0.333109446,-1.106846094,-0.608989873,0.383423977,0.258896721,-0.620826519,-0.238891908,-0.964955904,-0.468245176,-0.191160505,0.203185712,-1.288441961,-0.495444522,0.779508346,-1.625059293,-0.783947545,-0.425718837,-1.333701911,0.190785635,1.005107145,-0.575897621,-0.999672341,0.53555726,-0.95503156,-1.167640875,-0.114625526,0.31415359,0.775418173,0.103639035,-0.426484475,-0.850737101,-0.496922719,-0.421746941,-1.451152933,-0.505672259,-1.423788566,0.222983539,0.365267918,-0.964431107,-1.112001526,-0.432322562,-0.752897185,-0.028296599,-1.709810887,-0.29961971,0.043538302,-0.066781034,-0.330311255,1.238403216,0.559501496,-1.043556083,-0.030149977,-0.175902205,0.405931666,-1.574070769,-0.283557258,-0.695951108,-0.505174952,-1.935168053,-0.67648674,0.436834568,-0.935983365,-0.377169239,0.195731244,-0.399582445,-1.013627965,-2.008424054,-0.446912298,-0.120925468,-0.020713042,0.084616846,-1.099012369,-0.272465107,-0.794958447,-0.188742125,-1.462311848,-0.318828801,0.720616423,-0.261364764,-0.258900271,-1.095716486,-1.187771425,-0.710293339,-1.109572129,0.725227074,1.032294408,-0.018265809,-0.456337438,-1.682546384,0.222983539,-0.328504067,-0.066567244,-0.91030866,-0.4144554,-2.360214206,-1.408131056,-1.967542449,0.714566148,0.434182132,-0.115972176,-0.573233084,-1.416341282,-2.011409131,-2.174191878,-1.602462299,-0.763140552,-2.294616923,-1.905152157,-0.656236827,-0.531028331,0.056474847,-0.141102841,0.20571251,-1.751001477,-0.309382499,-1.127629238,-2.116105526,-0.539911205,0.330813398,0.045642358,1.380200833,0.252469317,-0.521718065,-1.01721665,0.479768299,-0.456337438,0.556811861,0.404464608,0.89388151,-0.303405033,0.801149204,0.019214219,-1.817077277,0.382946797,-0.268140917,-1.349384007,0.948719199,-1.121778567,-0.568984538,-1.392312433,-0.509326748,1.572587189,1.339831487,0.940671101,0.303432383,-1.10473097,-0.578926036,1.008833449,1.570509956,-0.821435201,-2.14814874,-2.468639677,-2.873514641,-1.607939036,-1.96254779,-1.05641524,1.400147955,-2.58893472,-2.221005106,-2.469821012,-1.470110847,-1.697722827,-0.562645372,-1.055840197,-0.915541013,-2.525728644,-0.806763907,-0.460607908,-1.173120341,0.546385799,0.151604584,-3.07045582,-0.934200152,1.477550881,0.71358686,0.480758092,0.14106544,-1.170860453,-0.453500557,-0.062088192,-0.739191119,-0.762068626,-0.2749633,-0.017247893,-2.309609708,-2.891372258,0.083329608,-1.645583359,-0.269580237,-0.398241263,-2.89498237,0.427878703,-0.621570982,0.201797333,-0.732511904,-1.213686497,-0.054456186,0.16695408,-0.837941765,-0.72815279,-0.418550348,1.548944532,0.754054115,0.805940008,0.192931736,-1.423788566,-1.307852935,-0.986444992,1.612712545,0.236415094,-1.009228728,-0.598928505,1.058519195,0.710741489,-1.198322133,1.423590146,1.449550811,-0.772190388,-0.970482961,0.711281751,-1.393117586,-0.247436244,0.983164025,-0.176498543,-0.325314714,-0.276544328,1.328267924,1.391679833,-2.196424897,0.414094435,-0.160051388,1.538264093,-1.559695821,1.574017967,0.296096571,-0.396455814,-1.488105627,-0.759073331,-1.0336676,-0.338694704,-0.337572842,-0.484021421,-1.940723622,0.027225986,-0.782853094,-0.292493629,0.738120546,-1.079986825,-0.858021824,1.145241389,0.367001442,0.083973434,0.573236884,-0.969164221,0.626152312,-0.606602579,-1.674509909,-0.731264503,-0.939559359,-0.917291232,-0.771757581,-1.371208724,0.118049667,-1.485010334,-1.32915817,-0.436955775,-0.834250022,1.10260431,-0.277731742,-1.204306193,-0.301105093,-0.760783829,0.500593453,-0.337012382,-0.404665428,-1.445619827,-1.36335939,-0.345876317,-1.922095971,0.424352284,-0.810805224,0.561499726,-1.926892143,0.358303617,0.502228777,-1.554003206,-1.578423859,0.736637612,-0.158878505,0.140804877,-1.062473242,0.915490412,-0.03448793,-0.280772664,0.104540179,-1.764338874,-1.341703478,-1.622016695,-1.97256218,-0.035419945,-0.38580955,-0.311018938,0.106699619,-2.176833888,-1.507332689,0.617561194,-0.132046781,-1.593564563,-0.75098818,-0.948555692,-1.179280192,-1.004029646,-0.983499482,-0.413547684,-0.32573014,0.151002874,0.695145183,0.378093911,-0.149660775,0.484645906,0.380694159,-0.714779481,-1.979777219,-1.035919219,-2.198225078,-1.873403458,-2.392509801,0.580370343,-1.40283033,-2.504701277,0.261825658,0.866722265,-1.764338874,-1.058430499,0.118405064,-0.337993393,-2.471003745,-1.285906187,-2.352826309,-1.122700084,-2.129472475,-3.329807386,-2.273026291,-2.830217835,-2.638057829,-1.344001449,-2.328929068,-1.222476276,-1.152962883,0.049551779,-0.996958635,1.645789128,0.560700913,0.405931666,-2.463928243,-1.204973305,-1.99289694,-1.288079314,-1.619993426,-0.089705913,0.694446336,0.462664262,-0.68995229,-0.889892258,-1.16219127,-0.48694635,0.612641866,-2.142168372,-0.395267283,-2.004705196,-3.053361386,0.106340036,1.191009138,-0.139377016,-0.529838563,1.35048582,-1.982677873,-1.844527535,-1.914605299,-1.713133149,-0.222268934,0.56326626,1.394386531,-2.291645153,0.70902053,0.2786161,-1.098112414,0.138456743,-1.321255965,-3.275446176,-0.963120319,0.008662373,-0.191402666,-1.042137442,0.267581401,0.012916225,-0.535289096,0.346564,0.079180798,-1.242020872,-2.066722769,-0.254247296,0.47094069,-0.889162064,-3.128121462,-1.498343865,-1.17409043,-2.012905018,-1.762589092,-1.139121832,-1.035355839,-1.817692851,-0.745493661,1.34794327,-0.821435201,0.147298687,-1.040437725,-1.598497972,-2.040990355,0.38580647,-1.615455985,1.46992294,-0.794737036,-1.920729851,-1.109268869,-2.200028505,-2.557477343,0.812218275,-0.562294372,-1.207311706,-0.868453402,-2.383795148,1.596717348,-1.158362293,-0.51617323,-0.892574205,-2.378386806,1.109815959,-1.318261951,-1.013352445,-0.953214086,-0.917541514,-1.23065907,-2.420243136,-0.671972945,0.786136487,-2.050271164,-2.050271164,-1.040437725,-0.938025224,-0.229413164,-1.143191332,0.435412184,0.727355352,-2.571772583,0.280430846,0.642748223,-1.474470052,-0.904362161,1.258006341,-1.002665948,-0.073538903,-2.922481812,0.358862549,0.45082081,0.29289347,-0.170788321,-1.170538028,0.860270494,-1.066822966,-1.525096764,-0.031697087,0.727065399,-0.997229674,0.653782457,0.718619977,-1.355183366,-0.442077227,0.11270349,-0.600203435,0.926914104,-0.166054584,-1.18678798,-3.155901026,1.243058893,-1.300116665,0.293639293,-1.176033436,-0.905350792,-1.26940061,-0.025215249,-0.760997847,0.433728573,-2.523231764,-2.73029581,0.629461629,-1.080870607,-1.717580071,1.49622442,-0.009949331,0.248889268,0.806297278,0.306307537,-2.445301395,-0.228030473,-0.340520419,-0.555997342,-1.122085645,1.692822721,-0.447850825,-0.205058084,-2.449925681,-2.882403588,-0.487271871,0.231429131,0.247875188,-0.766363243,-2.586275144,0.144533151,-2.135377174,-1.668126909,0.296394013,-1.353246507,0.789910849,-2.084253099,-1.200312843,-2.187472286,-1.530626732,0.737068368,-1.040154719,-1.328780455,0.061095099,-1.197990733,-0.017553159,-2.379466137,-2.187472286,-1.357901287,-2.871746294,-0.129425547,-0.376149054,-1.434644622,0.523485153,0.262056525,-0.264356247,-2.563949857,0.271781323,0.970665274,-0.736890104,-0.381699755,-1.242020872,0.04831386,0.63620639,-0.243346259,-0.479004011,0.450757097,0.96842767,-0.894773888,0.443081972,-0.094530484,-1.858540503,0.80307724,-0.994252273,-0.445350042,0.074829141,-0.488575015,-2.145581344,0.823429551,-0.364563117,-1.357123984,-0.442855497,-1.450726221,-0.526785643,-2.521985658,-0.122732765,0.560244162,-1.440539376,-1.835711357,-0.969164221,1.665515743,-0.53204926,-1.263369014,0.526029458,0.586062958,0.038066201,-1.839480205,-1.682546384,-0.133531393,-0.686171567,-0.520034563,-1.359457707,-0.55582299,-0.345028739,0.004489905,-1.738408294,0.054772236,-1.534794369,-1.491210531,-0.06272683,-1.693907069,-2.770990001,-0.266573109,-1.357123984,-0.173758326,-0.886246611,-1.664950622,-0.818710404,-2.081844426,-0.968373812,0.022152805,-2.391416307,-0.200648473,-0.335193055,-1.5154923,-1.077046511,-2.519498095,-1.448169765,-1.098112414,-1.913927103,-1.539445541,-1.160594081,-1.396748819,0.640642627,-1.496555755,-0.049715592,-1.979053368,-0.457284857,-0.982697664,-1.379120157,-2.192834229,-0.622129693,1.61352953,-0.687960654,-2.066722769,-1.812166279,-0.205058084,-0.545762194,-0.438194933,-0.415970093,0.554574531,-1.031701583,-1.752154215,-1.378326191,-2.1680542,-0.293163736,-1.106543659,-1.319757837,-2.335108285,-2.972015747,-1.864330162,-2.081042823,-1.601965898,-2.922481812,-0.458391314,-1.444771291,-0.794294363,-2.236797352,-0.393042588,-1.822012512,-1.583282955,-1.433385969,-0.807436327,-0.343194782,0.530687073,-0.926846246,-0.803631914,-0.040717833,0.172860273,-0.530688253,-1.528780009,-0.746337009,-2.190149664,-2.737994077,-2.25094186,-1.002393431,-1.137249172,-2.232126629,-1.701553201,-2.127791803,1.244961185,-2.577021939,-1.371602812,-0.699567748,-0.415666971,-0.284221401,-2.188363949,-0.483210457,-0.219027036,-1.258781041,-0.168063685,-0.783728559,-1.200312843,-1.593072558,-0.168892136,-0.868930161,-0.293834292,-1.520969264,-1.942117351,-2.316684017,-0.035212756,-0.366436721,0.094218675,-0.839098236,-1.770781063,-1.538513574,-2.694147296,-0.10858794,-0.40631547,-0.609725572,-1.628111178,-1.845160246,-1.723166678,-0.63714499,-0.773273225,-1.418404415,0.086452888,-1.312672221,-1.728221448,-0.123524486,1.50791447,-0.805196684,0.426508795,-0.537511889,-0.043742923,-1.949817774,-1.099012369,-0.961549638,-0.156069186,-1.532939941,0.173953307,-2.229334631,-1.505528449,-1.16315081,-1.956162526,-2.750435918,-1.413871129,-0.921052049,-1.437587656,-0.719901918,-0.541284831,-0.468724448,0.415481443,0.179066264,-1.774312556,-0.430321484,-1.638866723,-1.890475442,-1.055552799,-1.574553511,1.326915838,-0.729396313,-1.444771291,-0.068064731,-2.012905018,-0.096070469,-0.500875293,-1.465337568,0.125927557,-0.274173722,0.302102595,-1.555423324,-2.093134869,0.385738478,-0.2714151,-1.041287222,-2.183913563,0.091758425,0.303727651,-0.443946095,-1.130722343,-0.448946887,-1.795767491,-1.320506621,-0.554951682,-0.942891414,-0.14989309,-0.359106469,-0.286882392,-0.226649691,-1.913249367,-0.485645325,-1.628620732,-0.776528789,-1.330292171,-0.244367188,-2.494956986,0.056569351,-0.773489933,-1.470110847,-0.984301942,0.543892827,-1.129793406,-2.544656654,0.701462512,-0.180203801,-0.696552974,-0.173401459,-0.231805962,-0.946492241,-0.689752947,-1.026105598,-1.201974802,-0.873710284,-1.358679194,-2.047167981,-1.003211204,-0.301105093,-0.261364764,0.271628907,-0.591312875,-0.808109199,-0.980029573,-0.192008322,0.135666611,-0.355818168,1.438459775,0.353048376,0.057419491,-1.789761467,0.246625675,0.945927201,0.306013029,-0.598018835,0.719058562,-0.060812139,-0.098605604,-1.085597352,0.547369681,-1.516858731,-1.62455155,0.221942831,-2.427015171,0.657986215,-1.686859059,-0.648747593,-1.784386715,1.003348774,-1.215708061,-1.578908707,-0.382579004,-1.480165577,0.020194707,0.147384987,0.014494446,-1.702650294,-2.350725468,-1.762589092,-3.709082161,-1.694995801,-2.669310373,-1.797576355,0.297062934,-1.503277717,-0.812155967,-1.281213885,-2.117766656,-1.535258514,-1.297551151,1.229494342,-1.909192566,-0.187897071,-0.563172104,1.00356874,-0.276676193,-1.427116356,-0.108365025,-0.438504962,-1.024711481,-1.096913732,-1.142564176,-0.640364995,-1.974721231,1.01891952,-0.949072221,-0.17304472,-0.006319929,-0.459024125,-2.599644327,-0.005816885,0.653418338,-2.405725852,-0.240035419,-1.438851612,0.266892458,-1.055552799,0.353118628,-0.704814985,-0.292225713,-0.974979728,-0.037182791,-0.130678324,-0.353537015,-1.047824122,-1.151380354,-0.227026079,-0.565457819,-2.469821012,-0.559490796,-0.802515718,-2.515778313,-0.771324962,-0.696352312,0.024985253,-1.05987246,-0.403766551,-0.678652734,-2.93935194,-2.736449676,-1.965398826,-0.805868051,-1.139434283,"EWS"
"4",0.965614087,-2.380546634,0.625296514,-1.741256487,-0.845366394,0.949686822,1.093800732,0.819735778,-0.284620098,0.994732158,1.01483205,0.082501222,1.047599657,0.972028137,-0.170788321,-0.0438474,-0.425412746,0.45285747,-0.680230955,0.39386475,0.714761891,1.11573158,0.287131921,0.57233456,0.928574971,1.069835514,0.316269529,-0.089049817,0.074086543,-0.077205071,0.138891999,-0.484995447,0.722851603,0.91055431,0.997243794,0.58650807,-0.720312849,-0.082078111,-0.937769764,-0.338133616,-1.161232651,0.979152849,-1.200977295,-0.025317808,-0.224644677,0.136015804,0.999454717,0.691245373,0.823824504,-2.106196279,0.711625402,-0.502361545,0.903610679,-1.130412601,0.902881225,0.793444902,1.095139599,-1.361406646,1.002064677,0.832865644,0.962907107,-0.353964335,-0.496758367,1.014505779,-0.503519049,-1.342468882,-2.02798826,-1.616462527,-1.189412653,-1.385894441,-0.291690094,0.199915865,-1.712578671,-2.243373233,-0.228533049,-0.201137471,1.024319684,-0.497415937,-1.59405681,-0.858965665,-0.153617489,-1.391507928,0.957662975,0.621651179,-0.585010522,-2.045619993,0.490724952,-1.065370955,-0.597109992,-1.666008264,0.204898111,0.502349805,-2.289668868,0.880787899,-1.166034965,-0.31992982,-0.558266698,-1.348998576,0.234914007,-1.745257636,0.051453282,0.667624223,-1.311558015,-1.138185064,-1.082345316,-1.37634403,-0.152918106,-0.791642427,-0.952695414,-1.458005209,-0.668259465,-0.116196794,-1.155817762,-0.351971736,-2.524479425,-1.200312843,-2.744195648,0.773251425,-0.158644093,-0.309655053,-0.528141346,0.184901559,-1.104127469,0.908984103,0.200652513,-1.190727578,0.627808339,-0.027371197,-2.259525604,-0.228533049,-1.184497028,-1.731040734,1.041724426,-1.034792776,-0.233193887,0.947285396,-0.065071997,0.23174644,-0.532389802,-0.588967362,-0.214555534,-0.390675023,-0.537511889,0.479334957,-2.060423536,-0.620454495,-1.62964062,1.033397984,-0.6680644,-2.380546634,0.787957235,-0.007024615,-0.52087596,-0.126697653,-1.850872734,0.194908672,-2.12611395,-1.322381035,0.165599181,0.252236226,0.387979794,-0.163696093,-1.066532395,-0.366436721,-1.062473242,-0.002904213,-1.162830861,-1.444347293,-2.440698395,0.200488861,-0.39630717,-0.794073099,-1.060738636,-1.448595387,-1.466203744,1.025001629,-1.511404172,0.570753532,0.765700373,0.318017272,-0.998043234,-0.141448364,0.278086179,-2.249992643,-1.041570548,-1.683084453,-2.271086426,-0.592759007,-0.126470664,-1.35208619,-1.438430116,-1.838222344,-1.609938037,0.462790175,-2.265289308,-1.242713633,-1.805452796,-2.173312757,-0.596928323,-0.446912298,-1.5847453,1.193316224,-2.254747764,-0.540254434,-0.086102699,-0.343476711,0.305792092,-0.820298966,-0.408118626,-1.241328591,-0.428170946,0.33332443,-0.253216236,0.765607367,0.816735555,-0.393783603,-1.942117351,0.944256032,-2.31364604,-1.627092848,-0.0965109,-0.636010989,-1.815847265,-1.729348209,-1.924833823,-0.458549479,-1.256319285,-1.045545568,-1.27833722,-1.289893867,-1.041853955,0.469941127,-1.571660548,-0.842807955,0.076405331,-0.141678778,-1.428784413,-1.48943512,0.11172025,-0.363987329,-0.108810906,-1.3919101,-1.456716825,-1.715910157,0.570414415,1.135843845,0.283674051,0.250525228,0.515335439,0.901664285,-1.226218413,1.042676656,-0.576075509,-0.215423428,-1.657578288,-0.922308804,-1.047539018,-1.804236991,-1.345536369,0.921079249,0.762440007,-0.44488184,0.296394013,-0.523742016,-1.527397202,0.048885398,0.158541028,-0.789437841,-0.37760678,-0.973655049,-1.525556428,0.789366038,-0.618782099,-2.021927635,-0.625862434,-1.458865054,-0.032213322,-0.580175702,-0.495280412,-1.004029646,0.14019663,-1.635268672,-0.198328995,-1.700457311,0.100840315,-0.412942998,0.494635264,-1.080281332,-0.93623837,-1.769019982,0.188717724,1.174430702,0.504042671,0.238150383,-1.086189769,0.38267402,1.040135359,0.92068108,-2.097198263,-2.105374924,0.116537816,1.050996435,-2.525728644,0.232697764,-0.291154762,0.366932158,-1.432128897,0.570640506,-0.220521991,-0.992631965,-1.801809805,-2.472187877,-0.898696423,-0.718464989,-1.059007034,0.666135631,-0.43912531,-0.253860524,-0.596746686,-0.255795884,-0.844667988,-2.083449563,-0.695550065,-1.320881223,-0.700373226,-0.517514612,-2.015903521,-1.502828177,0.8945358,1.041018486,0.832691708,-0.477390848,-1.975441952,0.811641075,-0.46648981,0.771819719,0.368109322,-0.771973961,-1.080281332,-0.249487527,0.468502503,0.545748654,-0.034591445,-1.397153104,0.137149838,0.150658876,1.033753716,-0.874189556,-0.019080888,-0.874189556,-0.768301854,-1.827593922,0.830209831,-2.090704734,0.915410344,-0.40661577,-2.440698395,-0.816445397,-1.461449035,0.545690711,0.177309015,-0.700373226,-1.856618042,-1.396748819,0.33611503,-1.157407335,-1.739546598,-0.696954419,0.36824772,0.593271595,-0.550259693,0.453556616,-0.352113933,0.567357175,-1.588655373,0.135491969,-1.015834862,-0.875148789,0.089383561,-1.190069899,-0.543348815,-1.720928288,-0.501700716,-0.570398715,-1.396748819,-0.915790857,-1.039023497,-1.481044698,0.708085053,-1.523719037,-0.281169989,-0.448633604,-1.042421009,0.059871397,-1.886509806,-0.147108865,0.463356587,-1.199980783,-1.085301275,0.165429689,-0.809007067,0.737738064,-0.627921396,-1.57987911,-0.561943495,0.988909024,-1.159955919,-1.891800823,-2.210917904,-1.263369014,-2.184802057,-1.408131056,-1.746403768,-0.998585975,0.515634045,-0.419614744,-0.029222859,0.083329608,0.350093333,0.320633173,0.075756612,0.191529038,0.321213556,-0.258252728,-0.16110816,-0.077529203,-0.669821355,-1.699909816,-1.006489,1.104693759,-0.371933625,-0.407667532,-2.62693115,-0.776311422,-0.611198598,-0.877310432,-1.404051083,0.361443556,-0.521381138,-1.283737773,-1.367276355,-2.22192719,-0.943148186,-0.436491487,-0.563347743,0.124957239,-0.287015628,0.931494566,-0.495772821,-0.173282532,0.267810943,-2.057288737,-0.077205071,-0.606419177,0.656483196,-0.537683078,-0.488901066,0.980391657,0.469941127,0.942036448,0.320197664,0.988239231,-1.803022662,0.536317917,-0.831030888,-0.873231242,-0.939047719,1.02947655,1.038083496,0.983612875,-0.62008261,-0.01095984,0.717791011,-0.287148881,1.105786492,0.631058988,-0.266051052,0.442503956,0.308954208,0.388522387,0.529333295,-0.111378588,-1.081165375,-0.323654733,0.233727345,-0.267226064,-0.13547614,0.635941707,-0.761426021,0.356204833,-0.400029906,-0.113168698,1.097444941,-0.567748771,0.948990228,0.053825087,0.065506802,-0.995333939,0.657623624,-0.627921396,0.169236317,-0.771324962,-1.009777575,0.278464723,-0.18140198,-1.093923299,0.863311807,-0.914292729,-1.197990733,0.998423561,-0.671385689,-1.45328923,-0.443790222,-0.185245828,-0.653541926,-1.068568167,-0.951141009,-0.912547746,0.029267498,0.936446238,0.300771037,-1.380312289,0.906038355,-0.914791856,-1.5945493,-0.762497259,-1.069150579,0.952969756,-1.476219069,-0.764643182,-0.433093275,-0.677864557,-0.411583789,-1.368847448,-2.430418465,1.08146613,-1.606941032,0.669827375,0.719302138,1.030618918,0.803838462,-2.107018309,-2.24620476,0.070085608,0.900608404,0.164412136,0.739410345,-1.851509474,0.156234222,-1.781413177,0.495062029,0.656742499,-1.836338513,-1.704848097,-0.911054465,-2.147292209,-0.762282919,-0.817350784,-0.755448207,-2.382711137,-0.898696423,-0.518185978,1.028869136,0.107418397,-1.404458332,0.047074407,-0.14329317,-0.353394616,-0.761211911,0.9004865,0.1167158,0.412837862,0.943516718,-0.104250021,-0.098384902,-1.151380354,0.505370773,-0.058264908,-1.887829938,0.064944689,0.778590662,-0.931912113,0.29617094,-0.020304753,-1.370027389,0.506516352,-1.780819529,-0.201993793,-0.306932852,-0.290352301,-0.032729825,-0.421746941,0.450884518,0.888384963,-0.457916968,0.433339645,0.649822056,-0.762926075,-0.079043207,-0.01572296,-0.264095763,-0.149660775,0.07612736,-0.142947009,0.093672476,-0.720107362,0.167123313,-2.125276078,0.408527082,0.090571698,0.078996006,-1.39513331,0.13706265,0.713292886,0.944217135,-1.163470861,0.938639136,-0.994252273,0.777947782,0.006478966,0.183737221,0.472438163,0.58137728,-0.664365379,-0.688159639,-0.394080163,-0.298406036,-0.47032368,-0.455864066,0.336686499,0.612208238,-1.067404362,-1.243406874,0.67732263,-1.414693836,0.307264087,-0.744440475,0.531216313,-0.962072925,0.570640506,-0.964955904,0.058646195,0.111899092,-0.316493154,-0.466968241,-0.651046005,0.225859859,-0.915541013,-0.867262501,0.220179162,1.025037508,-1.085893516,-1.196335377,0.080934617,-0.941352162,-0.723194102,0.122040626,0.031401763,0.056380333,-0.361113351,-1.027781108,-0.246028424,0.112077903,-1.146018411,-0.344322973,-1.412638336,-0.527293816,0.494635264,0.691195277,0.515753462,0.303875252,0.921397669,-0.999672341,0.857177467,-1.370027389,-0.66067999,-0.91030866,0.16135325,0.117605242,0.032176732,-0.613042936,-0.580175702,-0.3013754,-0.122054646,0.05230778,-0.09376138,-1.004302609,-1.586209786,-0.354106816,-0.58788667,-0.896978421,0.112971479,-1.048965349,-0.041864204,-0.860146721,-0.78329073,-1.106241316,-1.516403046,-0.318966362,-0.576075509,-0.614890683,-0.008334637,0.514618422,-0.50766396,-0.312521362,-0.721135217,-1.398771883,-0.762068626,-0.732719956,-0.267356706,-1.715354138,-0.237622873,-0.674129175,-2.196424897,-0.462194202,-0.209487225,-0.438349935,0.298992864,0.49512298,0.705767212,0.537253316,0.21993842,-1.090941782,0.425986431,-0.656429598,-2.32585372,0.984435244,0.172018664,-0.575897621,-0.610277703,0.679960619,-1.402423743,-0.384633599,-0.369181396,1.055635196,0.781112269,-0.696352312,-0.64207391,0.925527937,-0.161695739,-0.841415197,-0.827822084,0.195155515,-0.595476153,-0.960765222,-0.634689611,-0.58788667,0.454953441,-1.751001477,-0.471444667,-0.087520598,0.746687947,-0.549566452,-0.343899752,-0.696753676,-0.111043299,-0.536827426,0.363948428,-1.179280192,0.684055981,0.432236859,-0.780667778,-0.511659305,-0.316355933,-0.840487768,-2.361274089,-1.419230861,-1.220440997,-0.201015199,0.873675464,-0.467925789,0.28855669,-0.791201121,0.753065671,-0.139721943,0.128217298,0.44775802,-0.346866066,0.236020289,-1.101416216,-0.053611769,-1.807888851,-1.601965898,0.361931106,-1.218409852,-1.036764885,0.4225844,0.724209706,-0.406765954,0.053825087,-0.720107362,-1.012801632,0.410253625,-0.127606125,0.42199441,0.791860653,-0.536998498,-0.205794913,-1.569256123,0.941997464,0.69234686,-0.109814866,0.842342747,0.564916003,-0.896488105,-0.516340804,0.450884518,-0.946749939,0.476296289,-0.754809841,0.489561128,-0.046986791,0.459069064,-0.544382407,-1.551169004,-0.363843433,-0.666894809,-0.589868831,-0.919796871,-0.788117418,0.606335784,0.657416371,-0.428324402,-0.663782572,0.072692685,-0.27812786,-0.291823972,-0.717030121,-1.017493237,-0.357675444,-0.42556578,-0.106694739,-0.935983365,-0.31320503,-0.013186562,-0.941352162,0.231587798,0.515753462,0.326782586,-0.166763218,0.042292912,1.037233216,0.309468026,0.446415094,-1.425451076,-1.082345316,-0.788337368,-2.034850658,-0.768948894,-0.409623743,-0.041342964,-0.003104815,-0.606419177,0.435476882,0.862383498,-0.786798737,0.628981923,-1.280134165,-0.183682482,0.436317572,-0.802292628,-0.310746012,-0.083707749,0.789275208,-0.137424676,0.856116009,-1.295357366,-1.119019098,0.611286154,-0.509826123,-0.741077714,0.97689653,0.14721238,0.004888034,-0.482724194,-1.180907531,-0.080559508,0.157003749,-0.733136189,-1.059007034,0.446926898,-0.360252765,-0.016942721,-0.043742923,-0.927351679,0.985816795,-1.905824426,-1.459725639,1.016642726,-0.126811167,0.220660471,0.737785882,-0.508661301,0.972595448,0.111183529,-0.539396581,-0.002402885,-0.088612658,-0.127719742,-0.244878043,0.522892525,0.67207675,-0.142485648,-1.004302609,0.392514949,0.022348404,-0.544210068,0.005385472,-2.413516654,0.121155122,0.896210466,1.035175383,-0.616741849,-1.10714862,1.122849513,0.908056927,-2.062781101,-0.129084153,-2.445301395,-2.160217852,-0.913793852,1.099978022,0.184319559,-0.959198233,0.660107326,0.314372688,0.123190611,-2.115275995,0.390216097,-0.080017708,-1.062473242,-1.001576326,-0.475780282,-0.29410264,0.390080706,0.411380909,1.040312047,0.059588791,-0.573410499,-1.690647968,0.382128243,0.438319445,0.866848355,-0.40917197,0.913005341,-2.078641862,-0.583037958,1.12336994,0.385330426,0.709463345,0.512404377,-0.115747609,-0.649130295,-0.771973961,0.726436878,0.109750864,-0.256183405,-0.201259758,0.793037763,-1.124237836,-0.040301297,0.230079442,-0.363699559,0.24865534,-2.339249077,0.311374185,0.333611004,0.099302201,-0.322135501,-0.580890498,0.931573355,-0.684980618,-0.927098931,0.773482153,0.019508466,0.361373887,0.884221982,0.564745466,0.099845335,-1.262308381,-0.785043195,0.822990531,0.812528938,-0.289951312,-0.78987837,0.090480353,-0.869407146,-0.397496938,-0.668844888,-1.987044692,0.9464707,0.917090412,-0.672168774,-0.461083532,-0.375566558,0.541510006,-1.053256587,0.30151101,-1.924833823,-1.195343478,-0.58842687,-0.998585975,-2.219163485,-0.726290399,-0.948813924,-0.939047719,-0.534606152,-0.647218249,-0.890135774,0.510845624,-0.594207233,0.540578582,-1.288441961,-1.969690678,0.375898973,-0.966006324,0.108316143,-0.218778094,0.171513358,-0.195893237,0.949609447,-0.740867917,0.939811927,-0.485157877,-0.594207233,-0.571814895,-0.30151058,-0.231049723,0.37836794,-2.116105526,-0.529838563,0.350375142,-0.578212642,-0.381406843,-0.548527491,-0.8603831,-0.752684893,-0.275490032,0.027323296,-0.411885676,-0.239399974,0.599879913,-0.629046255,1.106977205,-0.596928323,-0.031697087,-1.360236827,1.016425618,-0.714779481,0.032176732,-1.242020872,0.496523839,0.248889268,-1.103524333,-2.269150317,-2.394700382,1.060564221,-0.934963997,-0.142600969,-0.240925721,0.03449804,-0.446130865,-1.297551151,0.025375306,0.992177122,1.054730061,-0.019284761,-0.27483166,-1.458865054,0.358443379,0.422059982,0.908339202,-0.537854296,0.294011996,0.541044402,-0.648556297,-0.097061713,-0.635066969,0.374455921,-0.472727335,-2.091514123,-0.274436846,-0.296386513,-0.14064233,-0.270366195,-0.632804952,0.253090628,0.187060311,-0.764213629,0.570923048,-0.69214768,-1.605445891,1.069835514,-0.959198233,-1.162830861,-0.841183259,-0.127151786,-0.863461118,-2.121097217,-0.716620537,-0.898205264,-0.375566558,-1.18678798,-2.294616923,-0.18224156,-0.46029095,-0.290352301,-1.238564249,0.87037244,-1.258077063,-1.086189769,-1.029739424,1.036736885,0.941958479,-0.586447562,0.092852617,-1.033386504,0.092396849,-0.927857368,-0.117995558,-0.038117322,0.105980324,0.6019087,-0.924574951,0.64058993,-0.971010944,-0.682207241,0.288481753,-0.841647189,-0.393931872,-1.276185138,-1.36963392,0.716424157,0.102376067,0.414094435,-0.057523186,-1.25281297,-1.044408235,0.031401763,-0.413547684,0.902881225,-0.708463885,0.719837796,0.302176519,0.296394013,-0.669821355,-0.315670109,0.214869415,-0.46203546,0.688034131,0.80428597,-0.099930839,-0.816219178,0.845739504,-0.750352654,-0.2007707,-1.54928399,-0.536998498,-0.157238776,-1.008406021,-0.638090975,0.181237636,-0.691149178,-0.790539527,-0.395861372,0.133218844,0.824350866,0.768022715,0.520280783,-2.111138628,-0.442232832,-0.083599024,-2.364460497,-0.875148789,-1.129483952,-1.032262908,-0.101147182,-0.616371342,-0.37775267,-0.398241263,-0.863461118,-0.348140041,0.019802627,-0.016027761,1.048476219,-0.559140901,-0.788997506,-2.488914671,-0.311565013,-0.328642966,-1.470545914,-0.586807145,0.80549324,-1.771956842,-0.857550237,-2.314657674,1.095005793,-2.137918471,-0.365715689,-1.038458366,-2.65498348,-0.153384307,0.37836794,-1.272965676,-0.820980552,-1.87993516,-1.934475771,-0.587706668,-1.223495471,-0.568454737,-0.086211697,-1.037893554,0.91055431,0.023618866,-1.044408235,-0.828737835,0.444749922,0.284727713,0.652845884,-1.373180722,0.020488666,1.089201479,-0.569868164,-0.100815305,-2.891372258,-1.246184653,-1.4554301,-1.137561039,0.84689778,-1.601965898,-1.524178068,-1.222136775,-0.501040323,-0.797619202,-0.068814316,-1.895121982,-0.984837274,-2.001000115,-0.41521246,-0.923818998,0.681934553,-1.173766962,0.815586028,-0.818256992,-0.10325163,0.408859341,-0.219027036,0.723191302,-1.718694898,-1.764338874,-0.311428466,0.945150261,-0.998585975,-1.697176827,-0.937259038,-0.136965855,-0.783947545,-0.402120707,-0.048980182,0.676458699,-0.937514368,0.113507241,-2.339249077,0.3074847,-1.172474137,0.171681822,-1.175385347,0.401925518,-0.607152987,0.659280111,0.400921468,0.710741489,0.853137917,-0.909315118,-0.537340729,-0.374693449,1.097444941,-2.467459736,-0.347715203,1.129690971,-1.546932707,-0.868453402,0.101743984,-0.802515718,-1.873403458,-0.213440776,-0.605502671,-0.397199364,0.604152019,-0.856843273,-0.628671161,-0.308973808,0.358163835,-1.109875481,-0.396901877,-1.407313728,-1.690105816,-1.713687934,-1.306744082,1.029547986,-1.960414835,-0.181881654,-0.078069655,-0.771973961,-0.904856354,-0.839792761,-1.391105918,-1.158043872,0.744125425,0.143407463,0.414226614,0.791135589,-0.074292605,-0.60495317,-2.12611395,-0.315395911,-0.336592244,-0.187052731,0.285780265,-0.790319092,-1.030019497,-1.451152933,-0.55809195,-1.216045386,-1.314531995,-1.092729626,1.020758849,-0.842807955,-1.676112046,-0.980562622,-1.718137329,-1.987774353,-0.690151672,0.857559317,-0.600203435,-1.599487582,-0.053400777,-0.68995229,1.028046753,0.752076248,-0.248846049,0.253711553,-2.007679175,-1.992163534,-1.313043899,-1.975441952,-1.831332244,0.011928571,1.038437566,-1.915283956,-0.230545881,-1.264784944,-0.541284831,-0.759714425,0.373768021,-0.661260992,-0.269056608,0.637528757,-0.834710745,-0.652389188,0.566052173,-0.242071561,-1.156771203,-1.585233224,-0.451927983,-0.748448496,-0.315121788,-0.75587401,0.576332426,0.558701084,0.617129694,0.458626656,-1.143505058,-0.368024825,-0.648173815,-1.306744082,-0.050661915,-0.041134543,-0.450357877,-0.434945413,-0.821435201,0.490724952,0.670697052,-0.727531607,-1.088562953,-0.930389656,-0.76507292,-0.371498559,0.853137917,-0.322135501,-0.478035801,-1.180907531,-0.059431584,-0.258770729,0.965347527,-1.260190484,1.056956613,0.201633868,0.035463664,-0.321169917,-0.293700145,-0.803185286,-1.845160246,0.286831711,-0.933945667,-0.630923837,-1.164752091,-0.88140633,-1.163791015,-0.884065585,-1.589145209,0.6970894,-0.593482857,-1.809109108,-0.227904868,-1.287716798,-0.542660347,0.122129133,-0.484833043,-0.795401415,0.158626363,-1.192373668,-1.035355839,0.25727441,-0.71355399,-0.314847741,-0.394376811,-0.237622873,-0.501040323,-0.298540816,-0.404665428,-1.151064149,-0.477229674,-0.735637232,0.312252726,0.050978245,-1.314904365,-0.745072253,0.303727651,-0.60495317,0.408394148,-0.656622406,-1.08975166,-0.543521007,-0.953733027,-0.54697107,0.489806257,1.065331234,-0.074400323,-1.5154923,-1.16315081,-0.326007187,0.383014979,-0.737099068,-0.824395467,-0.721958262,-0.344040806,1.033611438,-1.436325295,0.165260169,-1.229632551,-0.949847515,0.321068491,-0.13056437,-0.664559724,-0.287815415,-0.234963128,0.818457372,-0.766793721,0.446990855,-0.072570693,-0.470803949,0.472562852,0.618208094,-1.319383656,0.496280352,-0.977368581,0.873174441,0.088377111,-0.676880208,-1.275826908,0.103819329,0.586285539,0.983874611,-1.177006356,0.505310443,-0.161695739,-0.850502991,0.705717838,-0.044788183,0.980316622,0.291698994,-2.501036032,-0.009949331,-0.25489225,-0.83034242,0.831560388,-0.698561813,-1.28916765,-1.141311043,-1.157089218,-0.014098924,-1.445619827,-1.858540503,-2.727233021,-0.307748735,-0.196745077,0.416998344,0.933069183,0.95804669,0.433534128,-0.813508537,-0.575897621,-0.645119212,-1.039871794,-0.838172953,0.708232818,0.29884454,0.683955062,0.059400343,-1.119631656,-0.497251504,-0.899187824,0.275963679,-0.150125459,0.497314762,-0.463783017,-0.286882392,0.306160294,-1.136937403,-0.906587956,-1.406497068,0.428139425,-1.051824127,1.003348774,-0.488412029,0.022250609,0.521231296,0.055907632,0.912403185,0.383492127,0.031401763,1.075855302,-0.707448965,-1.087672349,0.275660097,0.943866988,-0.23079777,-0.979496808,-2.777400279,-1.234775713,-1.063052113,-1.27905561,-2.236797352,0.765886359,-2.155890714,-1.787369121,-1.430455257,-0.708260818,-1.648698626,-0.533582611,-0.290486,-0.357532454,-0.819844834,-1.565421027,-0.354249317,-0.619153501,0.71358686,0.455334055,-0.486783629,-1.239945465,0.875802015,0.587508849,1.036595031,0.107418397,0.037777364,-1.207980826,0.015282624,-1.517314624,-0.904115156,-0.342912933,-0.162166051,-2.045619993,-1.178305058,0.534034209,-1.442653095,0.290951721,-0.157589921,-0.660099327,0.581041747,-1.300116665,-0.761211911,-1.822631133,-0.780231287,-0.946749939,-0.426637673,-0.114849842,-1.238564249,-1.110482461,1.12356503,-0.360109406,0.712018001,0.031789322,-1.004848759,-1.54599374,-1.069441911,-0.078718585,0.797642322,-0.443166975,-0.925331477,0.532156494,0.465932855,-0.671777155,1.015701583,1.062881479,0.01202738,-0.468404908,0.158370336,-1.259485514,-0.86441011,0.015676479,-0.025010163,-0.470163642,-0.2714151,1.097411568,0.465493474,-2.051048467,0.327791813,-1.191385689,0.842816405,-1.527397202,1.017438386,-0.229161624,-0.6361999,-0.585728784,-0.260585847,-0.783071888,-1.475344178,-0.268794897,-1.242020872,-1.516858731,-0.037805715,-0.729603718,-0.350834887,1.00803091,-0.960503887,0.061095099,0.586786165,0.011533236,0.771403679,-0.329893921,0.111988502,0.429897524,1.090916082,-0.692747261,-0.360682965,0.422322225,0.653262247,0.822814869,0.736829082,1.105323054,-0.665142984,0.034594645,-0.604038005,0.98604065,1.189792741,0.554344778,0.25588176,-0.753321904,-1.271181554,-0.337152468,0.926557844,-1.307483181,0.561385649,-1.057566319,0.87617682,-1.128556165,-0.511826124,-1.173120341,-0.684187439,1.085864716,1.044015297,-0.216664585,-0.026343975,1.074490347,0.120357497,0.727065399,-0.136278018,-1.494325105,-0.501040323,-0.774357236,0.705668461,-1.824489294,-0.633935321,-1.423788566,-1.488105627,-0.520539316,-0.198938863,-0.296386513,-0.334913452,-0.563172104,-1.575036486,-1.297917251,0.312984255,-0.745493661,-1.295357366,-0.223518622,0.066817173,-1.144446825,-1.067404362,-0.177811741,-0.087411457,-0.404066087,0.193261497,0.321431112,0.189048878,-1.638866723,1.15167901,-0.499061757,-0.666115842,-1.806061254,-1.998783639,-1.922095971,-1.709258248,-1.798784084,-0.350692872,0.570188273,-0.91030866,-0.173996308,0.505612057,-0.430936774,-0.054984308,-0.42694414,-1.216045386,-1.47359669,-1.786771928,-1.014454981,-0.460449416,-1.138497222,-0.979763155,-1.019985968,-1.11108981,-1.426699776,-0.432014443,-2.281802554,-0.41536394,-1.581336482,0.377271374,-1.318261951,0.754665521,0.800206253,0.508262341,-1.72878467,0.505612057,-1.636295367,-1.825729989,-2.041760475,-0.806315879,0.865207942,-1.027222293,-0.675307262,-0.06400533,-0.83034242,-2.210917904,1.094269539,-2.384880336,-0.062301026,-1.103222901,-2.67800608,-0.37775267,0.854245101,0.666186999,0.240354588,1.064572796,-1.703748592,-0.812832024,-1.464904762,-1.667067025,-0.703803761,0.675441353,0.940553984,-1.237529588,-0.017553159,-0.418702335,-1.451152933,0.212689093,-1.063341675,-2.549765222,-1.225196441,0.240511845,-0.151753555,-0.411734721,-0.603855073,-0.28568407,-0.270235159,0.764211239,-0.947265536,-1.378326191,-0.983232138,-0.897468978,-1.077927697,-1.806061254,-2.234926445,-0.664559724,-0.557218663,-1.963259787,-1.545524587,-0.431090656,0.274368843,-0.542316291,-0.515168373,1.15923691,0.01597177,0.367278527,-0.256571077,-0.840024376,0.09630968,-0.153267736,-2.27789248,-0.056676177,-2.571772583,-0.632993258,-0.486620935,-0.732511904,-2.512072318,1.072028723,-0.340801595,-0.7271177,-0.5642264,-1.843895224,0.04018179,0.770941208,-1.092133323,-1.702101597,-1.65286747,-0.59529478,0.218974874,-0.339817827,0.328656055,-0.942121492,0.108226405,-0.977634362,0.077146209,-0.295714244,-1.710917081,-1.021929064,0.101653654,-0.731264503,-0.139721943,-0.32892082,0.220339624,-0.259418607,-1.961125315,-0.651429587,0.929206957,-1.113522901,0.333181113,0.521587506,0.267581401,-0.531708835,-0.911551978,-0.085884739,0.924933277,0.133656385,0.543834777,-0.747181069,-0.047196435,0.231825752,-1.471852249,0.049266241,0.659900587,-1.106241316,0.576894224,0.338470239,-0.138228119,0.154864711,-0.828737835,-0.465692934,-0.095740272,-0.708260818,-0.810355381,-1.806061254,0.752029108,-1.566378423,0.990878589,0.165683916,-0.731472295,-0.312384685,0.149712273,-2.806766174,0.1857324,-1.64454709,-2.190149664,0.999012923,0.497436387,-1.713687934,1.119427475,0.195813464,0.483166616,0.913887847,0.789865459,-2.354931573,-1.072067733,-0.637334116,-1.136314156,-1.155500151,0.587453276,-0.798507696,-1.247924692,-2.02798826,-2.150722744,0.187557824,0.777901846,-1.256670593,-1.552585101,-2.598299337,0.031207927,-1.557794679,-0.423425433,0.162968828,-0.762711644,-0.233320158,-1.106543659,-1.986315564,-1.764922815,-0.871078389,0.951271701,-1.253163049,0.076312683,-0.504677893,-0.323516525,0.933108517,-0.993711879,0.078533878,-0.952695414,-1.436745905,0.986861025,-0.782196997,-0.299889616,0.978025326,0.903732203,-0.319792126,-2.647896278,-0.229287386,1.056122237,0.042197049,0.021565778,-0.364131245,-0.398986142,0.787001756,0.603769369,0.69823422,-0.229413164,1.02467866,-0.630923837,-0.441144101,-0.399284249,0.079550279,-0.070315174,-0.348281695,-1.875358493,-0.343899752,0.261055716,-0.956852344,0.858025824,0.058834786,0.218010399,-0.41521246,0.100388174,-0.958676448,-0.825308084,0.928614482,0.965956703,-0.878513368,-1.001576326,-0.851674089,0.572842218,-0.738144546,-0.020100672,-0.306661039,-0.099930839,-0.867024491,-0.88673193,-0.209487225,0.029364609,1.065882464,-0.942891414,-0.862749965,-1.023875943,0.281336985,-1.381904013,-0.140872559,-1.149800325,-1.95970486,-2.073061935,-0.531028331,0.151174828,-0.255795884,-0.492821999,-0.88746035,-0.504843552,-1.420057991,-1.950520762,-0.430782916,-0.113392687,-1.658103084,-0.200037563,-0.253731633,-1.152646177,-0.970219074,0.723336852,0.36158288,-1.942117351,-0.136965855,0.185898485,-0.059007181,-0.24692408,-0.555648667,-1.85342213,0.266969031,0.294235551,0.976406989,0.091849654,-0.834710745,-0.24551698,0.072878645,-0.929882685,-0.453972812,0.527092596,-0.297463084,-1.049536451,-0.429552904,-0.205426431,-0.408720401,-0.40137349,-1.988504547,-1.127938118,-0.032523192,-0.850971266,-1.889151815,-1.414693836,-0.161930867,-1.114436839,-1.170215708,0.040373894,-0.039572775,-1.166998202,-2.083449563,-1.845793358,-2.425883309,-0.781541331,-0.989668202,0.884634932,-0.276017041,0.107328578,-0.870839469,-0.260456086,-0.72505073,0.127249201,0.149367832,0.318381001,-0.859910398,-0.516676037,-1.153596597,-0.246668096,0.176890167,0.084524955,-0.921052049,-0.966006324,-2.77900929,-1.46793835,-0.800509699,0.74749331,-0.912049738,0.218251605,-1.013352445,0.811774304,-2.317698731,-1.284821392,-1.494325105,-0.513830133,-1.820158944,0.356134798,-0.069135739,0.229443664,0.059965581,-0.671777155,-0.781322871,-0.00020002,-0.401821753,-0.070422464,-0.202973345,-1.168283962,-1.90851803,-0.993171776,-2.345492594,-0.673344553,-0.538882222,0.675492245,-1.67504367,-1.815847265,-1.102319151,-0.27010414,-1.188755839,-0.568101692,-1.263722809,-0.722575991,-0.024805119,-0.066139803,0.401590947,0.409921829,0.472874504,0.6775258,-0.184884839,-0.436646226,-0.05921936,0.055434707,-1.221458119,-0.592216462,0.59663628,-0.596201975,-2.48530673,-0.702793558,-0.34418188,-0.625675465,-0.200892942,0.084524955,-1.020540753,-0.757579041,-0.14329317,-1.446044366,-1.092133323,-1.729912066,-0.94160854,1.161868738,-1.28518286,0.595754835,0.795207256,1.027510051,-0.929629296,-1.172151192,-0.725670372,-0.780013114,-0.818483672,-1.407313728,-1.341320995,0.625457032,-0.046672408,-0.815993011,-0.277071893,-1.07089985,-0.924574951,-0.433864583,-1.48722028,-2.046393688,-0.943148186,0.528979834,-1.320506621,-1.600478171,0.555607767,-0.683791086,-0.390970662,-1.683622811,0.046024438,0.003493889,-0.46648981,-1.711470638,-0.530858278,0.343873352,-1.100814712,0.463859794,-0.42007126,-0.67648674,-0.472727335,-0.273779167,-1.35751256,-0.818483672,-0.670603216,0.498044289,0.728996833,-1.342851803,0.919405875,-0.567925216,-0.952954716,0.266969031,-0.877310432,-1.116572614,-0.291690094,-1.828216006,-2.174191878,-0.425718837,0.272619195,-0.14317777,0.24678195,0.820264296,-0.597109992,-0.018367657,-0.497744884,-1.020818261,-0.73459437,-1.381107834,-2.234926445,-1.11108981,-0.087520598,-0.762926075,0.019900662,-0.830113036,-0.545589616,-1.291711719,-0.623994322,-0.189829672,0.424483114,1.051625497,0.107508208,0.467625804,-1.507332689,-0.505174952,0.617345467,-0.432784919,-0.637712474,0.282166892,-0.382285835,-1.105939064,-1.605944023,-0.470483744,-1.827593922,-1.954749098,-0.629233855,-2.067512971,-0.554081132,-0.295042427,-0.232562773,-0.964955904,0.189710855,-0.388165611,-1.304530059,-2.097198263,-0.177095238,0.822858787,0.102556588,0.142974169,0.509404615,-0.662617976,0.293862932,-2.007679175,-0.810580277,-1.645583359,0.706704858,-0.097171912,0.215836923,0.319761966,0.673097523,-0.776963667,-0.732719956,-0.59747343,0.51264397,-0.983499482,-0.003205131,-0.49807394,0.342383303,-0.172212823,-0.644357016,0.568603845,-0.455548608,-0.192129498,-0.478842578,-0.807436327,-0.281965112,-1.673976434,0.733088788,-0.515168373,-0.453500557,-0.148732054,-0.265398864,-1.666537504,-0.263965546,0.913326342,-1.181233317,-0.759714425,0.18290472,0.504103078,-0.741707371,0.0798273,-0.691348799,0.111899092,-1.223155624,-1.001304106,-1.975441952,-0.798063351,-2.24620476,0.38390093,-0.671190013,-1.447319063,-0.448790233,1.038720731,-0.7271177,-1.176357637,-0.044788183,0.259745454,0.357114847,-1.893127964,0.255107227,0.163308618,-1.021929064,-2.07784282,-1.127629238,0.33153148,-2.179482896,"EWS"
"5",0.075663904,-1.72878467,0.852626495,0.27269533,-1.84136997,0.327935906,1.25121892,0.771449914,0.030917103,0.278313322,1.112219292,-0.393635356,1.18677578,0.418052224,-0.386545223,0.086728004,0.137585663,1.147402453,1.203482684,0.631165388,0.552274622,1.222392122,-1.602462299,0.995804069,0.701016139,1.129561709,0.788320987,0.291175962,-0.063792133,1.069149149,-0.952954716,0.956472522,-2.24620476,0.607480354,1.313347253,1.195224651,-0.46473752,-1.876011022,-0.517850239,-0.673736787,-1.216045386,1.301580343,0.33475648,-0.833559334,-0.565809932,0.724694296,1.072713115,-0.601845022,0.721637451,-1.817077277,1.15857787,-0.113840816,1.073704653,-2.021927636,0.927111971,-0.164403056,1.177084533,0.869282978,1.073465406,1.31105883,1.22759167,1.265340679,-0.056147161,0.233252286,0.576838058,-2.146436411,-1.901128006,-0.368313843,-0.674718045,-1.096614286,-0.983766897,-1.022484928,-1.847695102,-1.178629997,-0.723812595,0.518138817,1.157949808,-0.682602967,-2.033321606,0.040949986,-0.991553216,-1.546932707,0.984883523,0.919086819,-1.895121982,-1.261955087,-0.965218406,0.96351777,-1.331048887,-1.698815724,-1.039588948,-0.434790938,-1.979053368,1.004338239,-1.009228728,-0.166408838,-0.605136303,-1.325763861,1.000962708,-0.83378951,0.916370729,-0.818256992,-0.279581636,0.144879261,-0.222019184,-1.312672221,0.436834568,-1.947711771,-1.130722343,-1.77608299,-2.010662026,-0.311018938,-1.056702886,-0.72815279,-0.996145957,-1.510950966,-1.827593922,0.194661769,-1.206308864,0.495001073,-0.476907406,-1.128247094,-0.674718045,0.969528135,-0.392598242,-0.122167634,-0.784823969,0.209450224,-1.590616158,0.527387712,0.130852808,-2.060423536,1.067878129,-1.524178069,-0.938536341,-0.979763155,-0.42617815,-0.678652734,-1.201642189,0.981404088,-0.501370465,-0.96942783,-0.583934096,1.073909676,-1.393520406,-0.699970406,-1.409358301,1.325269659,0.768440165,-1.707050741,-0.645881988,-0.041551427,-0.812381269,-1.101115419,-1.128247094,0.308366664,-2.38705425,-0.120586963,0.583722863,-0.825308084,0.561784862,0.711772645,-0.440988664,0.815099291,-0.501040323,-0.544382407,-2.07784282,-0.943148186,0.062599142,-0.2026059,-0.194677579,-1.138809478,-0.99047563,-2.248096908,0.089840704,0.896047207,-2.308603165,0.466748337,-0.896733233,1.041583278,-1.072359918,-0.041342964,0.865502573,-2.48410697,-0.295714244,-1.49923912,-2.000260744,-0.358533813,0.999381098,-1.616462527,-1.123930097,-1.297551151,-1.14696255,-0.866073016,-0.222643676,0.00608147,-0.977102871,-0.360109406,-1.346689107,-0.44036716,-0.472246142,1.190066559,-0.391118514,-1.420057991,0.261594738,0.289155986,-0.071496002,-0.326838788,-1.23065907,-0.639606414,0.192766815,-0.828050943,0.036524775,1.006167998,0.526797393,-0.579818495,-2.061994628,1.19610191,-1.971843531,-1.989235274,0.140283545,-0.650662569,-0.828279855,-1.646620704,0.04936143,0.122394608,-1.190727578,-0.901155844,-1.729348209,-1.007857925,-1.648698626,-1.030299649,-2.11943055,-1.280134165,0.039220713,0.398507628,-1.28518286,-1.758518135,0.30136306,-0.946234608,0.268957864,-1.886509806,-0.771757581,0.450438474,0.492498707,1.259142576,-0.619153501,0.047551302,-0.720929562,-0.108253585,0.088377111,1.073602126,-1.159636991,1.094436917,-2.291645153,-0.716415808,-0.364275181,-2.368724896,-1.182211313,0.973086858,-0.333795821,0.202124184,-1.606442404,-1.48722028,-0.965218406,1.021263172,-1.105939064,-0.60495317,-0.87562875,0.313569093,-0.490532921,0.23285623,0.103819329,0.272314595,-0.940839605,0.023716527,-0.647409289,-0.000700245,-0.727324632,-0.1537341,-0.397794602,0.284727713,-0.496922719,-1.985586966,-0.017349638,0.510065335,0.928930512,-0.540597782,0.926755782,-0.543693227,-0.370484139,1.198487789,-0.495280412,1.134847781,0.628768647,0.223943232,0.688586798,0.991620814,-0.966006324,-1.388697246,-0.10280822,1.096543484,-0.889405403,0.146953413,-0.529329095,-1.085301275,-2.035616062,-0.305303081,-0.604587004,-1.28699216,-2.384880336,-1.518227032,-0.758005753,-0.429706573,-0.589688472,0.583053258,0.926478658,0.996321132,-0.005414633,-0.499391246,-0.576609364,-0.51266064,-1.658628157,-1.281934346,-0.576253429,0.114488727,-0.081318521,-1.056702886,1.123532518,1.078579635,1.150951702,-0.083925235,0.005783245,1.115174377,-0.89452924,1.164868084,0.531686514,-0.775225292,-0.741077714,-0.421289659,-0.15455076,1.133174733,0.591059083,-0.426484475,1.044156103,0.888960644,1.176282955,0.575151622,0.278691781,-1.590616158,-0.266573109,-0.486295626,0.731213381,0.291624292,1.237069032,-0.586807145,-1.931021537,-1.173766962,-1.7567785,1.11044204,0.540462093,-1.146018411,-0.779358877,1.34679961,-0.072463172,-0.203586052,-0.588246771,0.236336145,0.201797333,-0.811030221,-1.151064149,-1.445195469,0.685618914,0.0009995,-0.55809195,0.24043322,-1.528318861,-0.680823431,-1.749274858,-0.177931209,-1.148222789,-1.071191693,0.212931586,-2.006934851,-0.783509621,-1.484127722,-0.571992059,-0.537511889,-0.176259965,-0.675896827,0.782759339,-0.489879859,-0.21183276,-0.479488469,-1.488548595,-0.414001439,-0.351261054,-1.239599982,-1.828838478,-1.043272194,-0.704410373,0.906119177,-0.786359562,-1.793360751,-0.694347901,0.710446678,-1.098412309,-0.198207066,-0.861329174,-1.133514341,-0.828508819,-0.287415441,-0.895753081,0.104720311,-0.215299397,-0.755448207,-0.464896692,-1.479726306,-0.664365379,0.275887793,-0.107807953,-0.109814866,0.965537934,0.090845683,0.498894733,-0.616927155,-1.493879572,-1.97256218,-0.675503745,1.062432281,-0.013693327,0.011137744,-1.9618363,-0.238891908,-0.513328754,-0.856372242,-1.8426318,1.107307707,0.3207783,-0.862039317,0.885501573,-1.178629997,-1.581336482,-0.406015259,-0.459974094,-0.659905847,-0.417638909,1.328029453,-0.87562875,-0.990206415,0.552907624,-0.549566452,-0.296790092,-1.546463113,0.571883093,-0.078394067,-1.004302609,0.763652241,-0.029737818,0.04142981,-0.621757185,1.149780575,-1.295357366,-0.640744502,-0.126016841,-0.361687486,-0.495444522,0.90381321,0.484892242,0.914168482,1.020290322,0.026641931,0.977272937,-0.540426094,1.178193351,0.74350754,-0.594750859,-0.404965233,0.82566556,-1.120551196,0.20220588,0.798317678,-1.583770166,-0.424800844,-1.299382989,-1.374761125,-0.917041013,0.436188281,0.047455941,-0.051398563,-0.543693227,-0.852611955,0.436058973,-0.381260419,-0.190918404,-0.089705913,-0.899925378,-1.254214021,0.472562852,0.177225259,0.008464078,-1.342468882,-0.850737101,0.424810114,-0.675700267,-1.740116236,0.249434885,-1.431291727,-1.974001029,1.150128892,-1.743540897,-1.831956659,-0.122958907,-0.620826519,-1.645583359,-1.435484605,-1.472288074,-1.512765025,0.156747306,1.244874796,-1.769606665,-2.099644249,1.225744081,1.045141186,-1.85342213,-1.288441961,-0.7271177,-0.180922536,0.754430409,-0.52239226,0.536025425,0.913125729,-0.19309943,-0.85143976,-1.462311848,1.245853438,-0.915541013,1.191647155,0.45989016,1.182187212,1.199844294,-1.510497965,-1.829461336,1.077524836,1.190553162,-0.101257832,-0.137424676,-1.707050741,0.539413081,-1.850872734,1.24677364,-0.530008443,-1.215033752,-1.187443502,-0.597473431,-2.155027529,0.207420591,-0.957112726,0.328728042,1.123337421,-0.627734042,0.458436993,1.150951702,-1.021095846,-2.472187877,-0.449573748,-0.41113113,-0.198572897,-1.002393431,-0.006621876,0.083973434,1.078069387,0.65419843,0.21985816,-0.216043814,0.8969448,-0.645691239,-1.289530693,-1.407313728,0.527623742,0.29408652,-1.113522901,-0.619710863,0.513721427,-1.026384655,0.041237908,-0.729603718,0.993177696,-0.876349125,-1.388697246,-1.715354138,-0.27812786,0.308733919,-0.497087098,-0.354819523,-0.194799078,-0.151055475,-0.992631965,-0.123524486,-0.789437841,0.042005294,-0.145257013,-1.21976349,0.584503503,-0.000700245,0.932793804,0.491887423,-2.20183519,-0.157706996,-0.584292776,-1.093326284,-1.87470639,-1.477532842,1.048581355,0.349106374,-1.887169654,0.875885317,-1.297551151,0.450757097,0.877258801,-1.481924592,-0.797397202,-0.564226401,-2.563949857,-1.055552799,-1.372391456,-1.652345413,-0.850034936,-1.014179233,-0.075693844,-0.547143886,-0.980029573,0.75396002,0.969907325,-1.887829938,-0.28103753,0.269874454,-0.234710188,-0.749929195,-0.314573768,-0.860619535,-2.288682188,-0.764428383,0.962143252,-0.501370465,-0.171737763,0.969566061,-1.093326284,-0.191523768,0.324110429,-0.160873226,-0.788557365,-0.12284583,-1.349384007,-1.154547921,-1.067986095,-0.187173308,-0.357532454,-1.48722028,-0.378482437,-0.479326957,-0.14352401,-0.560716393,-0.793409603,-0.647027245,-1.039588948,-1.127629238,-1.215033752,0.367417041,-0.902634405,-0.474815186,-1.498791392,0.084249232,-0.200526261,-1.602462299,0.007273484,-0.17757285,-0.58842687,0.334684926,-0.927857368,-0.973125669,-1.15518264,-0.068278841,0.084341148,-0.699769057,-0.035005609,-0.214803427,-0.811480368,0.95973329,-1.080870607,0.024692613,0.252935336,-0.000900405,-0.509160344,-1.438851612,-0.141448364,-0.37164356,-1.227241431,0.882485727,-0.832639159,-0.599839003,-0.554255182,-0.07709705,-0.136278018,0.011236632,0.774035684,0.335900645,-0.332679438,0.19309663,0.241297762,0.304022832,0.475675017,-1.465337569,-2.179482896,-0.745282935,0.348471387,0.466434768,0.458057558,0.88140939,0.27482477,0.996247282,0.054677561,-2.03714863,1.008541692,0.071576199,-2.215490386,0.938873804,0.30032679,-1.0820502,-1.443923474,0.348965301,-1.077633882,-0.195893237,-0.729188952,1.219915049,0.694646057,0.092396849,-0.786579125,1.129529391,-0.740867917,-1.175061461,-0.177214619,0.035367144,-0.140527235,-1.050965635,0.09803374,-0.962072925,0.657986216,-0.896733233,0.18448588,0.860735738,0.016562088,-1.284098849,-0.257088207,-0.88673193,0.171007797,-1.215370849,0.008563231,-0.857314527,0.115736499,0.294980375,-0.858729621,-1.096015663,-0.505009238,-1.385494681,-1.998783639,-1.109875481,-0.379651173,-1.389900857,0.498165826,-0.709276563,-0.656044093,-0.959981421,-0.400179104,0.109213085,0.21066603,-1.633730605,-1.112609798,0.604206671,-1.252463014,0.793535355,-0.698159722,-0.568454737,-0.273779167,-0.971010944,-0.773273225,0.710299239,0.303801454,0.478405733,-0.679244275,0.247797139,-0.263314716,-0.076557123,-0.484670666,-0.813734144,0.046310903,0.586229898,-1.051824127,-1.722046857,-0.185606948,0.577960771,0.035077527,0.410585311,-0.308156926,-0.280375497,0.480696259,0.777534284,0.280053045,-0.002904213,-0.563874845,1.130304735,0.037199441,-0.271021632,-0.335612606,-1.485010334,-0.473690417,-0.278524135,-0.886489241,-0.466330384,0.445070363,-0.10858794,0.987419986,-1.444771291,-0.442232832,-1.430873405,-0.173401459,-1.339029169,-0.024600117,-1.259485514,-1.40853997,-0.841415197,0.273532437,-1.494325105,-0.719491156,0.631218584,-1.322005871,-0.731264503,0.927230672,-0.627734042,-1.007036345,-0.670407694,0.727596915,0.003493889,0.284276279,-1.239254619,-1.577454867,-0.417183501,-1.47359669,-0.991014278,-1.968258013,-0.282760868,-0.856843273,-0.846764669,0.177476505,1.107208568,-1.732170678,0.617776874,-0.912547746,0.521171916,0.251692135,-1.187443502,-0.906340401,-0.538025544,-0.514331763,0.464174171,0.455016887,-2.692669099,-1.254214021,0.904906173,-0.900663476,-1.379914754,0.529274394,-0.056887862,0.252313929,-0.215175382,-0.462988294,0.882816675,-1.39070407,-0.800509699,-1.705398304,0.182654835,0.122571552,0.233014671,0.194414805,-0.674718045,1.337340434,-1.744112816,-0.847931394,1.088662958,-0.947265536,-0.531368525,-0.342208659,-0.766578459,-0.318003832,0.07399368,-0.748871329,-1.308963018,-0.710903902,0.878838055,-0.706029806,0.70621147,-0.237749704,-0.417487083,-0.185366187,-0.60477007,0.019802627,-0.266312047,-0.58590843,-1.407722309,-0.743598724,-0.485807861,0.829032052,0.009356095,-1.320881223,-0.344887546,-0.172688108,-1.10473097,-0.20138206,-1.980501594,-1.426699776,-1.363750397,0.730924545,-0.168773744,1.098012109,0.135404637,-0.643024571,-0.109591677,-1.683084453,0.310641477,-0.113728765,-1.863685209,-0.929375971,-1.963259787,-1.07382212,0.570470943,-0.990206415,0.586897381,-1.457575563,-0.130678324,-1.566378423,-0.133188594,-0.58788667,0.961149368,-1.600478171,0.187060311,-2.472187877,-1.074114817,-0.158292579,0.99912339,0.204653662,0.986450922,-0.863698282,-0.978698192,-0.188742125,-0.609173747,-0.179724931,0.702404202,-0.734385929,0.536727261,-1.376740148,0.192354393,-0.303946965,0.123544186,-0.035212756,-1.850236399,0.350797707,-0.769380487,0.088377111,0.696092838,-0.505506462,0.333252774,-1.232029402,-0.563699113,-0.028605257,0.016758784,-0.061024702,0.068872864,0.109213085,0.544937153,-1.244794799,-1.694451287,0.260516404,-0.065285467,-1.69936262,-0.693347201,-1.262661801,0.068592792,0.199915865,0.278918787,-0.959981421,1.068908809,1.136710577,-0.122732765,0.202042481,-0.49265832,1.095440598,-0.909811766,0.165768644,-1.133203733,-0.741917345,0.191859261,-0.414304057,-1.53991185,-1.600973834,-1.748125432,-1.272965676,-0.537340729,-1.808498793,-0.217907285,0.434829717,-1.370027389,0.018330957,-1.538979449,-1.422543494,0.603714693,-0.430475271,-0.206040643,-0.092883128,0.0303352,-0.792746546,0.892653562,-1.577454867,0.733857169,0.876967614,0.649299781,-0.873231242,0.014297305,0.688637025,1.081059129,-2.096384262,-1.146647738,0.831560388,-0.522223669,0.405398439,-0.364419139,-0.676880208,-0.288615842,-0.720107362,0.311374185,-0.619710863,-0.048245313,-0.297732408,-0.376440429,1.161054865,-0.474975971,-0.437420279,-0.91904452,1.01490454,-0.882614206,0.101382614,-1.335601247,0.889125064,0.735871365,-1.14538948,-0.990206415,-1.335981547,1.008942837,-0.775442423,-0.889162065,-0.33477368,0.358163835,0.702503276,-1.89645354,-1.141937413,1.234628093,0.378436436,-0.430936774,-0.671972945,-1.361016554,0.370183294,1.129917139,1.033006532,-0.498732376,0.998534093,0.648306706,-0.72649716,0.106340036,-0.787897517,1.106382026,-1.780226233,0.368939427,-1.22587764,-0.810130536,0.395818731,-0.935218742,-0.877791433,-0.70623242,-0.464101084,-0.237115709,0.2786161,-0.165936528,-0.703803761,1.25732398,-0.813508537,-0.657008134,-0.384192973,-0.663200104,0.334899572,-0.556171726,-1.219086442,0.237046457,-0.374257181,-0.115747609,-0.750776293,-0.457126891,0.286306126,-0.417790758,-0.29881043,1.013490035,-1.208315554,-0.505340694,-1.42129997,0.757857562,-0.408419468,-0.55321134,-0.311838162,-0.857550237,-0.074184898,0.647207949,0.318381001,-0.217285742,0.81514355,-0.434327653,-1.435064526,-0.496265472,-0.061981792,-0.478035801,-0.337432698,0.401992419,-0.835402228,0.14106544,-0.949589017,0.114221144,-0.424953785,-1.612442422,-0.859674132,-0.354819523,-0.452556716,-0.12828802,-0.745493661,-0.43186042,0.038836024,0.75051946,-0.121602822,-0.651046005,-0.94032731,-0.610093625,-0.690949597,0.061941402,1.074558639,-0.105138318,-0.169602784,-0.59293992,-0.274173722,-0.675307262,-0.846065287,-1.266912604,-0.174829691,-1.206643033,-2.436116486,-1.148853505,0.233331478,-0.633746837,-2.123602438,-0.575719764,0.601744357,0.189628132,0.379600142,0.962219664,-0.648556297,-1.083822203,-0.554951682,-1.504177402,0.087736114,0.881036542,-1.222136775,0.287582068,-0.829196025,0.481438007,-1.133203733,0.423894244,0.092123289,0.565768251,0.47778577,0.945227982,-1.695540612,-1.32915817,-1.893127964,-0.450514777,0.087552897,-1.561600583,-0.636388847,-0.160990686,-1.99289694,-0.590590592,-1.551640814,0.358093937,-1.190727578,0.430222759,-1.09481949,-2.124438908,-0.623621118,-0.267226064,-1.783196239,0.512404377,-1.610939039,-1.050965635,-1.501480771,-0.645691239,-1.472288074,-1.194022474,-1.777856564,-0.937003774,-0.509493179,-1.414282398,-1.241674672,-0.538882222,-1.105636904,-0.353679435,-1.545524587,-0.66067999,-0.734594371,-0.498897053,0.247250627,-2.327902901,-0.489064132,0.69664107,-1.641961104,1.042465128,-0.692747261,-1.468806783,-1.121164693,0.755746322,-1.716466485,-0.285817146,-1.619488248,-0.708666992,-1.963972292,0.354241987,-0.612304793,0.988388113,0.343873352,0.901420719,-1.95970486,-0.597109992,-1.765507098,0.879211724,-0.947781399,-1.414693836,-1.109572129,-1.192373669,-0.432168491,-0.083707749,-0.769596353,-0.697155202,-0.874669057,-0.530008443,-0.018877056,-0.815088851,-0.964955904,-1.234432012,-0.539568093,-2.235861461,-0.015215166,-1.609437912,-0.598746505,-1.052396865,-0.603306477,-0.424189317,-0.506335719,-0.023268627,-0.065071997,-1.751001477,-1.964685304,-0.357532454,-0.740238788,0.84307467,-1.21874809,-0.127833372,-0.151520808,-0.2338254,0.422977533,-0.328226328,0.042388767,-1.710917081,-0.0216323,-1.615959129,-0.871795492,-0.148732054,-0.709479835,-0.718054816,0.660985494,-0.557218663,-0.491840324,-0.058582957,-1.340174426,-1.559220196,-0.049925809,-0.446755963,0.666803205,0.649978685,-0.019488677,-0.355818168,0.52608855,-1.829461336,0.23039718,-1.381107834,-1.468372472,0.773620565,0.277101293,1.01801665,-0.556171726,0.88731496,-0.859910398,-1.232372279,-0.153267736,0.644166998,0.804956856,0.409058644,-0.390379471,-0.057311367,-0.231427771,-0.551647618,-0.538539462,-0.699567748,-1.337885222,1.000705407,-0.809456303,-1.010326724,0.101834306,-2.473373414,-2.353878387,0.259282598,-1.359457707,-1.73556819,-1.575036486,-1.565421027,-2.150722744,0.955396054,0.214062443,-0.526955006,0.611014791,-1.194022474,-1.8598242,-1.163470861,-2.347582459,-2.264326381,-0.327809864,1.158860369,-1.307483181,-0.213193221,-1.735001135,-1.271181554,-1.077046511,0.439930945,0.001399021,0.997538867,1.197823939,-0.901402119,-1.605445891,0.81920698,0.2056311,-1.290620611,-0.856136809,0.2112329,0.437092966,-1.788564578,-1.002665948,-0.104250021,0.167123313,1.011491815,0.858703991,-1.986315564,0.569735836,-1.844527535,-0.709276563,-0.695550065,-0.507165663,1.03815432,0.064944689,-1.157089218,-0.316904931,0.039316862,-0.905598102,-0.257346873,-1.002938539,-1.511857584,-1.135380013,1.399037817,-0.464101084,-1.639381789,-0.844202656,-0.697556889,-0.359966068,9.9995e-05,-1.452006905,0.880290428,0.126544541,-1.192044234,-0.559840813,-1.678252228,0.02810143,0.169658383,-0.866073016,-0.017960325,-0.884307686,-0.168655366,-0.090252989,-0.138457793,-1.652345413,-1.044408235,1.23503533,-0.697155202,-0.432476657,-0.800955133,-2.105374924,0.729623747,1.061394901,-0.447225042,0.190124369,0.701809554,0.113775014,-1.199316993,-0.538882222,-0.611751542,0.651960536,-0.076881044,-0.537340729,-1.687399454,-0.178289696,-0.166054584,-2.058854908,-1.569256123,-0.674914412,-0.07763727,-0.431244561,-0.495444522,-1.321255965,-0.757365753,-0.630360193,0.066255796,-0.309791358,-1.580850456,0.01242252,-0.045415864,-0.124090385,0.717254256,1.300300648,0.689841724,-0.025625548,-0.243984217,0.907007778,-0.476424197,-0.349132035,0.060342229,-0.314984755,-1.260190484,0.067471715,0.502470819,-0.025522957,-0.777181176,-0.285817146,0.70882366,-0.375857763,-0.841183259,0.429181635,0.358093937,0.523662873,0.285554811,-1.028340236,-0.581248088,-0.933945667,-0.023575737,-0.356246464,-0.774574179,0.064944689,-0.720518377,1.236343184,-0.191281578,-0.174591511,0.347977228,-0.659325632,1.020470551,1.136357555,0.25812452,-1.220102186,-1.893127964,0.033434776,0.587619984,0.078718755,-0.24538916,-0.19431317,-1.909867558,0.419236512,-1.346689107,0.207583113,1.041512697,0.455016887,-0.967847219,0.111899093,-1.571660548,-0.655851396,-1.034511363,-0.669821355,-2.015153052,-2.429282746,-0.009747352,-0.949330586,0.814479466,0.482919855,0.713145867,-0.131362318,-0.269580237,-1.336361992,-0.189708775,0.322880283,0.371563556,-0.325176277,0.657260902,0.775095763,-1.037611267,-0.555300114,-1.633218441,0.338969117,1.010509407,-0.376877651,0.787047276,0.994362267,0.388386767,0.329087897,-0.777181176,0.645950746,0.760198168,0.052212871,0.688285381,-0.630548039,0.331028877,-0.665142984,0.187226176,1.134397621,0.98155399,0.681580544,0.274064777,1.278040776,-1.067695186,1.084445749,1.334790518,-0.328920821,-0.024087796,-0.580175702,-0.596201975,-1.450726221,-2.001740034,-1.718137329,-0.336452237,-1.611439915,-0.845366394,-0.522055106,-1.588655373,-1.477532842,-0.559490796,-0.10458304,-1.048394573,-1.88981341,-1.339792528,-0.814862939,-0.232058169,0.020880478,-0.426484475,-1.1141321,-1.455001559,1.251304763,0.430287794,1.146386064,-0.721752438,-0.145141386,-0.106583485,0.788411905,-0.848164903,-0.005515181,-0.572169254,0.955357587,-1.143505058,-1.680397001,-0.550606494,-0.990206415,-0.332539978,-0.486458267,-0.111155049,0.542091706,0.571600823,-0.685179011,-1.702101597,-2.276917346,0.186562551,-0.27641248,-1.382700826,-1.821394274,-0.813734144,0.780562643,-1.800598418,0.220179162,-2.524479425,-1.661784393,-2.438404816,-1.00731013,0.903124435,0.508442787,0.653366311,-0.248846049,1.121416941,-0.313478628,-0.994252273,1.013344845,1.039428295,-1.467070671,-0.711922336,-0.933436891,-1.171828351,-0.908074577,0.81810442,0.18290472,0.448907666,-0.823711551,0.978927446,0.74350754,-2.369793843,0.21398171,-0.173282532,1.060737336,-1.874054712,0.964699871,0.119825393,-0.90017135,-1.400393286,-0.280905088,-0.428324402,0.055813065,-0.767655233,-0.680033541,-1.271181554,-0.34969933,-0.641883887,-0.124656605,0.613670979,-0.986444992,-0.52306691,0.920282753,-0.132389188,0.995619339,0.104360015,-0.68299885,1.293191743,0.149195566,-0.880199912,-0.103917113,-0.061769026,0.145484667,0.382537604,-0.773706688,0.22570028,-1.470981169,-0.325868654,-0.201626708,-0.251157298,0.985331602,-0.021938908,-0.036975236,-1.756199294,0.283146804,-0.105582763,-0.123411345,0.116982716,-0.275753502,-0.740658163,-0.495444522,-3.083471188,-0.074939087,-1.583770166,-0.563172104,-1.24897017,0.110556991,0.662894137,-0.777616337,-0.173520401,-0.250001006,-0.040821995,-0.37164356,0.020488666,0.965652161,-0.573587946,-0.59293992,-0.472085796,-1.520511703,-0.850268936,-0.847231196,-1.387495082,-0.439746042,0.02391182,0.515395168,-0.411734721,-1.176357637,-0.464578373,-0.286749174,0.049837235,-1.221118963,-1.731605546,-0.274042187,-1.26940061,-0.94803943,-1.213013549,0.185400146,-0.676880208,0.587564418,1.031474838,-0.349841204,-2.15158222,0.313130497,-0.023473356,-0.863224011,-1.520969264,-1.430873405,-1.869504818,-2.286711744,-1.255617038,0.758232427,-1.5711792,-1.92004749,0.355714483,0.195320043,-1.190727578,-0.468884256,-1.100814712,-0.886489241,-2.538307427,-1.635268673,-1.387895643,0.258201767,-2.580977119,-1.726533684,-2.777400279,-1.288441961,-2.649309706,-1.237184939,-2.513306124,-1.46967597,-0.880199912,-1.246184653,-0.665726585,1.074661068,-0.418246443,1.005546256,0.158455686,-0.386398045,0.154779054,-1.812166279,-1.33408149,-0.634878272,-0.259548233,-0.823028101,-1.25211318,-1.204973305,-0.576431381,-1.600478171,0.815055031,0.436446846,1.254932043,-1.609938038,0.423763336,-0.030459208,1.059490237,0.323386997,-0.009545413,1.308738143,-1.583282955,-1.849600469,-0.561943495,-2.269150317,-0.696753676,1.084682383,1.411352761,-2.139616265,0.268116917,-0.292627615,-0.722575991,1.199844294,-0.854960477,-2.338212271,-0.489553489,-0.18224156,-0.032833157,-1.752154215,0.476668867,0.263901544,0.442182691,-0.503684516,-0.16511052,-1.022762976,-1.434224895,-1.085597352,0.088377111,-0.785920581,-2.79360809,-0.849333264,0.161523434,-1.155817762,-0.547143886,-1.577939245,-0.562996496,-1.276901984,-0.307068786,0.666854539,-0.177811741,1.024535085,-0.628483667,-0.918543267,-0.311291938,0.143753964,-0.062088192,1.110804329,-2.3816283,-1.373575589,-1.23031678,-2.611831343,-2.02798826,1.197974853,-1.01252634,-1.075286463,-0.319103943,-0.714575128,-0.081535488,-1.282294771,-0.032626503,-1.432547746,-0.682602967,0.517602608,-0.580890498,-1.496109227,-1.219424909,-0.188500608,-1.181885208,-1.672377712,0.418381333,0.378641894,-0.920549789,-1.101717104,-0.369904933,-0.794515675,-1.035074268,-0.311974765,1.080244631,0.133831348,-2.196424897,-0.123071998,1.31769427,-0.989130278,1.110705536,-0.369760184,-0.783947545,-0.265920581,-2.193730688,-0.705219762,0.247797139,-0.907826654,-0.239654103,-0.752260445,0.389403475,-1.487662856,-0.539568093,-0.159934038,1.163806845,0.961111122,0.177392764,0.081672149,-1.133514341,0.101653654,-0.359249684,-0.557742544,0.76033843,-0.903374507,-0.721546655,-2.567853571,-0.101036544,-1.36335939,0.545111102,0.218412377,-0.504677893,-1.232029402,-0.009545413,-1.720928289,0.607643757,0.592663642,-1.210326278,0.605572008,-1.404051083,-1.198653643,1.256299565,-0.075693844,0.349176904,1.269198589,1.130627618,-1.834458224,-1.13103218,-0.384927457,-1.227241431,-0.076341233,1.212714484,-1.622016695,-1.876663976,-1.417991448,-1.820158944,-0.79895224,-0.824851672,0.110019645,-1.678787991,-1.790360448,0.395414772,-1.924833824,-0.55809195,0.228330078,-0.60166249,-1.095118399,-0.497580397,-1.995100393,-1.300483705,-1.649218782,0.101021114,-1.129174594,-0.26644257,-1.15327969,-1.763755273,1.022882489,-2.05494407,-1.086486109,-0.541456667,-1.780226233,0.02849027,-1.342086107,-0.220023424,1.144477545,0.02810143,-0.053506268,-2.220083872,-0.424342164,0.517006483,-0.206901176,0.539063165,-0.975244875,0.149540067,0.057513906,0.171092075,-0.564402225,-0.228281729,0.833039549,-0.895263365,0.839712018,-1.082345316,-1.069441911,1.004301609,-0.278259934,-0.675307262,0.177392764,0.226019412,-1.098712294,0.520934358,-0.494296322,-0.596746686,-0.946492241,-0.982163476,-0.780231288,-0.59602047,-0.048350261,1.085223052,-1.257022025,-1.520969264,-0.756726162,0.731213381,-0.206778197,-0.745282935,0.471377685,-0.141909246,-1.002393431,-1.3919101,-2.121931593,-0.904856354,-0.036975236,-0.958676448,-1.23065907,-0.103473409,-0.569691377,-0.645691239,-0.406765954,-1.551640814,-1.74239804,-2.24620476,-0.794958447,-0.479004011,-2.605042451,-0.352113933,-0.3878708,-0.077421147,-0.0438474,-1.190398684,-1.449873343,-0.618039708,-0.478519789,-0.125563223,-1.063052113,-0.126924694,-1.314904365,-0.632428446,-0.527632742,-1.998045904,-1.658628157,-1.114741671,-0.284088537,-0.556520583,-1.708705914,-2.388142981,0.061565356,-0.912298711,-0.869884359,-2.007679176,-1.617470084,-1.005395207,-1.677181565,-1.52924137,-0.76507292,1.004155078,-1.545055654,-1.098712294,-1.967542449,-1.228607085,-1.555423324,-1.911895271,-1.143191332,-0.445350042,-1.132582808,-2.161085531,-1.863040671,-1.942814944,-0.727945686,-1.7333019,-1.64506509,-1.02945943,-2.142168372,-1.470545914,-1.313415716,-1.786175091,-2.891372258,-0.397794602,-1.514127733,-0.508162506,-1.820158944,-1.532939942,-1.971843531,-0.042281392,-0.476102188,-1.547402522,-1.899121988,-0.621570982,-1.113522901,-1.194022474,-1.327648166,-1.37081479,-1.272251645,-1.115656723,-1.20764621,-1.686318957,-2.852498106,-1.679860377,-1.428367138,-0.731264503,-1.15327969,-0.849099482,-2.160217852,0.826234725,-2.504701277,-1.740116236,-1.854699269,-1.023041102,-0.95503156,-1.694995801,-0.480458087,-0.775225292,-2.344449297,-1.345536369,-2.361274089,-1.119938075,-1.915283956,0.024204689,-1.456287733,-1.192703212,-2.880619467,-2.354931573,-2.309609708,-1.754463685,-0.978964326,-0.574653287,-0.641314032,-2.33407576,0.276570568,-1.707050741,-0.869884359,-1.741256487,-0.240162557,-1.568295969,-1.508688009,-0.908818717,-2.156754645,-1.67504367,-0.842343487,0.037103088,-1.708153885,-2.647896278,-0.722370039,1.087517637,-1.681471115,-1.531551374,-0.177811741,-1.748125432,-2.396895773,0.142627398,-1.314904365,-1.442653095,-2.53577898,-1.098112414,-1.931021537,-1.766676689,-0.940583424,-1.614953093,-2.404617819,-1.538513574,-1.067113622,-1.802416049,-1.198322133,0.024887716,-0.920298753,-0.138457793,-1.417991448,-1.931021537,-1.059583902,-1.30933332,-1.955455562,-1.416341283,-2.043302495,0.9788523,-2.032557956,-2.015903521,0.505551741,-0.463783017,-1.928266714,-0.832639159,-1.753308283,-0.547662514,-1.238909374,-0.450671701,-0.923567141,-1.168605661,-0.245772669,-0.408569923,-1.499687049,-1.986315564,-1.192703212,-0.774357236,-1.103222901,-0.915291232,-0.868453403,-1.976884953,-1.026663789,0.354592778,-1.714798428,0.395886042,-0.925079238,-0.964955904,-0.162283663,-1.301218189,-0.114962019,-0.756939314,0.076220026,-1.451152934,-0.467606505,-1.498343865,-0.705422211,-0.823711551,-0.654503557,-2.531998257,-0.59529478,-0.390231728,-1.666008264,-0.262404265,-0.858729621,-1.432547746,-0.803185286,-0.652773286,-2.039451894,0.325050109,-0.736681183,-1.304898723,-0.683791086,-0.646072773,-2.230264431,-0.639606414,-1.95828642,0.149798365,-0.230168166,-0.895998029,-1.068277089,-1.559220196,-0.182121577,-0.832179389,-1.191056579,1.013018089,-0.719901918,-0.186932169,-0.269580237,-1.192373669,-0.046567636,-0.812606621,0.511925019,-0.533412122,-1.066822966,-1.013077001,-1.590616158,-0.664365379,-2.214574216,-1.595535007,-0.321859524,-0.590049223,0.849295863,-1.037046933,-1.982677873,-0.95503156,0.424221437,-1.009503114,-1.217395825,0.212123048,-0.800287056,0.529863253,0.875010299,0.035270614,-1.581336482,-2.031032403,-1.258781041,-2.821778966,-0.679244275,-3.288761952,-1.106543659,-0.272071225,-0.54818141,-1.368061593,-0.936748574,-0.035834453,-0.795401415,-0.335612606,0.049742092,-0.324346057,-0.686568865,-1.063052113,0.652793826,0.123720927,-0.999400639,0.817883762,-0.293566016,-1.25281297,-0.96233467,-0.237876551,-0.596383512,-1.717023123,0.667624223,-1.561124052,0.790954241,-0.8703618,-0.304353607,-2.021927636,-0.920298753,0.64458699,-1.414693836,-1.086189769,-0.497087098,-0.277731742,-1.202973304,0.5072392,-1.314159763,-0.591854929,-1.361406646,-0.217907285,-0.038429027,-0.562118918,-2.210005912,-0.066246646,0.009851316,-0.266051052,-1.055552799,-0.654503557,-1.170538028,-2.370863934,-0.847931394,-0.200404064,0.061753396,-2.273997636,-0.039364724,0.368801124,-2.566550639,-1.67504367,-1.0820502,-0.965218406,-1.836966062,"EWS"
"6",0.458816284,-2.875286121,0.135841223,0.405398439,-2.082646673,0.137847067,1.733529894,0.396424364,0.045833416,0.352064331,1.694514085,-0.37760678,1.825613242,0.344936315,-0.396901877,-0.747603366,0.036524775,0.331244309,0.325627935,-0.992901834,-0.110373058,1.777998554,-1.611941043,1.435370199,1.010946152,1.613290482,-0.641693899,0.008265744,-1.777856564,0.077053629,-1.481924592,-0.074077203,-2.647896278,0.86052429,1.907436585,1.223657778,-0.268010173,-0.931150595,-1.050965635,-0.340239323,-1.467070671,1.698126216,0.152120048,-0.743388397,-0.750140902,0.297954134,1.663528291,0.040949986,1.341009297,-2.451085101,1.046265808,-1.678252228,0.09430968,-2.407945609,0.256655694,-0.207393241,1.305545154,1.127653158,0.643956936,1.776036509,1.629828602,1.892283307,-0.526447005,-1.047253996,0.144533151,-1.014179233,-1.581822745,0.538771475,-0.458075058,-1.034511363,-0.624741148,0.053919842,-1.717023123,-1.244794799,-1.064500759,0.518138817,1.179485421,-1.20330636,-2.287696481,0.139848895,-1.113218441,-2.1086644,1.641072229,0.901583103,-1.273322883,-0.813282982,-0.801846598,1.222716047,-1.429201862,-1.440539376,-0.41581852,-1.137873003,-1.860466667,1.514269723,-1.143505058,-0.78329073,-0.370484139,-1.976163192,-0.365427421,-2.124438908,0.667675515,-0.773923491,-0.78526247,-0.288882793,-0.598928505,-1.50237884,1.68756494,-1.193362625,-1.989966535,-1.16443163,-0.884792065,0.117960798,-1.001576326,-0.227904868,-0.622875128,-1.088562953,-1.892464173,0.311007898,-1.634243031,-0.448633604,-0.902881045,-1.36179689,-2.049494465,0.319471395,-1.192373669,0.423174042,-0.788777412,-0.108030744,-1.806061254,1.141703706,-0.718464989,-1.646101897,1.462305878,-0.790980541,-0.451770861,-0.966531948,-0.133645685,-0.797841252,0.027323296,0.616266136,-0.663006024,-0.626610657,-1.623536837,1.395353206,-2.084253099,-0.019182819,-1.987044692,1.800537496,0.433145124,-1.54599374,0.759870813,-0.134674903,0.13706265,-1.028060633,-1.39513331,-1.203972804,-2.164563795,-0.443790222,0.387640523,-1.422543494,0.463293668,0.415481443,-0.723812595,0.894454037,-0.763569645,-1.107451237,-2.169803982,-1.150748043,-1.324634981,-0.778269434,0.06024808,-1.407722309,-0.820980552,-1.872752628,-0.694147681,1.336342272,-2.139616265,0.204083049,-1.134446742,1.513785674,-1.542246663,-1.514127733,-0.051925073,-2.643667942,0.068406033,-0.899925378,-2.877060744,0.069805874,-0.670407694,-1.475781528,-0.972596568,-1.10292156,-0.8495671,-0.718259881,-0.415666971,-0.339958306,-1.536652243,-1.096913732,-1.371997056,1.369987118,-1.330670457,1.71967253,-1.144446825,-1.657578288,0.116626812,0.525142644,-0.339396508,-0.488738027,-0.745072253,-0.986713196,0.151346753,-0.641314032,-1.399176987,1.442296551,0.921517051,-0.555474375,-2.005447862,0.958238493,-1.727658544,-2.404617819,-0.384633599,-0.446599652,-1.399582255,-2.074653025,-0.413547684,-0.534776845,-1.982677873,-1.07939807,-1.045261113,-1.271538124,-1.478848343,-0.800509699,-1.043272194,-1.814618763,-0.834480357,0.945033667,-1.143505058,-1.429201862,0.037777364,-0.957373177,0.384718035,-1.862396549,-1.293168383,-1.021651248,0.055056206,1.799992154,-1.520054351,-0.315944382,-1.084413569,-0.4547604,-0.2749633,1.512133746,-1.301218189,0.701412925,-1.348613294,0.433534128,0.685971497,-2.055725015,-1.442653095,0.98931812,-0.379797361,-0.096070469,-1.323507373,-1.805452796,-1.683084453,0.157089215,-1.916642651,-0.909563411,-1.449873343,-0.00080032,-0.309382499,0.533154469,0.634033916,0.325050109,-0.483048343,-0.060599622,-1.03423003,0.346634709,-0.809680997,-1.047824122,-0.02040681,-0.121151202,-0.22752815,-2.116105526,0.382742221,0.865881257,1.350563551,-0.909811766,0.113685764,-0.345311185,-0.250514748,1.604726833,-0.783947545,0.27543235,0.656483196,-0.206409352,0.511685254,0.774404535,-0.854725376,-1.5154923,0.268957864,1.447365942,-0.398539148,-0.573587946,-0.217285742,-0.872991808,-1.733867991,-0.278788405,-0.610461814,-0.343758719,-1.952632695,-1.276901984,-1.400393286,-0.587526699,-1.201642189,-0.305438794,0.788866368,0.5086232,-1.25772526,-0.048770164,0.147643842,-1.369240607,-1.808498793,-0.574298047,-1.085597352,-0.191766016,-0.837479551,-1.213013549,1.597385574,1.557133581,1.333315436,-1.115351613,0.250369538,1.732416318,-1.64506509,0.404531339,-0.612673796,-1.225196441,-1.126703169,-0.77479117,-0.166408838,0.330022913,0.389403475,-0.331982331,1.271752941,1.189579719,1.757823434,-0.535972506,0.343944252,-1.612944052,0.021467907,-0.038429027,1.154078531,-1.668657272,1.785841996,-0.199182914,-2.089087919,-1.474033275,-1.668126909,1.689745201,0.790092387,-1.146647738,-0.944433038,1.86641848,-0.808782524,-1.427950036,-1.019708691,-0.85943792,-0.868453403,-0.46203546,-0.693747361,-1.342851803,0.397903256,-0.028193734,-1.971843531,0.198850859,-1.26513924,-0.874189556,-1.463175406,-0.765502843,-1.893792195,-1.325387426,-0.343053848,-1.385494681,-1.872752628,-1.640412717,-1.119019098,-1.131962268,-0.824167443,-0.651813317,-0.017553159,-0.939815277,-1.180256278,-0.997500787,-1.237529588,-0.068921446,-0.716825308,-1.62049886,-1.90851803,-0.422509543,-0.583396317,0.379189577,-1.35751256,-1.926205566,-1.041287222,0.103097958,0.278843124,0.735248357,-0.385515433,-0.857314527,-1.170538028,0.789229789,-1.303056763,-0.671777155,-0.913295223,-0.218902557,-0.14317777,-0.974449646,-0.557567886,0.038354954,-0.431244561,0.097126711,0.68223789,-0.00060018,-0.31416295,-0.866786537,-1.508688009,-2.32995629,-1.104127469,0.456411676,-0.732303896,-0.709479835,-2.339249077,-0.448163863,-1.0761661,-0.59602047,-1.995100393,0.56713034,-0.031490667,-0.767224384,-0.268533254,-0.944433038,-1.229290612,-0.130222587,-0.673344553,-0.13868752,-0.332261116,1.703492759,-0.72649716,0.311374185,-0.082621029,-1.649218782,-0.170432512,-1.596028226,0.565313809,-0.380674939,-1.526476392,0.602620541,-0.277071893,0.503015202,-0.702995517,1.210421964,-1.705948813,-1.193032864,-1.637323116,-1.013352445,-0.880682304,1.211673081,1.754455585,1.128138728,0.963136149,-0.162048452,0.901339517,-0.522729528,1.496112427,0.79140755,-0.907330991,-0.198938863,-0.077313103,-0.84304027,0.761226301,0.085627086,-1.736703264,-1.427533109,-1.296453657,-1.410177302,-1.550226053,-0.280375497,-1.378723096,-0.780013114,-0.50071029,-0.595476153,-0.070959089,-0.309382499,-0.207762449,-0.443946095,-0.269842154,-1.133514341,0.465116708,0.375143348,-0.695750566,-1.256319285,-1.397962166,-1.065080806,-1.45328923,-2.370863934,-0.071496002,-1.867561183,-2.438404816,-0.324761081,-1.332185036,-1.859182146,-0.206778197,-0.344322973,-1.731605546,-1.54599374,-1.34822816,-1.176033436,0.504586199,1.849053059,-1.221118963,-1.929643177,0.284125756,1.115633273,-2.371935171,-1.313043899,-1.324634981,0.288106982,0.762113385,-0.921554562,-1.408949052,-0.62942149,-1.410587054,-1.611439915,-1.614450454,-0.54818141,-1.461449035,1.528748329,0.864829002,1.816126826,1.400172611,-1.409767717,-1.809719795,0.771357441,1.909409163,0.574982822,0.388793574,-2.011409131,0.738311733,-1.984858899,1.777728156,-0.318416232,-2.430418465,-1.777265023,-0.113168698,-2.482908647,-0.761640177,-1.597015392,-0.107473858,0.224742273,0.073529233,-0.545762194,1.602614687,-0.470323681,-2.197324582,1.591762621,-0.281700001,-0.721752438,-0.760142049,-0.434636485,0.0303352,0.230317755,0.079642628,0.482673032,-0.816671667,0.750849891,-0.988055298,-1.405273328,-1.973281346,-0.813734144,0.40772921,-1.188099455,-0.586986985,0.719204715,-0.894040123,-0.458233174,-0.440211844,0.566392772,-0.560190953,-0.740029167,-1.720369473,0.119914097,0.766258227,0.313569093,-0.152918106,0.948990228,0.069152859,-1.148538097,-0.380821277,-1.783196239,0.326205427,-0.121489898,-2.281802554,-0.002402885,-1.066532395,0.488518663,0.069526063,-3.026191481,-0.582858827,-0.943918899,-1.482805262,-0.985105048,-1.64092858,0.357674444,0.069152859,-2.563949857,1.00099946,-2.36765709,0.911720303,0.544008918,-0.538882222,-0.094090923,-0.379943571,-2.926206211,-1.197990733,-1.852784171,-1.26940061,-1.525556429,-1.355183366,-0.785481792,-0.316493154,-1.588655373,0.040757993,0.607153467,-2.409057338,-1.016111067,-0.345028739,0.75902855,-0.960765222,-0.055407007,-0.628108784,-1.827593922,-0.140872559,1.007081624,-0.379651173,-0.758005753,0.880000122,-0.956071602,-0.209363928,-0.157121756,-0.859674132,-1.435904862,-0.428784913,-1.53991185,-1.761424269,-1.440539376,-0.658166212,-0.671581403,-1.499687049,-1.097512893,-1.224856015,-0.262404265,0.132868673,-1.236151703,-1.0761661,-0.587526699,-0.177453425,-0.845832268,0.860143571,-0.089049817,-1.054691102,-0.766793721,-0.502857454,-0.057841,-1.537582475,-0.491676805,-0.781978394,-1.427116356,-0.097282123,-0.693147181,-1.973281346,-1.930332119,-1.186460379,-0.487434671,-1.078515587,-0.386839644,-0.39734814,-0.60166249,1.270602887,-0.34418188,-0.703399557,0.158882325,-0.268794897,0.035656677,-1.690647968,-0.497909399,-0.0965109,-2.432693778,0.054772236,-1.082935809,-1.109572129,-0.756299996,-0.477068527,-0.816219178,-1.682546384,0.058080211,-0.376877651,-1.004029646,0.532919741,-0.250386288,-0.155601732,-0.777833989,-0.640364995,-3.015934981,-0.124769887,-0.248333162,-0.195528384,0.090206268,0.313130497,0.811774304,0.377271374,0.540170811,-1.196997191,0.668752024,0.30652836,-2.049494465,1.08913418,-0.005816885,-1.921412678,-1.122085645,0.684762124,-1.682546384,-1.384296359,-1.566378423,1.646463911,-0.204689873,-1.509140191,-1.083822203,-0.116084479,-1.375948069,-1.272251645,-0.153267736,-0.775008207,-0.541972353,-0.758432647,-0.753534331,-1.250016743,0.272314595,-1.534794369,0.076034686,0.535030313,0.053445976,-1.244447637,-0.29813653,-0.888432404,0.129975076,-1.262661801,-1.002938539,-1.270825111,-0.029428811,-0.751412089,-1.009777575,-2.06909525,0.086911372,-1.576486812,-1.315649522,-1.676112046,-0.906587956,-0.72216413,0.872714949,-0.482886255,-0.320618573,-0.757579041,0.973880164,0.467876368,0.251847619,-0.535459905,-0.253087428,-1.451579828,-1.490322432,0.64227485,0.309834877,-1.892464173,-1.226900309,-2.140466244,-0.47674631,-0.2338254,-0.557917231,-0.340239323,-0.436491487,-0.024702613,-0.714370817,0.441025284,-0.324207754,-0.263835346,0.260053905,0.550719187,0.253478751,-1.09481949,-0.550606494,0.803435535,-0.115523091,-1.061027528,-0.506169812,-1.499687049,-0.152102778,0.341744031,-0.494132401,-0.788117418,-0.393635356,0.198604927,-1.034511363,-0.741917345,-1.514582381,-0.943661929,-0.231932057,-0.275490032,-1.036482917,-0.905103543,0.16279889,0.251614383,1.10472689,0.050978245,-2.024953356,-0.482886255,0.393932192,-0.332818918,-0.597291695,-1.198322133,-0.54697107,-0.938025224,0.208557693,-1.616462527,-1.380312289,-0.550086338,-2.019664338,-0.978964326,0.193673545,-0.68458395,-1.357123984,-1.114741671,0.294608033,0.106070264,0.777304489,-1.247228313,-2.118598257,-0.493313199,-2.369793843,-0.999944117,-1.108965701,0.066630082,-0.619339253,-1.020818261,0.596966622,1.416653814,-1.093326284,0.269874454,-1.229290612,0.809551488,0.04859967,-1.595535007,-1.041853955,-0.872273847,-0.305167387,-0.35982275,0.434894452,-1.337885222,-1.750425606,0.638902166,-1.337504197,-1.144760945,1.540516467,0.677271831,0.891137013,0.229920536,-0.302592685,0.773066804,-0.462194202,-0.603672174,-1.971125398,-0.349557476,-0.705219762,-0.431706419,0.149970527,-0.217534313,1.559133603,-1.927579192,-1.483686707,0.22777282,-1.463175406,-0.244750305,0.003693172,-0.597837001,-0.34460522,0.088560177,-1.071775635,-0.792967516,-0.636766847,0.934876933,-0.878272665,1.556817422,0.10327835,-0.003004509,-0.627546724,-0.206409352,-0.578926037,-0.41143288,-0.929629296,-1.440961763,0.402193094,0.414028339,1.188239685,-1.750425606,-1.329914028,0.062880898,-0.238891908,-1.293168383,-0.758432647,-1.754463685,-1.229632551,-1.664422221,0.718132433,-0.791863154,0.391704193,0.493109618,-1.178305058,-0.442699795,-1.468806783,-0.201015199,-0.376586149,-1.335601247,-0.8603831,-0.49265832,-1.020818261,-0.151986357,0.029170377,1.425491036,-1.228265497,-0.804078741,-1.696631124,0.142193766,-1.000487891,1.033077716,-1.920729851,0.038739828,-2.045619993,-1.515037237,0.126280166,0.577624089,-0.383459028,0.942426206,-1.435904862,-1.810330855,-1.091835304,-0.614705754,-0.388018195,0.226737087,-0.947007705,0.105620482,-1.199980783,0.293490173,-0.410075721,0.407396575,-0.137539414,-2.098828256,0.25332352,-0.513495852,-0.032110054,0.082409136,-0.391710143,0.602456315,-1.012801632,-0.400477567,0.475053358,0.483289974,0.467061806,0.028004196,-0.747392195,-0.676880208,-0.752472647,-1.866267521,0.465305109,0.463545319,-1.130722343,-1.72878467,-1.707602161,-1.024432891,-1.276185138,-0.148152041,-2.089087919,1.714896423,1.463486857,-0.797397202,0.235467301,0.115825566,1.648350886,-0.570575628,0.222583395,-1.068859331,-1.006489,0.005385472,-0.83171983,-1.576486812,-0.930136139,-0.834019739,-0.399284249,0.192189376,-1.335221091,-0.96233467,-0.083816486,-1.097812609,-0.879476759,-1.213349966,-1.115656723,-0.038221213,-0.47096409,-0.057523186,-0.01095984,-0.716825308,-1.059007034,0.283899929,-1.997308712,-0.074939087,0.501260019,0.270561346,-0.608806032,-0.334354481,0.099121091,0.180820431,-1.669187917,-0.504512262,1.258801841,-0.159934038,0.021957167,-0.209733864,-0.847931394,-0.650470906,-0.880441079,0.248577353,-0.545072063,-0.544554777,0.131642109,-0.972067747,0.908097257,-0.370918764,-0.689752948,-1.178305058,0.567867364,-1.397557553,-0.527124397,-1.820776418,0.227294922,0.838415673,-1.443923474,-2.174191878,-1.553530281,0.78330776,-0.9331826,-1.427533109,-0.043011891,0.505250109,0.176722578,-1.651823629,-0.744229971,1.639074382,0.808883679,0.251458862,-0.923567141,-1.446469084,0.811285709,0.147126065,1.242481726,-0.810580278,1.35209104,0.107328578,0.027906953,-0.293029679,-0.530858278,1.522179232,-1.700457311,-0.163107338,-0.769596353,-0.333237474,0.474306857,-0.489064132,-1.281213885,-0.737308076,0.113417967,-0.327671081,-0.528480559,-1.375552265,-0.774574179,0.514678193,-0.100925919,-0.441921645,-0.871795492,-1.067986095,-0.486295626,0.042580448,-2.054163735,0.031014054,0.014888613,-0.564753966,-1.311186889,-1.215370849,-0.307068786,-0.371063681,-0.365139237,1.558228825,-0.776746204,-0.929122711,-1.6533898,1.065916906,0.317216603,-1.09302791,-0.631863952,-1.47840965,-0.299484785,0.002097798,-0.099157572,-0.791201121,0.362835926,-0.352540645,-0.709276563,-0.64055473,-0.923818998,-0.98564081,-0.081752502,0.075014704,-0.451927983,-0.116421463,0.134705703,-0.767439785,-0.032110054,-1.136002678,-0.405115169,-0.937003774,-0.612673796,0.07278567,-0.745072253,0.395414772,-0.404965233,0.168982992,-0.47997316,-0.502857454,-1.139121832,-0.989399204,-0.308429146,-0.616371342,1.346773603,0.131466763,-0.343335737,-0.829425199,-0.299754654,-1.642477767,-0.884792065,-1.313043899,-0.732719956,-0.517514612,-1.496555755,-0.612673796,0.334112311,-1.206643033,-1.272608597,-0.544382407,0.952584088,0.920123378,0.567357175,0.502470819,-0.320205264,-1.32275634,-0.468404908,-1.744112816,-0.839561199,0.734960683,-1.475344178,-0.25489225,-1.221797389,-0.585728784,-1.032262908,-0.101257832,0.019508466,0.527210653,0.614428596,1.47373273,-1.0820502,-0.958415658,-1.806670082,-0.199427025,0.119293006,-1.303424883,-1.243060193,0.084616846,-2.272055888,-0.470803949,-1.749274858,0.148247577,-0.866073016,0.72947911,-1.234432012,-1.494770838,-0.498238508,0.155806451,-1.331806176,0.032079894,-1.461880348,-0.663006024,0.00059982,-0.549739717,-2.079441542,-0.904856354,-1.891137913,-0.928616382,-1.067695186,-0.932166081,-1.112914073,-0.272465107,-1.03732906,-0.764213629,-1.340556469,-1.446893983,-0.174353387,-0.142947009,0.619877319,0.145225252,-0.537340729,1.50829073,-0.47176518,0.814080804,-0.2646168,-1.050965635,-1.231686643,-0.095740272,-1.614450454,-1.094520671,-2.089087919,0.54893033,-1.485893726,0.171092075,-1.290257173,0.027906953,0.129184458,1.467044511,-1.475781528,-0.249872611,-0.787897517,0.015479571,0.44051045,-1.752731082,-1.160594081,-0.564226401,-0.340801595,-1.194352561,-0.489390343,-0.781104459,-0.891354247,-0.861802547,0.265359773,-1.337504197,-1.173443599,-1.453717037,-1.677716753,-2.141316945,-0.816445397,-1.406905315,-0.506501652,-0.872991808,0.478901426,-0.179605249,-0.45082865,0.055150845,-0.051925073,-1.035074268,-1.824489294,-0.47997316,-1.178629997,0.317143783,-1.779633289,-0.624180976,-0.734802856,-0.684385675,0.648620415,-0.261234902,0.335400234,-0.969955257,0.02810143,-1.09481949,-0.688159639,-0.013896105,-1.041003976,-0.619525041,-0.24028971,-0.991822795,-0.981896489,-0.966269102,-1.932401799,-2.171556831,-0.607152987,-0.726703964,0.447821924,-1.229290612,-0.439435628,-0.892086043,0.708479045,-1.777856564,0.073529233,0.430612902,-1.339029169,0.738837307,0.344440406,0.689540685,-0.779794987,-0.652005237,-1.307483181,-2.043302495,-0.362118304,-0.374984401,0.564518038,0.673760467,-1.424619475,0.030626194,-0.597109992,0.057419491,-0.377169239,-0.738144547,-0.811930717,1.234889907,-1.142877705,-1.145075163,0.186396576,-2.03714863,-1.931021537,-0.443322751,-1.070608092,-0.857550237,-0.946492241,-1.314159763,-2.068303797,0.704581558,-0.060918415,-0.466968241,-0.380967637,-1.714243027,-2.021172634,-0.808109199,-1.600478171,-2.262403303,-0.165228479,1.057477745,-0.625301634,-0.251543026,-0.976571663,-1.244794799,-0.889648801,-0.623434568,-0.180323554,-0.206286434,0.332177312,-1.248621556,-2.251891979,0.576950386,1.079021639,-1.434224895,-0.934963997,0.68097338,0.316998127,-1.40853997,-1.362968536,-0.450044152,-0.573765424,1.476477785,1.142692968,-1.676112046,0.127689361,-1.598992655,-1.072652187,-0.825993094,-1.454145028,0.056096739,-0.432939085,-1.023319305,-0.344746373,0.14988445,-1.085005285,0.014888613,-1.075872802,-1.244100595,-0.961026626,1.651251415,-1.41551722,-0.881647788,-0.478035801,-1.483245887,-0.002102208,-0.083490311,-1.396344697,0.690944757,-1.297551151,-0.373239961,-0.808558032,-1.708705914,-0.658745754,0.119647962,-1.265493661,-0.929122711,-1.630661549,-0.116196794,-1.360626614,-0.240544066,-1.328402883,-1.014454981,1.719600878,-1.160913315,-0.023575737,-0.477068527,-0.780231288,-0.361543921,0.339610165,-0.101368494,-1.695540612,0.301215087,-0.405415109,-1.901128006,-0.184163252,-0.776311422,0.905148892,-0.106472245,-1.235463471,-1.461017907,-0.078610401,0.563095441,-0.651237778,-1.545524587,-0.809007067,-0.11945944,-0.392302122,-1.236495996,-1.869504818,-0.640364995,-0.951399909,-0.757792374,-0.780449509,-2.019664338,-0.459974094,-0.46968368,-0.724018844,0.864955331,1.453859547,-0.202116184,-0.124316835,-0.072463172,0.730491134,-0.147804195,0.050312814,0.464614132,-0.967847219,-0.825764705,0.337114887,0.008761506,0.330166684,-1.277619345,-0.545244551,0.599605436,-0.802738857,-1.21402314,0.226577648,0.371425616,0.559730067,-0.088503399,-2.006934851,-1.607939036,-0.876349125,-1.22758267,-1.312300681,-0.798063351,0.336472237,-0.499556032,1.611316147,-0.922057327,0.412374516,-0.133531393,-0.71070034,1.374702434,1.617187804,0.084524955,-0.86654864,-0.841647189,0.387165351,1.064503819,-0.435408985,-1.08146023,-0.566162169,-2.030270498,-0.172212823,-1.460586966,0.006180859,0.585728994,0.046597285,-1.627092848,-0.04019719,-2.197324582,-1.877971166,-1.638351923,-0.794073099,-2.230264431,-2.20183519,-0.228910146,-0.009545413,-0.005917474,0.032079894,0.39386475,0.279297016,-1.219086442,-1.689563957,-1.200977295,-0.905103543,-0.46473752,-0.646645347,0.800834986,-0.102586589,-0.952695414,-1.642477767,-1.158680815,0.203756838,0.403529904,-0.626984978,0.154607718,0.435476882,0.808393669,0.139066048,-1.264076728,-0.007629027,0.864534172,-0.332679438,0.685366993,-0.696352312,-0.27641248,-0.59529478,-0.584292776,1.458033458,0.681378197,0.484707496,-0.798063351,1.245076359,-1.065951506,1.657637426,1.828493118,-0.025522957,-0.149660775,-0.556346139,-0.810580278,-1.265848208,-0.860146721,-1.495216768,-0.301780997,-1.727658544,-0.741287556,-0.111378588,-1.729348209,-1.795165262,-1.061605563,-0.582321626,-1.463607464,-1.160594081,-1.913927103,-1.255266099,-0.612673796,-0.232562773,-0.185245828,-1.909867558,-0.911800827,1.766715128,1.238258282,1.61279228,0.149798365,-0.296655547,-0.400776119,0.634670251,-1.10262031,-0.145835348,-0.437575162,1.276005052,-1.427950036,-1.170215708,-0.602758181,-0.1030299,-0.692747261,0.317289417,-0.638469619,0.013113639,0.208720031,-0.19650162,-1.521885015,-1.740686199,-0.284620098,0.665775984,-0.375420987,-0.991014278,-0.927857368,0.99971234,-1.272251645,0.245061587,-1.936554054,-1.227241431,-2.395797475,-1.016111067,0.868234299,-0.118333187,-0.562469857,-1.238564249,0.042388767,0.039989648,-1.450299691,1.436797343,1.421758025,-0.704410373,-1.474470052,-0.0438474,-0.773489933,-0.262404265,1.344378018,0.370045163,1.189031741,0.056663847,1.41446871,0.288706548,-1.40283033,-0.083490311,-0.41794263,0.647312644,-1.697722827,1.676741358,-0.201504376,-0.339958306,-1.751001477,-0.445818463,-1.297185186,-0.195649987,-0.854960477,-1.059007034,-1.663366255,-1.169249368,-1.343234872,-0.321859524,0.296988632,-1.920729851,-0.769596353,1.066467813,-0.253860524,1.405925405,0.697935697,0.030626194,1.713725853,1.115207162,-0.467766134,-0.049295292,0.184236389,0.451011923,0.226657371,-1.063921049,-0.149544637,-1.30379314,-0.648173815,-0.06592615,-0.786140047,0.975766459,-0.434945413,-0.959198233,-1.057278425,-0.574120474,0.204001506,-0.773923491,-0.372223774,-1.044124103,-1.044124103,-0.491186409,-1.663894098,0.098486947,-0.597109992,0.318308266,-0.853315933,1.581758343,0.73212748,-0.991553216,-0.195163665,0.391366184,0.136277618,-0.352825221,0.310054923,0.684812544,-1.483686707,-1.032543689,-0.77652879,-1.519597208,-0.048875168,-1.025826619,-0.891842052,-0.433247489,-0.918292735,-0.20567207,-0.424189317,-1.774902352,-0.422204432,-0.45870767,-0.611567194,-1.59405681,-3.087847563,-1.497002483,-0.339536928,-1.125469743,-0.693347201,-0.075909594,-0.309927681,-0.28595024,-0.270759405,-0.124543335,-1.015006705,1.312916891,-0.493640799,-0.449103565,-1.401204974,-1.288079314,-2.189256408,-1.578908707,-1.560171671,0.327071041,-0.986176859,-1.032824548,0.444429378,0.732175568,-1.30379314,-0.400776119,-1.122085645,-1.873403458,-2.58893472,-1.742969305,-1.754463685,-0.944690206,-0.780667778,-1.218409852,-1.153596597,-1.137249172,-1.713687934,-0.686171567,-1.673443242,-1.36335939,-1.04611472,0.014691549,-1.593564563,1.599508781,-0.043534002,-0.140527235,-0.331146444,-1.238909374,0.297805656,-1.915283956,-1.245142081,-0.402569305,0.328368058,-0.823483682,-1.443499835,-0.418702335,-0.451456692,-1.03423003,1.796846508,0.1194705,1.218851565,-1.669718843,0.273228116,-0.998043234,1.416314222,-0.674718045,-0.912796843,1.805678811,-1.868208641,-2.051826375,-0.889648801,-2.724179583,-1.097812609,0.501381165,1.923021622,-1.891137913,0.501683966,-0.043429558,-1.187443502,1.145336829,-1.046684196,-2.533256911,-0.722781986,-0.233572747,-0.674129175,-2.256656161,-0.074939087,-0.550953415,-0.131476363,-0.567395975,-0.64055473,-0.759928214,-1.984858899,-1.086782537,-0.928110309,0.05694728,-2.682382454,-0.593663902,-0.24794867,-0.488901066,-0.380821277,-1.708705914,-0.355675444,-0.967320903,-0.935473551,0.639113292,-0.174472442,0.651543631,-1.222815892,-1.530164732,-1.281213885,-0.081643989,-0.218653646,0.741222804,-1.732170678,-0.248461359,-1.107753947,-1.973281346,-1.333701911,1.603862398,-1.103524333,-1.235119533,-0.428017513,-1.84010973,0.009554213,-1.195343478,-1.233401615,-0.844667988,-0.885519073,0.29684001,-0.603306477,-1.216045386,-1.090644119,-1.141937413,-1.703748592,-1.169893491,0.557728294,0.297434364,-0.15958207,-2.226550407,-0.424189317,-1.454573202,-1.297917251,-0.106806004,0.195977883,-0.378336441,-2.715074816,-0.784823969,1.142820543,-1.034792776,0.644639477,-0.237369259,-0.135590654,-0.662617976,-1.947010755,0.15280692,0.720956881,-0.76507292,-0.338694705,-1.029179514,0.001399021,-0.619153501,-0.848865756,-0.671581403,1.108496611,0.646946162,-0.176975871,-0.287415441,-1.756199294,-0.641503947,-0.309791358,-0.670016763,0.419302265,-0.447068658,-0.602210186,-2.621413894,0.01064316,-0.550953415,0.225780073,0.099302201,-0.599292605,-0.300429645,-0.271677498,-1.86885652,-0.039156715,0.006776984,-0.771757581,0.843203777,-1.074993423,-1.670250052,1.718381999,-1.195013063,-0.362261951,0.674066293,-0.580890498,-1.974721231,-0.842343487,0.339467746,-1.511404172,-1.017216651,1.140425792,-0.928363313,-1.558269626,-1.002665948,-1.88981341,-0.637334116,-0.706029806,-0.832179389,-1.36179689,-1.872102222,-1.078221599,-2.243373233,-1.441807071,0.031789323,-1.090941782,-0.93140437,-1.342468882,-2.118598257,-1.478848343,-1.616462527,0.536785725,-0.957373177,-0.339115728,-0.277203828,-1.350541191,0.933305162,-2.116105526,-1.20764621,-1.557319958,-1.855338451,0.436252928,-1.216720377,-0.108030744,1.181174896,0.584280526,0.063538021,-1.641961104,-0.200404064,0.610363219,-0.641314032,0.882402973,-1.463175406,-0.197841369,-1.237184939,-0.937003774,-0.293297811,0.094491663,1.503521687,-0.780886095,0.863438328,0.732223653,-0.841647189,0.470878247,0.186728499,-1.079692404,0.148075118,0.389945297,-1.223495471,1.120047569,-0.558791128,-0.222893583,-0.858257701,-0.237749704,-0.826678573,-0.380821277,0.417261918,0.271324006,-1.20764621,-1.287716798,-1.94911528,0.559044196,-0.19334206,-1.127629238,0.879834195,-0.560891601,-0.828050943,-1.160913315,-2.102096232,-1.040437725,-0.68299885,0.230238324,-1.477094725,-1.084413569,-0.439590823,0.147126065,-0.581784713,-0.776963667,-1.52924137,-1.791559489,-0.939559359,-0.823483682,-2.341325921,-0.80430223,-0.333237474,-0.919546025,-0.197963253,-1.095716486,-1.031982206,-0.520539316,-0.641314032,0.165853364,-1.849600469,-0.408419468,-1.849600469,-1.138185064,-0.285284948,-1.787369121,-1.092729626,-0.134217342,-1.088265997,-0.509493179,-1.118406916,-1.810942289,0.096854441,-1.244794799,0.260131003,-1.830084584,-1.366491734,-0.479165471,-1.228265497,-0.916040763,-0.765717873,0.312837992,-0.977900214,-2.006934851,-1.456716825,-1.526476392,-1.928266714,-1.746977327,-1.540845121,0.579698488,-2.111138628,-2.502256288,-2.008424054,-1.809719795,-1.038740892,-1.121164693,-1.302320927,-1.024990149,-2.018158313,-0.767224384,-1.619993426,-1.649218782,-2.065144237,-0.911800827,-1.62049886,-0.020100672,-0.904609227,0.008464078,-1.039306183,-2.294616923,-0.712126147,-0.492494667,-1.364532869,-1.182211313,-1.096015663,-0.62008261,-0.964693471,-0.867024491,-0.244750305,-1.766091723,-1.605944023,-1.061316504,-2.015153052,-1.575519694,-2.085057281,-0.502361545,-1.444771291,-0.357246536,-2.214574216,0.506034163,-2.446455463,-1.751001477,-2.173312757,-1.113827455,-1.971125398,-2.724179583,-0.297059234,-0.153850725,-1.717023123,-1.266202881,-1.787369121,-0.770892529,-1.544118446,-1.112305616,-2.068303797,-0.345593711,-2.652142569,-2.472187877,-2.121097217,-1.843263312,-1.130412601,-1.041287222,-1.331806176,-1.360626614,0.402126207,-1.039023497,-1.728221448,-1.603952982,-0.583934096,-1.011975982,-0.887703275,-0.722575991,-0.852846559,-1.21773372,-1.677716753,-0.66067999,-0.824851672,-0.573233084,-0.693547261,0.623475507,-1.943513025,-2.371935171,-1.368454443,-2.220083872,-2.407945609,-0.091457611,-1.157089218,-1.48722028,-1.528318861,-0.792967516,-1.216382824,-1.346304713,-1.661784393,-1.331048887,-2.070680036,-2.010662026,-1.249667764,-1.475781528,-0.63544447,-1.649739209,-1.200645014,-0.350266948,-1.01252634,-1.809109108,-0.318416232,-1.247576442,-1.873403458,-1.285906187,-0.264356247,1.499801602,-1.676112046,-1.360626614,0.375418187,-1.271538124,-1.552112846,-0.498238508,-1.576970722,-1.434224895,-0.811930717,0.194085424,-1.075872802,-1.771956842,-0.720107362,-0.51902582,-0.035109177,-1.820158944,-0.881889305,-0.249359198,-0.092334611,-1.16443163,-1.367668897,-1.196666229,-0.83632495,0.436317572,-0.566162169,-1.650780876,-1.308592854,-0.672756491,-0.448476999,-1.682008605,-0.341927087,-0.276544328,-1.505077897,-1.749850066,-1.773723107,-1.799993274,-0.770676383,-0.704814985,-1.143191332,-2.614559858,0.402059315,-1.022762976,-2.517016704,0.198440939,-1.371208724,-1.122700084,-0.569337895,-1.23065907,-1.377136423,-1.261248872,0.437157555,-1.626075554,-0.693947501,-0.064751877,-2.048718369,-0.920800887,-0.898205264,0.047646654,0.597901999,-0.505009238,-1.766091723,-1.070024832,0.224342832,-1.485893726,-1.406905315,0.43812589,-1.310074335,-0.819617845,-0.252958636,-0.879958803,0.518436587,-2.315670333,-0.439280457,-1.47797115,-1.325387426,-1.918003196,-0.968637212,-0.506833603,-1.463607464,-2.437259996,0.544124994,-0.719080563,0.902435186,-0.864172778,-2.131998792,-1.702650294,-0.916790857,-1.615959129,-2.226550407,-0.129880921,-0.381553288,0.88760315,1.411986474,0.151260794,-1.48236483,-1.976163192,-0.824395467,-1.910543005,-0.423272727,-1.738977284,-0.785920581,-0.056464537,-0.577677931,-1.736135566,-1.907170321,-1.127320453,-1.689563957,0.460899815,0.140022778,-1.315276874,-0.794073099,-1.233058385,0.841696488,-0.215795614,-0.752472647,0.594265631,-0.847464541,-0.808558032,-1.308592854,-1.747551215,-1.320132159,-2.675099101,-0.483534764,-0.316630394,-0.044788183,0.819867933,0.006975614,-1.56398665,-0.689155159,0.734768855,-1.78557861,-0.936748574,-0.520707624,-1.295722663,-1.385095081,-0.376731889,-2.102914898,-0.462829426,-1.138497222,0.029655885,-0.491186409,-0.806987997,-2.033321606,-0.219525106,0.685971497,-0.548008415,-0.818483672,-1.581336482,-1.061027528,-2.255701507,-2.073857163,-1.131342113,-1.102018082,-1.54599374,-0.657780037,0.390080706,-1.66020503,-1.651302117,-1.130722343,-1.129174594,0.041141943,"EWS"
"7",0.067097744,-1.624044065,0.51962678,0.238229189,-1.397557553,0.138804963,1.825290952,-0.305438794,-0.05287349,-1.242367192,1.830851969,-1.347073648,1.268242539,-0.331982331,-0.224018934,-0.146877196,0.572165284,0.696989788,0.646107983,-1.422128814,-0.666115842,1.786746927,-3.172469452,1.671473303,-0.387428746,1.050366976,-1.189084192,-0.446599651,-1.744685062,0.469878621,-1.275826908,0.57846558,-1.005668543,0.464299894,1.702837177,1.681665546,-0.078177781,-1.887169654,-0.577321615,-0.708666992,-1.029179514,1.725316914,0.519269871,-1.998783639,-0.533071233,0.975879523,1.360745757,-0.718464989,1.774528532,-1.503277717,0.902394627,-1.226900309,-0.10413904,-2.220083871,-1.456716825,-0.875868817,1.516598677,0.634564223,1.354932685,1.883122475,1.90526671,1.99596482,-0.43912531,-1.699909816,-0.32892082,-1.28157405,-2.316684017,-1.234432012,-0.184884839,0.141412753,-1.283376827,-1.170860453,-1.956162526,-1.78557861,-2.190149664,0.834386292,1.465313468,-1.410587054,-2.095570924,0.234281296,-2.149006005,-1.977607236,1.033291239,1.160114956,-0.302186759,-1.344001449,-1.28518286,1.577720181,-1.666008264,-1.294627173,-1.589145209,-1.198985263,-2.803460386,1.193316224,-1.105939064,-1.038458366,-0.743178114,-1.881246636,-0.265398864,-1.179605448,1.358203481,-1.470981169,-0.6361999,0.337828459,-0.069778895,-1.181559209,-0.236862223,-1.818308804,-0.872034641,-2.098828255,-1.780226233,0.602620541,-0.95010608,-0.447537885,-1.800598418,-2.200931439,-1.591106956,-0.228910146,-0.249744233,0.303727651,-0.644547511,-2.064355904,-1.101115419,1.265256033,-1.391105918,-0.025522957,-1.663894098,-0.874429278,-2.036382052,0.751368918,-0.243346259,-2.364460497,0.945150261,-1.044408235,-0.898450814,-2.27789248,-1.021095846,-2.176833888,-0.743598724,1.072268313,-1.171828351,-0.951399909,-1.623029866,1.244961185,-2.014403146,-1.308963018,-2.009915479,1.960812836,1.109387362,-0.733136189,1.754438284,0.190207051,-0.394673547,-1.10021357,-0.40977438,-0.310882466,-2.431555474,0.21640087,0.592331875,-1.457146102,1.309872175,-1.013352445,-1.2772606,-0.214059933,0.077053629,-0.760783829,-1.728221448,-0.739400565,-1.682008605,-1.054978252,-0.055618424,-0.684385675,-0.64055473,-2.117766656,0.022934971,1.645557669,-2.155890714,1.045246673,-1.676112046,1.416581054,-2.160217852,-0.770460284,-0.29289564,-1.552112846,-1.393923388,-1.455858825,-3.068302966,0.327791813,1.141416318,-0.953733027,-1.323883101,-1.995100393,-1.677716753,-1.33142746,-0.626984978,-0.356103679,-2.05650657,-1.735001135,-2.323808729,-0.210597582,-1.314904365,1.102139394,-1.004302609,-1.707602161,0.216078654,0.588342066,-1.183516796,-0.248076818,-1.922095971,-0.611935925,0.952738373,-1.633218441,-1.119938075,1.396145677,0.658038003,-1.460586966,-2.763034509,1.251505035,-2.303585593,-2.210005912,-1.752154215,-0.749929195,-0.691548459,-1.738977284,-0.562294372,-0.330728762,-1.623536837,-1.97256218,-1.828216006,-0.331703625,-1.821394274,-1.527857925,-1.916642651,-1.431710225,-0.525431776,-0.670798777,-1.106241316,-1.475344178,0.625831473,-1.293897512,-0.261364764,-1.97256218,-2.045619993,-0.262144289,-0.91904452,1.705111663,-1.006762635,-0.2646168,-1.561124052,-1.430455257,-0.991553216,1.343673875,-0.854255341,1.732150998,-2.130313872,-0.653349711,-1.361016554,-0.889648801,-1.664950622,1.174646975,0.357184814,-0.691149178,-1.996572064,-1.414282398,-0.988861425,-0.056993722,-2.468639677,-0.656815251,-1.78557861,0.233173087,-0.920800887,0.406997267,-0.372223774,-0.088394151,-1.516858731,0.587564418,-0.545417069,-0.494952275,-0.098274569,-0.726290399,0.44346713,-0.105249411,-0.838635487,-2.309609708,0.315102668,0.563437049,1.04714354,-1.018877321,0.688787692,-1.806670082,-0.804525769,0.802046428,-2.385966702,0.771496147,1.325880655,0.502107733,0.024790169,0.431002892,-0.304896053,-1.315276874,0.429311835,1.757409541,-1.201974802,-0.366436721,-0.243473818,-1.697722827,-1.968258013,-0.493640799,-1.371602812,-2.542112124,-2.444148657,-0.688159639,-0.826221535,-0.775659602,-0.461242124,-0.770892529,1.509484972,0.780379367,-1.786771928,-1.181559209,-0.700373226,-1.247576442,-2.272055888,-0.710496819,-2.015903521,1.707362853,-0.553907113,-1.938636665,0.837031051,1.032187545,0.765839866,-1.57987911,-0.723812595,1.628946379,-0.911800827,1.671510897,-0.408870901,-2.116105526,-0.6923475,-1.300850879,-1.312300681,1.311328329,-0.490859611,-0.030459207,1.381608399,0.777258523,1.833684855,1.247348336,0.283146804,-0.71396232,0.97704711,1.20005514,1.18967102,0.483906534,1.599650168,-0.569691377,-2.3330443,-1.211333159,-1.596521687,1.712391534,-0.018673265,-0.928616382,-1.002393431,1.840438516,-0.078610401,-1.255266099,-0.647982629,0.233806499,-0.975244875,-0.291556234,-1.54458694,-0.230671818,0.99513888,0.529451088,-0.425871918,-1.399176987,-1.179605448,-0.437575162,-2.236797352,0.098486947,-2.30058709,-1.087079053,0.565200166,-2.96036513,-1.365707728,-1.487662856,-0.921052049,-0.078934988,-1.692819521,-1.016663706,0.603058346,-1.854699269,-0.154784214,-0.269449304,-1.387895642,0.164412136,-0.571283593,-2.30058709,-2.118598257,-1.782601531,-0.329337748,-0.094200795,-0.328087487,-0.108030744,-0.847231196,0.228409661,-0.609541597,-0.626049437,-1.315649522,-1.67504367,-1.744112816,-1.093326284,-0.764643182,-0.027371197,0.304244161,-0.20567207,-0.670603216,-2.280823601,-1.016111067,0.06165938,-0.150009267,-0.056252942,1.520322505,0.402861722,-0.466170983,-1.669718843,-1.949817774,-2.047167981,-0.498238508,0.704284925,-0.263054503,-0.162283663,-1.680397001,-0.491840324,-1.275110832,-0.949072221,-2.557477343,0.475550716,0.022934971,-1.07031642,-0.921052049,-2.05650657,-1.625567294,-0.151869949,0.177727688,-0.623807702,0.068686158,1.803704509,-0.601845022,-0.036352829,0.942854763,-0.077205071,-0.273253336,-1.268689119,-0.281965112,0.14401376,-1.228265497,0.795613512,-0.752472647,0.482549598,-1.551169004,1.192436517,-1.09481949,-1.404458332,-0.871078389,-1.174737679,-0.021938908,1.377606733,1.538027836,-0.350408902,1.295603496,-0.287548748,0.955242178,-0.390231727,-0.154084015,-0.803408575,-0.18428348,-0.920298753,0.11520193,-1.670781543,0.435541576,0.664490471,-1.87993516,-0.76378426,-1.167319487,-1.239599982,-1.232715273,-0.697958738,-0.668259465,-0.221894332,-0.488738027,-0.114289146,-0.193463397,-1.125777957,-0.501535577,-1.382700826,-0.274700038,-0.682207241,-0.601845022,0.032660782,0.014888612,-0.319103942,-0.534606152,-0.508162506,-0.58250066,-2.154165088,-1.096913732,-2.044074398,-2.015153052,0.279070096,-1.321255965,-2.561355822,0.143580728,-1.987774353,-2.073857163,-1.67504367,-2.878838522,-1.881246636,-0.138917299,1.585022261,-2.001740034,-1.709810887,1.472632595,0.186230573,-1.911218909,-2.344449297,-1.05641524,-0.308020843,0.003693172,-1.622016695,-1.172151192,0.011829752,-1.976884953,-1.651302117,-1.729348209,-0.495937011,-0.532730459,1.527034086,0.347694742,1.25224855,1.579535251,-1.588655373,-1.724287754,0.875051984,2.002789953,0.310421559,0.226976197,-1.098112414,0.519924107,-1.760842367,1.72670526,-1.165714092,-2.305589602,-1.993630885,-0.680823431,-2.262403303,-1.408949052,-0.916290732,0.006876304,0.847754899,0.148678592,0.138282588,1.68333872,-1.424203934,-2.525728644,0.469566034,0.776338771,0.483043243,0.692697079,-0.06592615,-0.181881654,1.317399699,-0.569161201,0.214223889,-1.182211313,0.957662975,-1.493879572,-1.760260802,-1.173443599,-0.361400377,-0.182841692,-1.021373508,-2.830217835,0.411844715,-0.446130865,-0.289283354,-1.150116132,1.287495603,-1.010876174,-1.188099455,-2.301585593,-0.044265416,-0.280772664,-0.893306895,0.36158288,0.356974899,-1.181885208,0.677373426,-0.962858368,-0.620268535,-0.092005646,-1.209990877,-2.026469657,1.634481683,-0.17387731,1.452924443,0.99912339,-2.508380006,-0.290619716,-0.752048288,-1.979053368,-1.989966535,-1.791559489,1.111693028,0.242710857,-1.995100393,-0.077205071,-1.720928288,0.268269869,0.316342413,-2.05650657,-1.311558015,-1.966827397,-2.504701277,0.324544237,-1.584257614,-0.984569573,-0.2569589,0.104810364,-1.521885015,-0.911800827,-0.647982629,0.198932823,0.935740356,-2.046393688,-1.006762635,0.058740495,0.074550731,-1.449021191,-0.05921936,-1.628111178,-2.350725468,-0.591493527,1.50236482,-1.538047916,-0.227277083,1.551618103,-0.767870727,0.41713014,0.600154314,-0.402569305,-0.660099327,-0.369615455,-2.087473713,-2.128631786,-0.652773286,-0.274305275,0.111004558,-1.344384958,-0.329337748,-0.237749704,-0.87251311,-1.342468882,-0.573233084,-0.432939085,-1.228607085,-0.361113351,-1.445195469,0.622510101,-0.886489241,0.45152138,0.45152138,-0.083707749,-0.13868752,-1.882559834,-1.630661549,-0.787018396,-0.850737101,-0.036975236,-0.308565283,-1.378723096,-2.221005106,-0.967320903,-0.197719499,-0.905598102,-1.201642189,-0.175306222,-0.015418253,1.63006373,-1.26940061,-0.170669704,0.14496577,-0.60531947,-0.188379871,-1.312300681,-1.021651248,-0.361256853,-1.396748819,0.14063113,-1.757358043,-1.711470638,0.154436353,-1.117795108,-1.026663789,-0.537340729,0.40292856,-0.287815415,-0.964431107,-0.9105572,-0.122167634,0.313569093,0.080288831,-0.873470735,-1.650259907,-1.281213885,-0.042698755,-0.56124211,0.23594131,-0.094530484,-0.204199135,0.439286657,0.991546616,-1.849600469,1.272677634,0.657468188,-2.515778313,-0.2569589,-0.155017722,-0.664171072,-1.439695138,-0.193463397,-1.569736546,-0.700574696,-2.142168372,1.510015288,1.367442781,-1.452006904,-1.443923474,0.097943074,-1.280853849,-0.604403971,0.415481443,-0.137195239,-0.069778895,0.330957056,0.663048733,-1.339792527,0.058646195,-1.007036345,0.674270125,1.107373794,0.178146185,-1.064210862,-0.388018195,-1.251763468,0.451266684,-1.09481949,-1.037893554,-0.980562622,0.373974441,0.145571123,-0.874429278,-2.183913563,-1.236840408,-1.225536982,-2.049494465,-2.158484749,-0.986713196,-1.232715273,0.874343104,-0.888189302,-0.002402885,-1.332185035,0.478219784,0.271324006,-1.294627173,-0.894284652,-1.222136775,0.310494871,-1.554949727,1.249701143,-0.875148789,-1.592580795,-1.918684163,-1.762006511,-1.193362625,-0.513830133,-0.258770729,0.529863253,-2.009915479,0.180570024,-0.229035877,-0.205058084,-0.76593295,-0.691548459,0.599605436,0.871878969,-0.516508407,-0.528480559,-0.742967876,1.391082878,-0.022961612,0.158797012,-0.359536176,-0.356674944,0.838458912,-0.038636884,-0.041864204,-1.924833823,-0.37571215,0.178564508,-0.449416996,-1.424619475,-0.896978421,-1.240291067,-0.764428383,-0.973390324,-1.420885806,-0.41113113,-0.227151573,0.129360205,1.03364701,-1.015006705,0.389606692,-2.024953356,-0.024600117,-0.452713961,-0.326007187,-1.953337665,-1.331048887,-0.879476759,0.23174644,-1.460586966,-0.593482857,-0.491513313,-1.285544458,-1.025826619,1.143490047,-0.945977042,-0.552689828,-0.828737835,0.882692582,0.12777737,0.247641023,-1.794563397,-1.702101597,0.322590617,-2.15330339,0.252935336,-1.575519694,-0.34418188,-0.989399204,-0.901155844,0.800834986,1.377934515,-1.212677245,0.257892744,-1.733867991,0.712116127,0.271552691,-1.718694898,-1.691733155,-1.682008605,-1.173120341,0.241769015,0.232380757,-2.642262461,-1.880590683,-0.243091189,-1.878625402,-1.747551215,0.655860596,0.221061385,-0.423578164,0.27778324,-0.301105093,1.159299654,-1.559695821,-0.919546025,-0.402120707,-0.615260642,-0.188742125,0.39224477,0.055718489,-0.09629066,1.675506512,-1.313415716,-0.895263365,0.40919149,-1.26513924,-0.223518622,-0.460607908,-0.402868482,-0.616927155,-1.180907531,-1.889151815,-1.933783969,-1.805452796,0.792313552,-1.927579192,1.193983073,-0.788997506,-0.448946887,-0.918543267,-0.019284761,0.124868982,-0.628296208,-0.430475271,-1.473160294,-0.411583789,0.04449524,1.561444431,-1.854060495,-1.307113563,-1.469241282,-0.903127745,-1.610438413,-0.487109097,-1.47359669,-1.105334834,-1.524178068,0.664284636,-1.265493661,1.1554651,0.020684591,-1.193692495,-0.691548459,-1.551169004,-0.261624538,-0.028811082,-0.810580277,-0.563523413,-0.91130319,-1.48722028,0.725178651,-1.360626614,1.044683947,-2.198225078,-0.098715973,-1.261601917,0.265436464,-1.465770563,1.361386725,-1.838851077,-0.890622985,-2.432693778,-0.402120707,-0.438970187,0.730828248,-0.457916968,0.718766193,-1.421714306,-1.889151815,-0.550606494,-1.38230234,-0.568278199,0.568547212,-1.45328923,0.3074847,-0.854725376,0.647364988,-1.263015345,-0.139491979,-0.061875404,-2.078641862,0.942698945,-0.783509621,-0.249872611,0.703889277,-0.915790857,0.192354392,-0.689354382,-0.63544447,-0.867262501,0.380284043,-0.331424995,0.455841315,-1.465337568,0.411579709,-1.926205566,-1.940723622,0.432301762,0.538304595,-2.092324168,-1.293168383,-2.062781101,-0.492985706,-0.336452237,0.09531018,-1.464472142,0.513122983,1.204832435,-0.301780997,-0.011870173,0.274596833,1.631023263,-1.273322882,-0.889892258,-1.140372223,-0.480134776,-0.321032052,0.003992021,-1.835084594,-2.269150317,-0.842111334,-1.001576326,-0.260715624,-1.922095971,-0.374402583,0.152034156,-1.455858825,-1.048965349,-1.466203744,-1.03817592,0.17302851,-0.505174952,0.358303617,0.125310191,-1.887169654,-1.740116236,0.513541931,-1.308592853,0.092305671,0.603386573,0.929720152,-0.794073099,-0.945977042,1.238924804,0.772882149,-2.326877786,-1.201974802,1.200627214,-0.727531607,0.752830183,-0.061449962,-0.930136139,-0.156536858,-1.185478222,0.993140656,-0.732511904,-0.220521991,0.200161475,-1.619993426,1.425539112,-0.12806067,-0.043742923,-1.735001135,0.672689339,-1.559695821,0.038162461,-1.515947569,0.643589222,1.209557183,-1.323507373,-0.206040643,-1.197659442,-0.353821875,-1.918003196,-0.720107362,0.126896933,0.228409661,0.815939869,-1.648698626,-1.443923474,1.702181164,0.19901478,-0.053400777,-2.021927635,-2.341325921,-0.329615796,-0.082512422,0.301658939,-0.288749308,1.478280842,0.042676274,-1.541779264,-0.006018072,-0.217037233,0.03246719,-1.862396549,-1.222476276,-0.130336502,-0.938536341,-0.19735398,-0.741077714,-1.1248536,-1.716466485,0.237519717,-0.258252728,-0.196136546,-0.770460284,-0.702995517,0.485815461,-1.381904013,-0.162871933,-0.714983875,-0.116758561,-0.318416232,-0.24679608,-1.96254779,-0.375857763,0.060812839,-0.434018916,-1.061894706,-1.141311043,-0.238764932,-1.580364665,-0.843737539,1.475792228,-1.24098263,-0.925079238,-1.671845373,0.978777149,0.04382548,-0.875388741,0.054488185,-1.65652952,-1.085597352,-0.128515422,-0.218778094,-1.049250859,0.345361184,-0.343899752,0.499683783,-0.03894875,-2.094758246,-1.603455841,-0.227026079,0.144792745,-0.265659688,-0.221270307,-1.021929064,-0.6923475,-0.045625178,-1.134446742,-1.054117049,-0.823711551,-0.862276144,-0.622502341,-1.148538097,-0.267748735,-0.931658209,-0.132845913,-1.020818261,-0.921805913,-1.670250052,-0.931150595,-1.414282398,-0.626049437,1.071960258,-1.187443502,-0.022756987,-1.229632551,-0.839098236,-0.949330586,-0.241816817,-0.989130278,-0.089815304,-0.230168166,-1.822012512,-0.339677368,0.341033248,-0.47981157,-2.332013904,-0.947265536,0.935936484,0.050598053,0.109302735,0.853563902,0.142107017,-1.001576326,-1.01252634,-0.874189556,0.204653662,0.372459706,-1.395940738,-0.055618424,-1.086189769,-0.397943467,-1.49744941,-0.101811266,0.608297103,0.351994005,0.311886761,1.305816142,-1.497896538,-0.217658621,-1.226559303,-0.679441534,-0.242708707,-1.062762636,-1.759098687,-0.496429743,-1.999521919,-2.032557956,-1.511857584,-0.484833043,-2.001740034,0.283899929,-0.85143976,-1.595535007,-0.019182819,-0.218778094,-2.032557956,0.256887757,-1.442653095,0.071948499,-1.466637114,-0.447225042,-2.002480501,-1.443923474,-2.299589584,-1.257373581,-0.531708835,-1.736135565,-1.469241282,-0.036975236,-2.240549702,-0.621943422,-1.297917251,-0.843505062,-1.822631133,0.549911712,0.488948045,-2.384880336,-0.28621648,1.680865152,-1.16443163,1.373513027,-0.521718065,-1.378326191,-1.750425606,0.396962396,-1.751001477,-1.09481949,-2.100460909,-1.385494681,-2.100460909,0.432755968,-1.151064149,1.091520535,0.500350955,1.719135012,-1.942814944,0.540403843,-1.099312534,0.666238364,-0.665532014,-0.938791997,-0.41113113,-1.373575589,-1.368061593,-0.711514838,-1.245489485,-0.776746204,-1.881246636,-0.467606505,-0.220521991,-1.815847265,-2.446455463,-1.575519694,-1.232715273,-1.74869998,-0.020100672,-0.937259038,-1.208985346,-1.388697246,-0.232941394,-0.411583789,-1.770781063,-0.505838082,-1.026105598,-2.308603165,-2.241489994,0.221141549,-1.25772526,-0.041342964,-2.018911042,-0.690351093,-0.736472305,-0.347998408,-0.966269102,-0.603672174,0.446671029,-0.670994376,0.203919956,-0.773056564,-1.021095846,-0.119234088,-0.991283711,-1.88981341,0.499562431,-0.783509621,-1.310074335,-0.376003398,-1.462743533,-1.46793835,1.329750464,1.706727949,1.286391149,-0.155601732,-0.367302647,-0.654888468,-0.99047563,-2.265289308,0.629141851,-0.587526699,-1.546932707,0.983388475,1.531389881,1.667838887,-1.984858899,0.670083241,-1.976884953,-2.24243117,-0.066781034,0.324688798,-0.206901176,-0.875388741,-0.379797361,0.269110687,-0.31443681,-0.424495034,-1.451152933,-0.217658621,-0.422356976,1.560100599,-1.030860187,-0.612304793,-0.641314032,-1.988504547,-2.31364604,-0.766148073,-2.137070655,-0.835632829,-1.283016012,-2.070680036,-2.656406968,1.225685371,0.576894224,-1.922779732,-0.033453376,-1.64454709,-1.781413177,-1.339029169,-0.237622873,-2.326877786,-1.015282681,1.480695037,-1.171182982,-0.335892405,-2.203645145,-1.288441961,-2.438404816,-2.226550407,-0.835632829,0.51390089,-0.039156715,-2.129472475,-2.682382454,0.341815081,1.186745259,-1.313415716,-0.7271177,0.508382642,-0.293431904,-2.594275187,-1.316395234,-1.144446825,-1.855978042,1.589051515,1.742481686,-2.328929068,0.566165719,-2.141316945,-0.582858827,0.127073083,-1.364532869,0.393190077,-0.33086797,-1.320132159,-1.310074335,0.220901039,-1.809109108,-0.185125484,-0.492985706,-1.798180037,-1.728221448,1.507825918,0.051548262,-0.586447562,-0.96233467,0.091758425,-0.549913012,-0.120474153,-1.508688009,0.117427417,-1.212004976,-0.937514368,-1.194022473,-1.795165262,-0.791642427,0.259205434,-1.33484108,0.117071672,-1.274395269,-0.639606414,-0.625675465,-0.231932057,-1.999521919,-1.17993081,0.877300392,-0.788777412,-1.363750397,-0.243218716,-1.521885015,0.636947131,1.34317807,-0.495444522,-0.982163476,0.986301752,0.014888612,-1.199980783,-0.846764669,-1.897119985,1.370952271,-0.482238167,-1.321630848,-1.362187286,0.258279008,-0.474815186,-0.652005237,-2.328929068,-1.00103196,0.250525228,-0.515335779,-1.407313728,-1.617470084,-2.18213894,-2.296603021,-0.838866835,-1.124545671,-1.272608597,-0.776746204,-0.305031711,0.56508651,0.951039924,1.790275035,0.556410657,-0.011263192,0.624386425,1.336552494,-1.047539018,0.67935247,0.545169078,-0.157941188,-1.090941782,0.572616624,0.449609577,0.112792827,-1.141624179,-0.539739634,0.426312941,-0.534776845,-1.528318861,0.547543207,0.474617967,0.598891445,0.609004412,-2.695627681,-0.725670372,-2.046393688,-0.916290732,-1.182537524,-0.840487768,0.116893751,-0.187173308,1.722177138,-0.59602047,-0.020713042,0.493231755,-1.460586966,1.286943529,1.359539624,0.802718817,-0.622502341,-2.052604888,0.738837306,0.742746541,0.201797333,-1.55353028,-0.379797361,-2.835315552,-1.213349966,-1.399582255,0.427617913,1.094671199,0.464928271,-1.757937921,-0.507996297,-1.915963073,-1.855978042,-1.078221599,-0.601297527,-2.302585093,-2.011409131,0.333682635,-1.705948813,0.53882982,0.028976108,0.652273101,0.185400146,-1.061894706,-2.265289308,-0.613596902,0.153579088,-0.681416258,-0.116196794,-0.480296419,-0.738981717,-1.540378377,-1.244100595,-1.95970486,-1.201642189,0.872422435,-1.91189527,0.718327479,0.616644035,1.441800021,-0.235342659,-2.029509173,0.341033248,0.867268541,-0.830571856,-0.102475792,-0.823255866,0.81655879,-0.415061002,-1.028619917,1.713455527,1.084175241,0.250836536,-0.936493439,0.331675034,-1.64713978,1.847793177,1.27077127,0.761880018,-0.390231727,-0.404815319,-1.191056579,-1.827593922,-1.307113563,-2.269150317,0.138369669,-2.474560358,-1.410587054,0.211637611,-1.823250136,-1.784386715,-0.783947545,0.253012985,-1.093624747,-1.136314156,-1.190069899,-0.906587956,0.427552705,-1.072944542,-0.120248573,-2.298593072,-0.850502991,1.958910985,0.498530346,0.896577701,0.042676274,0.3207783,-0.225270812,0.03411153,-1.28699216,0.776338771,-1.008131936,1.267595281,-1.276901984,-2.051826375,-0.158058305,-1.339410775,-1.345920467,-0.637334116,0.156234222,0.066536524,0.386825804,-0.157121756,-1.850872734,-3.072613318,-0.376440429,-0.266964831,-1.872752628,-1.880590683,-2.388142981,0.136364875,-2.249044326,-0.37760678,-0.95217701,-1.408949052,-2.664990712,0.304096614,1.100377397,0.046501834,0.168898536,-0.670603216,-0.463306108,-1.09422194,-0.334633927,1.683320145,1.022522868,-1.066532395,-2.538307427,-1.538047916,-1.455001559,-1.22894879,1.278040776,-0.07980107,0.334470234,-1.392312433,0.375418187,1.801429233,-0.980296062,0.04018179,-0.010050336,-0.259418607,-2.097198263,0.695494424,-0.762497259,-0.322963887,-1.613445934,-0.472887784,-1.901128006,-0.527632742,-0.192614346,-1.782007178,-0.934200152,-1.941420244,-0.101257832,-0.231049723,-1.152646177,-1.887169654,-1.569736546,0.736876943,-0.503188197,-0.256183405,-0.592216462,-0.335472736,0.489622416,-0.509326748,-1.626584071,-0.407517212,-0.050346374,0.163138737,0.51234447,-1.540845121,-0.918042265,-2.230264431,-0.739819589,-0.111155049,-2.191043718,0.820616486,-1.156453288,-0.864884944,-1.905152157,0.11546925,-0.311838162,-1.826350914,-0.418246442,-1.917322692,-0.243984217,-1.341703478,-3.165335058,-1.243406874,-2.233992302,-1.311558015,-0.978698192,0.139761942,1.127199746,-1.066822966,-0.821435201,-0.228156093,-1.418817553,-0.06049338,0.370183294,1.461726456,-0.091348039,-1.424203934,-0.125336491,-2.176833888,-1.205640861,-0.676880208,-1.612944052,-0.208994128,0.235625329,0.330238562,-1.116878097,-1.266912604,-0.574298047,-1.413049098,-1.551640814,-1.39472984,-1.753885817,-0.173758326,-1.890475442,-1.073236982,-2.753570716,-0.067850667,-0.564050607,-0.041655675,0.129711607,-1.342851803,-1.07382212,-0.337572842,-0.310336763,-1.247576442,-2.501036032,-1.587187303,-2.049494465,-1.823869523,-0.86654864,1.074012172,-0.828966904,-1.774312556,0.87016302,-0.230923739,-1.417578651,-0.688159639,-2.141316945,-1.793360751,-3.030323718,-2.290656522,-1.3919101,0.172018664,-1.918684163,-1.852784171,-2.268183666,-1.677181565,-1.940027486,-0.919796871,-1.554476354,-1.823250136,-0.832869124,-1.563508981,-1.013352445,1.715688032,-1.631172405,0.504163481,0.735296294,-0.2125746,0.762253379,-0.361543921,-1.555897146,-1.17993081,0.521706215,-1.546932707,-0.350834887,-1.005395207,-1.013903561,-1.577454867,0.996874831,0.24865534,1.024104236,-2.017406151,0.401457087,0.126103877,1.684545385,0.971876799,-0.978698192,1.617326714,-1.600478171,-1.691190414,-0.094860281,-2.113618993,-1.347458337,0.701164952,1.858997468,-2.650725134,0.443338761,-0.790760009,-0.996145957,1.275586239,-1.715910157,-2.258568208,-1.624044065,-0.360396145,-1.330670457,-2.311625838,0.915530443,-0.078718585,0.642222239,-0.936493439,-0.470163642,-0.775659602,-2.739540868,-0.784166579,-0.616371342,0.133218844,-2.683845512,-1.760260802,0.609548157,-0.942634707,-0.313889165,-2.492535677,-1.343234872,-1.812778836,-1.101717104,-0.475619368,-0.600203435,0.461593362,-1.166998202,-2.071473372,-2.047942875,-0.011465478,0.271247766,1.485641835,-1.0744076,-1.329914028,-0.916040763,-3.024131748,-1.54975491,1.533506741,-0.574475651,-1.744112816,-1.361016554,-1.875358493,-0.791642427,-1.966827397,-0.739191119,-1.103825856,-0.648365038,0.222903523,0.474306857,-2.166307475,-2.149006005,-0.47176518,-1.183190265,-1.658103084,0.318308266,-0.182961762,-0.241434821,-2.210917904,-0.907083251,-1.446044366,-1.156453288,-0.108365025,0.487352268,-0.887946259,-2.394700382,-0.481266822,1.904403396,-1.18678798,1.192315117,-1.143191332,-0.240798487,-0.400925428,-2.518256629,-0.334214787,0.166869452,-1.16219127,-0.058264908,-1.48943512,0.230635417,-2.206366235,-0.699769057,-0.945462109,1.658361401,0.842945546,0.525142644,-0.724844267,-2.243373233,-0.147340588,-0.755022584,-0.785262469,0.606444847,-0.719901918,-0.314026048,-2.715074816,-0.433864583,-2.431555474,0.305792092,0.713096856,-0.618410834,-1.214359897,0.01222497,-2.096384262,0.595975269,0.470753348,-1.567816238,0.598231923,-1.464472142,-1.990698332,1.904716062,-1.47359669,-0.842575694,0.282016051,0.60163478,-2.109488463,-1.832581464,0.213416396,-1.107753947,-0.906587956,1.326544357,-0.78329073,-0.380821277,-0.424495034,-1.850872734,-0.379212737,-0.876829663,-0.374402583,-1.125469743,-2.266253164,-0.47320876,-2.442997247,-1.25351325,0.355153788,-1.780226233,-1.599487582,-0.625488532,-2.61319467,-1.023041102,-1.187443502,0.747019646,-0.823483682,-0.024600117,-0.350125013,-1.636809109,1.280628243,-2.734907655,-0.523742016,-0.621012583,-1.196004635,-0.608989873,-1.587676421,-0.507497834,-0.230294055,0.198686911,0.472500509,-1.713133149,0.195073241,-0.113616727,-1.063341675,1.585718826,-1.806670082,0.141412753,-0.825993094,-1.727095956,-0.780886095,-0.543348815,1.217283818,-0.670603216,1.515742428,0.440960944,-1.693907069,0.808215423,0.235072122,-1.859182146,1.240603628,0.375074627,-1.189412653,1.29415166,-0.681811671,-1.031701583,-1.828216006,-0.71355399,-1.47797115,-0.490043085,-1.279414999,1.089302419,-1.199316993,0.111988502,-1.31378767,0.160246349,-0.205794913,-1.07382212,0.789411451,-1.613445934,-0.750776293,-2.123602437,-1.458865054,-1.025547718,-1.25281297,-0.645691239,-1.484127721,-1.532476871,-0.381699755,-2.015153052,0.092579181,-1.815847265,-1.409358301,-1.982677873,-0.689155159,-0.458391314,-2.813410717,-0.548873691,-0.920047781,-0.241180239,0.399312889,-1.721487416,-0.694748462,-1.868208641,-0.991822794,-1.743540897,-2.022683208,-0.297463084,-3.07045582,-1.901797574,-0.520202786,-1.745830537,-2.44184716,-1.168927463,-0.493476985,-0.572169254,-2.087473713,-2.143873402,0.857135031,-1.557794679,-1.635268672,-1.732170678,-1.260895952,-2.030270498,-2.00619108,-1.217058044,-1.727095956,0.882775313,-2.458069996,-2.040220829,-2.871746294,-0.814411268,-2.638057829,-1.16860566,-1.618478657,-0.349132035,-1.738408294,-2.486507931,-1.119019098,-2.688247574,-1.519597208,-0.852142912,-1.905152157,-1.282294771,-2.722656353,-1.541779264,-2.132842318,-1.521427035,-2.977892355,-1.110482461,-2.22192719,-1.013903561,-1.587676421,-1.502828177,-2.341325921,-2.11943055,-1.048109306,-1.64092858,-2.358097803,-1.74869998,-0.96233467,-2.574393816,-2.1680542,-2.181252808,-1.524178068,-2.004705196,-1.751001477,-2.225624052,-3.191747157,-2.107841016,-1.711470638,-0.272071225,-1.55353028,-1.466637114,-2.904065085,1.062639628,-2.610469873,-2.103734234,-2.034850658,-1.746403768,-2.137070655,-3.490028595,-0.764643182,-1.410996974,-2.673648774,-1.126086266,-2.100460909,-1.87470639,-2.507152259,-1.649218782,-3.387294476,-1.402017322,-3.968593357,-2.580977119,-2.610469873,-2.200028505,-1.528780009,-0.750352654,-0.522223669,-3.321462414,0.17889904,-1.992163534,-2.128631786,-1.263722809,0.110377907,-1.815847265,-0.853315933,-1.288079314,-2.508380006,-2.468639677,-2.133686557,-1.777856564,-1.590616158,-2.058854908,-1.150748043,1.242683772,-2.279845606,-2.019664338,-1.21402314,-2.62693115,-3.35526845,0.004390348,-0.567395975,-2.420243136,-2.365524893,-1.488105627,-2.482908647,-1.418404415,-3.272804167,-2.073857163,-2.512072318,-1.807279281,-1.679860377,-1.725971729,-1.270468796,-1.948413279,-2.544656654,-0.64226397,-1.658628157,-1.971843531,-0.594388409,-1.323507373,-2.514541455,-2.692669099,-3.134994341,1.80817401,-2.143873402,-1.623536837,0.30136306,-1.187771425,-2.02798826,-1.096015663,-0.808109199,-2.353878387,-1.487662856,-0.989668202,-1.176357637,-2.24620476,-0.587166857,-0.919546025,-1.2772606,-2.284745175,-1.714243027,0.243573433,-1.001304106,-0.984837274,-1.181885208,-3.199073198,-0.254118356,0.947944426,-1.648698626,-1.851509474,0.154779054,-0.858729621,0.295427003,-1.445195469,-0.155251285,0.247406803,-0.862276144,-1.935860813,-1.914605299,-2.143020523,-0.71539279,-0.687960654,-0.293968457,-2.880619466,-0.133188594,-0.544727175,-3.254503003,0.039220713,-1.646101897,-1.53991185,-1.714243027,-1.696631124,-2.431555474,-0.592759007,-0.175902205,-1.165393322,-0.880441079,-1.196997191,-1.387495082,-1.067986095,-2.63945741,0.493659119,-0.039989008,-0.858021824,-1.396748819,-2.249044326,-0.833329211,-2.566550639,-2.481711759,-1.130412601,-2.606396547,-1.156135475,-0.549566452,-2.374081095,-1.16667702,-2.73183073,-0.384633599,-2.417995945,-2.187472286,-0.789658081,-2.318714475,-0.228407381,-2.210005912,-1.699909816,-0.775008207,0.071110627,0.35227528,0.020684591,-3.473768074,-2.920624801,-1.013903561,-1.743540897,-2.526979426,0.052782185,-1.359847191,0.985891419,1.374854171,0.565711457,-2.017406151,-1.63989712,-1.181233317,-3.017977883,-1.154230712,-2.587604048,-1.847695102,0.421666487,-0.468404908,-2.964233606,-2.662121269,-1.220440997,-1.737271284,-0.154900961,-0.427710717,-2.274969926,-1.046684196,-0.991283711,0.993918218,-0.277731742,-1.715910157,1.348774201,-1.480165577,-2.009915479,-1.318261951,-0.773489933,-0.362693016,-2.161953963,-1.219086442,-1.975441952,0.51849613,-1.476219069,-0.155251285,-2.273997636,-0.850034936,0.277707491,-1.778448455,0.421666487,-2.006934851,-1.043556083,-0.719080563,-0.577143505,-2.437259996,-1.140059479,-0.748237147,-0.193827497,0.018919885,-1.152013065,-2.719616837,0.348118441,0.878547327,0.140978593,-1.865621318,-0.373239961,-0.947007705,-2.438404816,-0.984301942,-1.836338513,0.031595562,-1.713133149,-0.73168013,0.380694159,-3.051244983,-0.250129416,-0.364995176,-1.969690678,-1.421714306,"EWS"
"8",0.094127663,-1.795165262,0.702750917,0.206038083,-1.868208641,0.288181947,1.406072478,0.76033843,-0.039052727,0.136103083,1.300028161,-0.419462618,1.390834041,0.298547826,-0.376294731,0.054014588,0.165599181,1.287081576,1.238316258,0.563892345,0.524255044,1.463857073,-1.652345413,1.195678502,0.596911573,1.345810851,0.73611088,0.228887026,-0.099157572,1.351702916,-0.980829253,1.144573057,-2.271086426,0.515813165,1.455890384,1.345159818,-0.453185844,-1.935860813,-0.585010522,-0.747814582,-1.294627173,1.490136224,0.27140024,-0.917041013,-0.570044983,0.738837306,1.172667878,-0.593301846,0.509404615,-1.849600469,1.402315337,-0.199793303,1.043099579,-2.066722769,0.813726304,-0.189225333,1.361745488,0.951735093,1.18237116,1.508334987,1.428922723,1.503432745,-0.122393648,0.143060843,0.600538349,-2.072267338,-1.874054712,-0.340239323,-0.685774426,-1.125777957,-1.018877321,-1.015006705,-1.964685304,-1.283016012,-0.764858028,0.485938492,1.246486168,-0.719491156,-2.060423536,0.067004229,-1.03563749,-1.609437912,1.217846123,1.142150591,-1.925519459,-1.257373581,-1.030299648,1.048616398,-1.393117586,-1.669718843,-1.119631656,-0.460449416,-2.065144237,1.183382267,-0.908322562,-0.196866828,-0.682602967,-1.415929166,1.056191795,-0.898450814,0.852157462,-0.886004039,-0.379651173,0.096037188,-0.285018955,-1.377532855,0.404598066,-2.037915795,-1.217058044,-1.848964943,-1.987774353,-0.430167721,-1.152962883,-0.838635487,-1.057278425,-1.586698425,-1.934475771,0.189297171,-1.302688777,0.408726451,-0.530688253,-1.217058044,-0.702389762,0.875051984,-0.42617815,-0.128515422,-0.815088851,0.118937924,-1.641444709,0.456158222,0.038451186,-2.18036746,1.010072471,-1.565421027,-0.956331781,-1.072067733,-0.446130865,-0.729811165,-1.217395825,1.046827646,-0.56141741,-1.07031642,-0.655851396,1.023313865,-1.485893726,-0.732303896,-1.512765025,1.539701908,0.73950582,-1.731040734,-0.722575991,-0.111378588,-0.876108942,-1.172474137,-1.186132886,0.241611956,-2.414634597,-0.21183276,0.537019548,-0.887703275,0.541859066,0.595865058,-0.534776845,0.701462512,-0.575897621,-0.653926467,-2.145581344,-0.99452258,-0.069135739,-0.294908118,-0.301240237,-1.184497028,-1.073236982,-2.273026291,-0.010555514,1.052847543,-2.471003745,0.374318379,-1.022206957,1.17689961,-1.195674002,-0.068492996,0.803480312,-2.461580824,-0.358247608,-1.572623939,-2.106196279,-0.35939292,0.944061529,-1.676112046,-1.143191332,-1.298649851,-1.233058385,-0.921303274,-0.309518767,-0.039676817,-1.141624179,-0.444413858,-1.424203934,-0.419158435,-0.515503213,1.369783809,-0.411281993,-1.500135178,0.286981827,0.21317402,-0.091348039,-0.357246536,-1.273322882,-0.479165471,0.110825555,-0.892330094,-0.040509543,1.09684406,0.478095799,-0.607520095,-2.162823151,1.34231635,-2.077044417,-2.077044417,0.012620031,-0.703197516,-0.850971266,-1.77136878,-0.063792133,-0.018163971,-1.227241431,-0.953473523,-1.833832246,-0.956852344,-1.714243027,-1.096015663,-2.239610294,-1.404458332,-0.063472423,0.306749135,-1.364532869,-1.811554097,0.213416396,-0.986981472,0.190868263,-1.976884953,-0.857550237,0.400586561,0.306013029,1.490586807,-0.707246105,-0.03035612,-0.802292628,-0.176379247,0.008067371,1.273489539,-1.139121832,1.216513836,-2.161085531,-0.685972977,-0.428324402,-2.468639677,-1.26940061,1.106150472,-0.400179104,0.119026706,-1.727658544,-1.590125601,-1.004302609,1.014034312,-1.1858055,-0.675896827,-0.963382339,0.285629968,-0.548008415,0.329807218,0.031692447,0.198932823,-0.995604539,-0.076233306,-0.726290399,-0.064218572,-0.80609194,-0.244750305,-0.411734721,0.225620481,-0.552863635,-2.07784282,0.031886189,0.492987466,0.960881615,-0.626423549,0.868108383,-0.448320418,-0.459815703,1.340459825,-0.580711751,1.122231154,0.571318472,0.106609735,0.548005795,0.942893714,-1.026663789,-1.475781528,-0.110261394,1.373791525,-0.959198233,0.140370453,-0.475619368,-1.180581852,-2.171556831,-0.328226328,-0.652005237,-1.355571188,-2.475748712,-1.613445934,-0.816219178,-0.491676805,-0.647982629,0.515813165,0.986077954,0.969641907,-0.080451124,-0.531708835,-0.639227339,-0.531879033,-1.759679576,-1.370027389,-0.66067999,0.041237908,-0.171381617,-1.168283962,1.274300784,1.179762076,1.127653157,-0.172331623,0.084341148,1.328082451,-0.941095851,1.338678507,0.52253678,-0.817577259,-0.812606621,-0.441299561,-0.216292076,1.183688461,0.469566034,-0.457758903,0.98660007,0.809417962,1.378161378,0.478405733,0.244983318,-1.605445891,-0.333377032,-0.567925216,0.646631927,0.26097869,1.437557655,-0.641693899,-2.085862109,-1.267978134,-1.826972225,1.35750901,0.492987466,-1.109572129,-0.867262501,1.606934782,-0.148500008,-0.269842154,-0.626984978,0.132255579,0.097761718,-0.862749965,-1.213349966,-1.505979204,0.626419599,-0.065819341,-0.562469857,0.189462665,-1.616966179,-0.786798737,-1.866914143,-0.250514748,-1.261248872,-1.16667702,0.148161351,-2.046393688,-0.822800389,-1.528318861,-0.667479434,-0.618596449,-0.262274269,-0.717030121,0.758653983,-0.586447562,-0.323516525,-0.493476985,-1.602958946,-0.507830115,-0.462988294,-1.329914028,-1.912572089,-1.100814712,-0.726910811,0.855606108,-0.85143976,-1.91189527,-0.698762919,0.581600906,-1.16315081,-0.246412178,-0.933945667,-1.192373668,-0.866073016,-0.334214787,-0.932928373,0.061847403,-0.300969967,-0.818937187,-0.544210068,-1.615455985,-0.740448454,0.189379921,-0.181282097,-0.126243727,0.89035735,0.101834306,0.435218066,-0.686966321,-1.541312083,-2.065933192,-0.731264503,1.108826611,-0.119910297,-0.025522957,-2.046393688,-0.337292573,-0.556171726,-0.906835573,-1.922095971,1.163775615,0.283824642,-0.932166081,1.029976496,-1.168283962,-1.678252228,-0.49053292,-0.514331763,-0.674521716,-0.474815186,1.542956171,-0.927857368,-1.071775635,0.490112582,-0.577499757,-0.378190466,-1.612944052,0.464676968,-0.131020262,-1.070608092,0.722900139,-0.06049338,0.040565962,-0.704005924,1.232589415,-1.340174426,-0.709276562,-0.206778197,-0.428784913,-0.456495279,1.110474981,0.426312941,1.002908698,1.142948102,-0.046777192,0.93691655,-0.605136303,1.275558312,0.80549324,-0.68319685,-0.452556716,0.778498848,-1.199980783,0.111183529,0.708577518,-1.643511893,-0.497087098,-1.36179689,-1.455001559,-1.010601411,0.33497111,0.01232375,-0.147572364,-0.576609364,-0.880441079,0.378230935,-0.429245637,-0.24910259,-0.136736524,-0.953473523,-1.316768298,0.392785055,0.125574823,-0.106138596,-1.404051083,-0.957373177,0.384990255,-0.782415648,-1.874054712,0.167207919,-1.529702944,-2.051048467,1.123434974,-1.789761467,-1.920729851,-0.133074354,-0.657587005,-1.657578288,-1.478848343,-1.537582475,-1.566378423,0.102556588,1.369987118,-1.859182146,-2.12611395,1.288019792,0.991880463,-1.931021537,-1.420057991,-0.802292628,-0.239145909,0.749574772,-0.624367665,0.414689103,0.697388175,-0.229035877,-0.932166081,-1.473160294,1.259256128,-0.935983365,1.381482804,0.406997267,1.185004029,1.373209122,-1.521885015,-1.971843531,1.171118979,1.204412708,-0.174472442,-0.210103938,-1.730476241,0.507720809,-1.969690678,1.47547214,-0.612489278,-1.271538124,-1.250016743,-0.724225136,-2.327902901,0.27010347,-0.991014278,0.257970008,1.167889564,-0.627734042,0.375349484,1.223804843,-1.104127469,-2.488914671,-0.542144307,-0.460132509,-0.191039447,-1.077927697,-0.0216323,-0.023575737,1.024140148,0.581433191,0.161012796,-0.250257844,0.979040154,-0.704814985,-1.379517377,-1.467070671,0.47778577,0.231587798,-1.152962883,-0.652005237,0.460142669,-1.027222293,-0.030974804,-0.770460284,1.08207632,-0.916290732,-1.443076375,-1.820158944,-0.324207754,0.21929616,-0.525093596,-0.409623743,-0.246668096,-0.201626708,-1.030019497,-0.193948893,-0.877070019,0.064569771,-0.232941394,-1.308222826,0.570979547,-0.136163425,0.936289418,0.431457688,-2.251891979,-0.224269185,-0.64207391,-1.159318164,-1.974721231,-1.542246663,1.110672603,0.282016051,-1.955455562,0.897923075,-1.354020801,0.42199441,0.802718817,-1.524637311,-0.785043195,-0.629046255,-2.721135441,-1.109268869,-1.492544161,-1.707602161,-0.890622985,-1.039306183,-0.140527235,-0.565105831,-1.036764885,0.614428596,0.994843099,-1.966112856,-0.304218041,0.183986836,-0.316493154,-0.821207851,-0.389493339,-0.962596485,-2.404617819,-0.758646163,1.140106057,-0.558441478,-0.233067633,0.940202552,-1.134446742,-0.2338254,0.19901478,-0.232688964,-0.869645724,-0.197841368,-1.428367138,-1.204639693,-1.198985263,-0.271283927,-0.41581852,-1.583770166,-0.323240168,-0.527463265,-0.21927604,-0.601297527,-0.849333264,-0.679441534,-1.066532395,-1.224856015,-1.284460055,0.350586447,-0.919546025,-0.571814895,-1.576486812,0.019900662,-0.242708707,-1.702101597,-0.127492521,-0.248846049,-0.665532014,0.279448268,-1.012801632,-1.098112414,-1.173766962,-0.111155049,-0.05551271,-0.800732391,-0.108810906,-0.249230886,-0.841879234,1.025790668,-1.105334834,-0.042594398,0.193838317,-0.302322049,-0.407517212,-1.499687048,-0.2007707,-0.264095763,-1.341703478,0.963174318,-1.27833722,-0.606419177,-0.541628533,-0.115410852,-0.109591677,-0.028296599,0.634511205,0.23791393,-0.424495034,0.186313578,0.194744077,0.220179162,0.430287794,-1.538047916,-2.265289308,-0.728359936,0.273760617,0.441025284,0.476482595,1.086236018,0.232777,1.176529662,-0.030665414,-2.141316945,1.231539332,-0.037909573,-2.338212271,0.906038355,0.114488726,-1.141624179,-1.537117251,0.283372801,-1.157725553,-0.284354282,-0.865835288,1.457335134,0.616967834,-0.001100605,-0.800955133,1.257551485,-0.779140894,-1.307852935,-0.210721031,-0.029016949,-0.2390189,-1.087672349,-0.013186562,-1.055552799,0.574870273,-1.043840053,0.107328578,0.792630459,-0.014200349,-1.299382989,-0.354106816,-0.961811247,0.227932068,-1.130722343,-0.083925235,-0.950623411,-0.004309272,0.180987334,-0.897959775,-1.187771425,-0.649513144,-1.517314624,-2.046393688,-1.16860566,-0.468404908,-1.438008797,0.454191778,-0.722781986,-0.760569857,-0.976040736,-0.450514777,0.047074407,0.124162643,-1.685239626,-1.173120341,0.508081863,-1.311558015,0.745787068,-0.742547531,-0.661648514,-0.340942212,-1.028899676,-0.829196025,0.588508626,0.199178674,0.452412305,-0.717849793,0.192354392,-0.295983097,-0.083816486,-0.560015868,-0.859910398,0.00796817,0.538596421,-1.125469743,-1.856618042,-0.21035073,0.61453678,-0.032316601,0.303727651,-0.40137349,-0.362693016,0.445518808,0.693597079,0.046406373,-0.02388294,-0.63412384,1.231101472,-0.014606152,-0.210474148,-0.294773826,-1.526936691,-0.547489608,-0.295714244,-0.922560345,-0.511826124,0.335829173,-0.182001608,0.916890552,-1.474033275,-0.450514777,-1.471852249,-0.260715624,-1.429201862,-0.080234393,-1.320132159,-1.481484548,-0.798063351,0.208557693,-1.570698084,-0.738144546,0.59685652,-1.40853997,-0.775008207,1.029547986,-0.688557728,-1.000215967,-0.69174816,0.706902146,0.030529205,0.262748806,-1.3108159,-1.623536837,-0.478197104,-1.512311202,-1.340938659,-2.001740034,-0.305303081,-0.871317366,-0.88746035,0.082685367,1.23608175,-1.687940141,0.572447395,-1.00731013,0.502289293,0.180820431,-1.24897017,-0.934200152,-0.602940913,-0.493476985,0.394875907,0.391839365,-2.718100537,-1.309703759,0.888055853,-0.891598119,-1.423788566,0.4869222,-0.09530018,0.233648184,-0.235722334,-0.488901066,0.905876694,-1.413460029,-0.856372242,-1.7837913,0.15083089,-0.218280396,0.173112618,0.126015721,-0.724225136,1.384868345,-1.764922815,-0.895753081,1.349785966,-0.993441791,-0.572878348,-0.420223479,-0.797175251,-0.470483744,0.039220713,-0.854020406,-1.387094681,-0.708463885,0.998386715,-0.801623657,0.725420741,-0.25902983,-0.456179623,-0.314984755,-0.634312395,-0.020610954,-0.311155429,-0.659712404,-1.485451933,-0.757152511,-0.541972353,0.861200766,-0.111266812,-1.424203934,-0.393635356,-0.239654103,-1.167319487,-0.277071893,-2.074653025,-1.505979204,-1.443076375,0.707543061,-0.230294055,1.137993245,0.158370336,-0.735845935,-0.12499649,-1.788564578,0.218412377,-0.14722472,-1.886509806,-0.936493439,-2.069887329,-1.114741671,0.538538062,-1.04611472,0.515215972,-1.574553511,-0.196379914,-1.643511893,-0.135819723,-0.655466114,1.032187545,-1.736703263,0.147298687,-2.531998257,-1.108965701,-0.187535124,0.967097908,0.125574823,1.016787438,-0.952954716,-1.065951506,-0.243218716,-0.661648514,-0.236862223,0.660572335,-0.838866835,0.435347483,-1.431291727,0.18448588,-0.341364183,0.087919298,-0.105582763,-1.872752628,0.266662705,-0.917041013,-0.000100005,0.649769841,-0.575897621,0.275660097,-1.308963018,-0.654503557,-0.078934988,-0.018673265,-0.119572135,0.097943074,0.049075838,0.473871141,-1.158043872,-1.764338874,0.297879897,-0.14064233,-1.671313316,-0.740029166,-1.269044801,0.013311014,0.101292251,0.389335726,-1.016111067,1.367187991,1.332154915,-0.152918106,0.134618302,-0.466330384,1.355422697,-0.949589017,0.096400494,-1.140685065,-0.782853094,0.138543809,-0.40947313,-1.607939036,-1.68848112,-1.737271284,-1.384296358,-0.591674212,-1.893792195,-0.313068259,0.377545628,-1.385494681,-0.054033888,-1.500135178,-1.397962166,0.53233268,-0.517682411,-0.281700001,-0.142485648,-0.06240746,-0.865597618,0.937582446,-1.567336736,0.63398087,0.891260062,0.595368958,-0.860619535,-0.059113264,0.550603874,1.209169279,-2.191938573,-1.092729626,0.837637059,-0.592035679,0.304834131,-0.443322751,-0.735219957,-0.296790091,-0.80923166,0.238623122,-0.676880208,-0.146529793,-0.307748735,-0.430782916,1.346305353,-0.506999619,-0.536827426,-0.999672341,1.098712284,-0.910060182,-0.003706862,-1.423788566,0.758841284,0.674117255,-1.237529588,-1.033948775,-1.408949052,1.013490035,-0.848865756,-0.845133538,-0.354534379,0.334040711,0.60437061,-2.070680036,-1.200977295,1.513829688,0.381718714,-0.524586539,-0.73459437,-1.42129997,0.334255496,1.150951702,0.898941094,-0.531879033,1.103632997,0.542091706,-0.756299996,0.061847403,-0.833099141,1.122589198,-1.847695102,0.350656872,-1.215370849,-0.879958803,0.357394685,-1.020540753,-0.925836145,-0.805644212,-0.522729528,-0.290619716,0.260439336,-0.279846187,-0.743809095,1.386419353,-0.811930717,-0.689155159,-0.446287103,-0.68299885,0.263440608,-0.625675465,-1.202640359,0.153064376,-0.434018916,-0.202116184,-0.79142175,-0.449887326,0.226497919,-0.442544116,-0.393338928,1.170250547,-1.263722809,-0.556520583,-1.474033275,0.832213229,-0.445350042,-0.619896719,-0.294908118,-1.163470861,-0.070315174,0.575151622,0.277252877,-0.276544328,0.983164025,-0.532219516,-1.458865054,-0.569691377,-0.108030744,-0.520034563,-0.474654427,0.333611004,-0.788557365,0.108675017,-0.889892258,0.065225785,-0.448007331,-1.67504367,-0.975244875,-0.453657951,-0.422967383,-0.127947014,-0.736263472,-0.447225042,-0.038844784,0.630154131,-0.207885549,-0.659712404,-1.042421009,-0.671972945,-0.720312849,0.005982072,1.21497209,-0.140182031,-0.214307703,-0.65027928,-0.354962126,-0.798507696,-0.902881045,-1.328402883,-0.210967975,-1.178955041,-2.525728644,-1.157089218,0.246078523,-0.646454453,-2.198225078,-0.714370817,0.580370343,0.146003294,0.29646836,1.041583278,-0.715597309,-1.177655496,-0.540254434,-1.605944023,0.029170377,1.030083595,-1.284460055,0.24137632,-0.73168013,0.425333093,-1.061027528,0.335257213,-0.07278577,0.85946638,0.439157749,1.118774328,-1.779633289,-1.356735559,-1.922779732,-0.494952275,-0.032523192,-1.567816238,-0.762926075,-0.241816817,-2.031032402,-0.653349711,-1.637323116,0.273380288,-1.250016743,0.379052684,-1.222815892,-2.199126385,-0.651237777,-0.264356247,-1.814618763,0.455651123,-1.718137329,-1.163470861,-1.503727458,-0.701179352,-1.54271428,-1.264430773,-1.857899272,-1.032262908,-0.538539462,-1.500583508,-1.297917251,-0.532560116,-1.138497222,-0.452556716,-1.612944052,-0.672364641,-0.724018844,-0.548008415,0.187889361,-2.368724895,-0.551126921,0.5086232,-1.738408294,1.056609041,-0.712941808,-1.569736546,-1.199980783,0.717351869,-1.782601531,-0.357961485,-1.686859059,-0.746547957,-1.980501594,0.34351878,-0.623807702,0.933029848,0.252313929,0.85271175,-2.047942875,-0.562294372,-1.840739651,0.858661619,-0.986444992,-1.432966769,-1.203972804,-1.308592853,-0.470163642,-0.169128963,-0.810355381,-0.744229971,-1.067695186,-0.599110539,-0.037390389,-0.912298711,-1.082640519,-1.234775713,-0.643024571,-2.34028696,-0.03759803,-1.673976434,-0.70623242,-1.11871296,-0.654888468,-0.477713272,-0.566867015,-0.061981792,-0.140066989,-1.877317358,-2.157619323,-0.42556578,-0.810130536,0.906401999,-1.304530059,-0.197963253,-0.223518622,-0.239527031,0.342383303,-0.323378337,-0.057523186,-1.777265023,-0.094200795,-1.595535007,-0.861565832,-0.186691089,-0.760783829,-0.815314815,0.559272872,-0.643024571,-0.556520583,-0.07396952,-1.362187286,-1.649739209,-0.141218002,-0.442077227,0.730683784,0.482179205,-0.046881986,-0.416121688,0.397500138,-1.814618763,0.110467453,-1.308592853,-1.557319958,0.780700078,0.234914007,1.093867718,-0.643214812,0.798542696,-0.929122711,-1.28916765,-0.213936071,0.601853922,0.755370524,0.344936315,-0.471604911,-0.115298624,-0.30924625,-0.606419177,-0.605136303,-0.756513056,-1.364924335,1.170405679,-0.863224011,-1.024711481,0.015381102,-2.471003745,-2.405725852,0.129272336,-1.406905315,-1.807279281,-1.557319958,-1.636809109,-2.228405695,1.082144096,0.191611604,-0.60166249,0.532508835,-1.266202881,-1.893127964,-1.069150579,-2.390324007,-2.296603021,-0.41521246,1.286308266,-1.328402883,-0.291288568,-1.743540897,-1.319757837,-1.116878097,0.3249056,-0.087957279,0.993066571,1.387493642,-0.998314567,-1.602462299,0.765235257,0.097761718,-1.348998576,-0.911054465,0.168391651,0.323893454,-1.873403458,-0.995875211,-0.152918106,-1.145703896,1.224686781,1.024068324,-2.002480501,0.473497518,-1.907170321,-0.741287556,-0.672952473,-0.57963994,0.95693351,0.013705647,-1.206308864,-0.371208619,-0.017756722,-0.954771719,-0.390675023,-1.003211204,-1.536652243,-1.197328262,1.666914054,-0.392154094,-1.629130546,-0.858965665,-0.735219957,-0.365283318,-0.086756864,-1.455001559,0.845997015,0.047360571,-1.211333159,-0.60495317,-1.797576355,-0.029737818,0.098305689,-0.882855956,-0.05921936,-0.963382339,-0.238637972,-0.127947014,-0.205794913,-1.712578671,-1.091239534,1.399778046,-0.745704431,-0.472406514,-0.865122445,-2.241489994,0.670339041,1.019965828,-0.433401727,0.081303451,0.626847109,0.07278567,-1.289893867,-0.626610657,-0.665532014,0.545864528,-0.116196794,-0.594932133,-1.762589092,-0.238891908,-0.217782945,-2.071473372,-1.596028226,-0.718259881,-0.092224944,-0.467287322,-0.599292605,-1.35208619,-0.815314815,-0.679244275,-0.02306394,-0.371933625,-1.684700397,-0.028811082,-0.099157572,-0.197963253,0.623529114,1.444233026,0.601360785,-0.117433097,-0.285417971,0.936603033,-0.555648667,-0.381992752,0.00019998,-0.38580955,-1.32275634,0.043634037,0.42160089,-0.127492521,-0.80833359,-0.352398387,0.673403552,-0.442544116,-0.901155844,0.368801124,0.280808504,0.559958586,0.260439336,-1.07382212,-0.663394222,-0.993711879,-0.077529203,-0.392154094,-0.789217649,0.024692613,-0.759073331,1.392549755,-0.296386513,-0.240671268,0.27732866,-0.741077714,1.185218028,1.365377113,0.213497174,-1.263722809,-1.963259787,-0.03035612,0.543486406,0.033241334,-0.304218041,-0.263835346,-1.97256218,0.356204833,-1.399176987,0.075292984,1.247377062,0.408593543,-1.057566319,0.047932654,-1.572142128,-0.6923475,-1.131652143,-0.709683149,-2.032557956,-2.481711759,-0.087193212,-1.021095846,0.741127493,0.445326642,0.706507532,-0.180802711,-0.320067533,-1.39513331,-0.205058084,0.247484883,0.29020389,-0.328642966,0.662945672,0.72440357,-1.14538948,-0.663782572,-1.648178741,0.272086085,1.240140786,-0.373821103,0.678946831,0.941022368,0.322518187,0.276722232,-0.793409602,0.540578582,0.712410447,0.001698557,0.624065019,-0.708666992,0.228409661,-0.695149183,0.062599142,1.405312367,0.92000383,0.685014197,0.266279666,1.525034042,-1.146647738,1.385794236,1.532492071,-0.370918764,-0.171262929,-0.60495317,-0.56457808,-1.407313728,-2.152442435,-1.668657272,-0.398241263,-1.690105816,-0.839098236,-0.606235809,-1.851509474,-1.537117251,-0.602392817,-0.153967363,-1.091537375,-1.867561183,-1.452434164,-0.853550702,-0.246540129,0.003892415,-0.376877651,-1.136314156,-1.547402522,1.417671897,0.398574757,1.206300094,-0.771973961,-0.221395081,-0.176021444,0.684055981,-0.964955904,-0.070529766,-0.651429587,0.910433612,-1.205640861,-1.798784084,-0.606786015,-1.079986825,-0.385221402,-0.548873691,-0.222643676,0.506154732,0.517662201,-0.718464989,-1.75157768,-2.38705425,0.108046904,-0.329754849,-1.479726306,-1.876011022,-0.894773888,0.806565148,-1.817077277,0.176806376,-2.562651998,-1.685779146,-2.42249539,-1.093326284,1.036417685,0.450693381,0.596085468,-0.268794897,1.281294891,-0.340801595,-1.029739424,1.244241046,1.186073564,-1.511857584,-0.777616337,-1.058430499,-1.167962367,-0.95972029,0.740889177,0.059777204,0.393527471,-0.865835288,1.044613584,0.730924545,-2.342365963,0.13400628,-0.241180239,1.081093052,-1.947010754,1.124767246,0.094582642,-0.948555692,-1.444347293,-0.350125013,-0.519530064,-0.124316835,-0.772406862,-0.770460284,-1.234088428,-0.453972812,-0.587166857,-0.149660775,0.554631961,-1.057278425,-0.592397277,0.975238655,-0.229790594,0.918847461,0.031498667,-0.745072253,1.531303383,0.13496786,-0.902634405,-0.155368087,-0.056041391,0.113328685,0.329375687,-0.812381268,0.136888252,-1.4867779,-0.321169917,-0.208870892,-0.361974677,1.155842922,-0.076665085,-0.124769887,-1.767261998,0.163818085,-0.151288114,-0.203708639,0.007868958,-0.36672528,-0.869168625,-0.556869562,-3.07045582,-0.175663769,-1.617470084,-0.609909582,-1.278696351,0.087003044,0.647940588,-0.870123051,-0.294371061,-0.262404265,-0.140527235,-0.410980289,-0.093431945,1.174832315,-0.663394222,-0.639037855,-0.460132509,-1.571660548,-0.887703275,-0.896978421,-1.478848343,-0.491513313,-0.047406122,0.449035323,-0.432939085,-1.25351325,-0.518689799,-0.29813653,-0.046043939,-1.304530059,-1.740116236,-0.385515433,-1.301953213,-1.018046641,-1.242367192,0.21817121,-0.721958262,0.527918701,1.031902523,-0.393931872,-2.186581417,0.280053045,-0.103473408,-0.912547746,-1.572623939,-1.463607464,-1.922095971,-2.214574216,-1.306374738,0.689540685,-1.642994696,-1.9618363,0.399648223,0.083145581,-1.312672221,-0.550433078,-1.136314156,-0.970482961,-2.620039324,-1.659153505,-1.463175405,0.23956793,-2.638057829,-1.812778836,-2.877060744,-1.347073648,-2.744195648,-1.24897017,-2.592937394,-1.555897146,-0.963120319,-1.242020872,-0.729811165,1.226829586,-0.484833043,0.96911086,0.047551302,-0.405265128,0.138891999,-1.922095971,-1.39070407,-0.701784374,-0.226273444,-0.86298696,-1.2772606,-1.286268047,-0.567395975,-1.714243027,0.790999581,0.424156007,1.240661468,-1.701553201,0.421075956,-0.131818575,1.268523825,0.374318379,-0.09014355,1.561066661,-1.663366254,-1.907170321,-0.612673796,-2.317698731,-0.75098818,1.096610286,1.611455875,-2.155027529,0.180987334,-0.372949516,-0.75098818,1.319807276,-0.968637212,-2.47693848,-0.568454737,-0.248461359,-0.141563564,-1.822631133,0.416009322,0.21656194,0.406198173,-0.621012583,-0.212945726,-1.063341675,-1.50237884,-1.184823985,0.000299955,-0.846764669,-2.88598141,-0.890135774,0.036910354,-1.191056579,-0.572701027,-1.685779146,-0.631299777,-1.351313392,-0.338975367,0.518972349,-0.203463481,1.10836458,-0.676290063,-0.91130319,-0.389198136,0.094582642,-0.191766016,1.086775847,-2.460409178,-1.436745905,-1.231686643,-2.810082927,-2.163693094,1.175758498,-1.069150579,-1.126703169,-0.324346057,-0.839792761,-0.190676361,-1.384296358,-0.05087233,-1.453717037,-0.740658163,0.400318554,-0.641693899,-1.56303154,-1.308222826,-0.2338254,-1.26513924,-1.815232825,0.378641894,0.315321558,-0.930896884,-1.224856015,-0.484508315,-0.867738691,-1.09302791,-0.415515444,1.124539911,0.099121091,-2.273026291,-0.192371893,1.572753181,-0.984569573,1.180499448,-0.330033013,-0.856372242,-0.298540816,-2.291645153,-0.795844579,0.179400628,-0.958415658,-0.256700335,-0.818937187,0.292594984,-1.573105983,-0.567395975,-0.258252728,1.287826702,0.905836274,0.146348896,-0.009444459,-1.220102186,0.041333863,-0.361256853,-0.622688717,0.708626751,-0.913046002,-0.783728559,-2.609110253,-0.130222587,-1.507784259,0.461467298,0.161523434,-0.558616288,-1.292804018,-0.054878662,-1.784386715,0.496767267,0.564972842,-1.236840408,0.499926443,-1.405681075,-1.231001477,1.498394614,-0.150241663,0.209936724,1.38228634,1.086775847,-1.945610194,-1.161552088,-0.388313049,-1.255617037,-0.105360516,1.41252238,-1.682546384,-1.851509474,-1.466637114,-1.894456867,-0.866786537,-0.84629836,0.032176732,-1.786771928,-1.915963073,0.261363764,-2.034850658,-0.612858349,0.169151883,-0.618967782,-1.224856015,-0.510825624,-2.093134869,-1.410996974,-1.611941043,0.065319466,-1.187771425,-0.327254848,-1.136002678,-1.749850066,1.257267095,-2.137918471,-1.143191332,-0.562996496,-1.897786874,0.064100925,-1.381107834,-0.248076818,1.170529768,-0.03469497,-0.066567244,-2.131998792,-0.493968507,0.434311683,-0.253860524,0.63398087,-1.095118399,0.054109326,-0.045729852,0.094855531,-0.657973106,-0.280772664,0.785361665,-0.931150595,0.766165273,-1.153913604,-1.128865332,1.007045095,-0.31992982,-0.750564451,0.142887488,0.181070775,-1.213349966,0.46699912,-0.518857795,-0.653349711,-0.997500787,-0.911551978,-0.835863483,-0.529838563,-0.120023043,1.228792238,-1.256319285,-1.67932404,-0.832409248,0.593823959,-0.204076489,-0.844435295,0.383492127,-0.250386288,-1.071483621,-1.437587656,-2.231195097,-0.997229674,-0.102032726,-0.99452258,-1.321630848,-0.162518929,-0.583396317,-0.666700011,-0.496429743,-1.604450371,-1.766091722,-2.292634762,-0.868691753,-0.51902582,-2.525728644,-0.434790937,-0.437420279,-0.134331713,-0.102254234,-1.243060193,-1.516403046,-0.665726585,-0.519698202,-0.138113302,-1.154547921,-0.188500608,-1.420057991,-0.71273783,-0.571106555,-2.057288737,-1.689022392,-1.142564176,-0.386545223,-0.612120342,-1.7837913,-2.425883309,0.085718875,-0.870123051,-0.928110309,-2.121097217,-1.602462299,-1.062762636,-1.759679576,-1.611439915,-0.825308084,1.03978189,-1.615959129,-1.344001449,-2.028748427,-1.263722809,-1.619993426,-1.884532869,-1.243060193,-0.516508407,-1.172151192,-2.285727976,-1.903808973,-2.010662026,-0.801623657,-1.799993274,-1.738408294,-1.067404362,-2.234926445,-1.566857465,-1.451152933,-1.821394274,-2.922481812,-0.460766424,-1.610939039,-0.543521007,-1.897786874,-1.633218441,-2.058071516,-1.055265484,-0.560891601,-1.653912403,-1.9618363,-0.683989243,-1.202973304,-1.255617037,-1.352859585,-1.415929166,-1.304161532,-1.166355941,-1.298283484,-1.709258248,-2.911391125,-1.685779146,-1.317888328,-0.897468978,-1.194022473,-0.920298753,-2.249044326,0.959043661,-2.523231764,-1.808498793,-1.870153537,-1.105939064,-1.00758399,-1.84136997,-0.544037758,-0.83378951,-2.393604491,-1.418817553,-2.434974281,-1.102018082,-1.967542449,-0.059113264,-1.537582475,-1.232029402,-3.011861655,-2.42249539,-2.393604491,-1.807888851,-1.028899676,-0.653926467,-0.680033541,-2.353878387,0.132605965,-1.828216006,-0.933945667,-1.810942289,-0.340379861,-1.625567294,-1.666537504,-0.99479296,-2.202739758,-1.661257661,-1.01721665,-0.023370986,-1.7333019,-2.701571235,-0.745072253,1.115141591,-1.777265023,-1.588165777,-0.28595024,-1.92004749,-2.394700382,0.044016885,-1.406497068,-1.503277717,-2.605042451,-1.219086442,-1.997308712,-1.87993516,-1.035074268,-1.709810887,-2.494956986,-1.597015392,-1.160594081,-1.893127964,-1.22587764,-0.044788183,-1.021651248,-0.216788786,-1.54458694,-1.985586966,-1.112305616,-1.313043899,-2.070680036,-1.474907019,-2.112791521,1.035388459,-1.984858899,-2.013653801,0.480015839,-0.540426094,-1.96254779,-0.886974678,-1.77136878,-0.581069277,-1.264076728,-0.50071029,-0.951141009,-1.182863841,-0.288482393,-0.503022812,-1.605445891,-2.046393688,-1.251413879,-0.772839949,-1.145703896,-0.955551446,-0.915541013,-2.034850658,-1.080575926,0.244748475,-1.764338874,0.349811444,-1.052969931,-0.984569573,-0.251928903,-1.316768298,-0.216043814,-0.80833359,0.031789322,-1.54458694,-0.538710827,-1.560647748,-0.777616337,-0.899925378,-0.711311151,-2.63108916,-0.650854268,-0.46473752,-1.683084453,-0.377460912,-0.893306895,-1.456287733,-0.862039317,-0.759500681,-2.047167981,0.298325233,-0.865597618,-1.383897237,-0.744440475,-0.686966321,-2.235861461,-0.662036186,-1.997308712,0.001299156,-0.269973139,-1.000487891,-1.141311043,-1.624044065,-0.268271679,-0.853550702,-1.262661801,1.022414956,-0.753746803,-0.278788405,-0.365571544,-1.26655768,-0.006420568,-0.820980552,0.510305489,-0.640364995,-1.041003976,-1.051251717,-1.63989712,-0.697155202,-2.219163485,-1.649739209,-0.373966441,-0.62942149,0.783216378,-1.018600351,-2.08828049,-0.997500787,0.343093127,-1.014179233,-1.256319285,0.0964913,-0.824167443,0.480448887,1.125643628,-0.041238748,-1.639381789,-2.159350925,-1.309703759,-2.877060744,-0.749717532,-3.218875825,-1.139434283,-0.263184601,-0.526108481,-1.427116356,-0.967847219,-0.098826354,-0.842807955,-0.395118816,0.0329511,-0.374838915,-0.696552974,-1.11871296,0.521468784,-0.036767724,-1.1141321,0.627274436,-0.310064023,-1.272965676,-1.051251717,-0.373821103,-0.645881988,-1.718694898,0.633450253,-1.604450371,0.733569095,-0.914292729,-0.375129908,-2.22192719,-0.973655049,0.595865058,-1.544118446,-1.146018411,-0.563523413,-0.330311255,-1.202640359,0.459637587,-1.327271021,-0.616371342,-1.337885222,-0.326145739,-0.099709844,-0.639985632,-2.3892329,-0.028296599,-0.012376271,-0.366436721,-1.219424909,-0.732719956,-1.157089218,-2.3816283,-0.878994947,-0.319103942,0.093125978,-2.269150317,-0.077853439,0.345573551,-2.570464538,-1.730476241,-1.116267224,-0.999944117,-1.926205566,"EWS"
"9",0.108316143,-1.944910649,0.60009944,-0.05108279,-1.98195192,0.119204247,1.849116012,0.237519717,-0.050346374,-0.252701104,1.735964831,-1.470545914,1.129044496,-0.029325829,-0.244878043,0.212042158,0.210260925,1.150920068,1.012000832,-1.013903561,0.258742329,1.857172608,-2.143873402,1.77335786,-0.148268017,1.603077729,0.295799041,-1.109572129,-1.493879572,0.951310325,-1.231344001,0.032273561,-3.123565645,0.757201209,1.450090419,1.831813169,-0.379358861,-2.037915795,-0.484670666,-0.557742544,-1.165714092,1.659332229,0.027712439,-0.975775379,-0.188017749,1.271444519,1.477756237,-0.912547746,1.332497937,-2.068303797,1.71983373,-1.07382212,0.7626266,-1.940027486,-0.69254736,0.430482871,1.718919923,0.933541085,1.121775277,1.871663706,1.82194914,1.771250593,-0.766578459,-0.349841204,-0.219027036,-1.385494681,-3.283414346,-2.363397232,-0.506335718,-1.166034965,-1.110178925,-1.440539376,-1.588655373,-1.322005871,-1.918684163,0.800251175,1.055669992,-1.488548595,-1.982677873,-0.291690094,-1.701553201,-1.62455155,0.554057512,1.320394914,-0.886489241,-2.241489994,-1.034511363,0.995101912,-2.281802554,-2.830217835,-1.84136997,-0.67766761,-2.688247574,1.320448319,-1.606442403,-0.738144546,-1.026105598,-1.799388496,0.786774126,-0.854020406,0.584280526,-0.616556578,-1.226900309,-0.138917299,-0.209980565,-1.166355941,-0.511159013,-2.115275995,-1.178305058,-2.347582459,-2.272055888,0.143407463,-0.826221535,-0.329754849,-1.954043132,-1.887169654,-3.051244983,-0.130108685,-0.917541514,0.120889317,-2.163693094,-1.94911528,-1.666008264,0.590228127,-0.487923231,-0.199549102,-0.431706419,-0.290753451,-2.338212271,0.293713845,-0.412187654,-1.999521919,0.685921135,-0.749717532,-1.293897512,-2.596956154,-0.603123678,-2.312635429,-0.423730917,1.108892598,-0.891598119,-2.132842318,-1.942814944,1.246486168,-2.095570924,-1.351313392,-2.643667942,1.825645465,0.555263473,-0.990206415,0.107687805,-0.27010414,-0.615630738,-0.810130536,-0.852611955,0.500350955,-2.80016549,-0.15082289,0.636100525,-1.737271284,0.386893723,-0.59747343,-1.181885208,-0.397496938,-0.572701027,-0.871556401,-1.211333159,-0.612673796,1.341244693,-0.316630394,-0.378336441,-0.718464989,-0.620454495,-2.950758908,0.235783332,1.429234112,-2.317698731,1.086337258,-1.495216768,0.719448255,-2.469821012,-0.554951682,0.165683916,-1.661257661,-0.326561511,-1.783196239,-2.868218953,0.247562956,1.403913233,-0.672364641,-0.84769794,-1.349769586,-1.222476276,-0.577499757,-2.272055888,0.132167964,-1.520054351,-2.220083871,-1.268689119,-1.120857898,-1.648698626,1.509352349,-0.581069277,-2.471003745,1.003275442,-0.059856167,-0.626610657,0.112792827,-1.446044366,-1.294992203,0.191363885,-1.239599982,-0.798729943,1.232880909,0.343589704,-0.171500318,-3.116770602,1.782214056,-1.969690678,-2.086667587,-1.258781041,-0.499720844,-0.047301273,-2.116105526,-0.548873691,-0.330728762,-1.40283033,-1.784386715,-0.885034342,-0.327671081,-2.401301066,-1.960414835,-1.976163192,-2.354931573,-0.275226631,-1.29974976,-1.965398826,-2.018911042,0.622510101,-1.053543325,0.09630968,-1.751001477,-1.04611472,-1.218409852,-1.667067025,1.002174807,-1.60743991,-0.514499029,-1.224515706,-1.167319487,-0.718054816,1.505920142,-1.188099455,1.081737371,-3.123565645,0.077886539,-1.992163534,-2.689719244,-1.758518135,0.604807649,-0.804749357,-0.490369615,-2.193730688,-1.755041886,-1.081165375,-0.364707116,-2.602339747,-0.858257701,-1.558744798,0.303580028,-1.33142746,0.945927201,-0.652773286,-0.439435628,-1.505979204,-0.332679438,-0.774357236,0.155036002,-0.009242581,-1.761424269,-0.092663685,-0.435563556,-0.759714425,-2.254747764,0.601853922,0.966603546,0.922908784,-1.384296358,0.337685786,-1.741256487,-0.554603371,0.747161769,-0.939047719,1.149020191,1.172636924,0.754618503,0.462538333,1.149558856,-0.671581403,-0.992362169,0.784905606,1.896689892,-1.588655373,-0.321721565,-0.311155429,-1.843263312,-1.871452238,-0.10192199,-0.884307686,-2.504701277,-2.629701235,-0.972861083,-1.088562953,-0.4144554,-0.714166548,-0.330450404,1.639947719,0.782713624,-0.550606494,-1.136314156,-0.792083928,-0.891598119,-1.570217199,-1.276185138,-0.547489608,-0.289951312,-0.548873691,-2.071473372,1.265199598,1.337314179,0.820968552,-2.014403146,-1.491210531,1.729671277,-1.386694441,1.759098527,-0.849099482,-1.726533684,-0.75438449,-1.071483621,-0.952695414,1.075241302,-0.583575544,-0.467127769,0.981216678,0.167969051,1.296041372,0.45152138,0.533741048,-1.928266714,0.007273484,-0.735428573,1.531346633,-0.159112972,1.899312579,-0.095740272,-2.207274913,-1.873403458,-2.018911042,1.513235335,0.05921186,-1.789761467,-0.865360003,1.552846397,-0.712941808,-0.756726162,-1.112001526,-0.531708835,-1.183516796,-1.400393285,-1.807888851,-0.189346172,0.711379949,0.265052954,-1.048109306,-0.15431736,-1.14790758,-0.402120707,-2.276917346,-0.53034829,-1.231001477,-2.165435255,0.717059001,-2.590267165,-1.26940061,-1.737271284,-0.897468978,-0.486783629,-1.422543494,-1.62964062,0.133568892,-2.358097803,-0.444413858,-0.115859886,-1.696631124,-0.010555514,0.184901559,-2.440698395,-2.3330443,-1.550226053,-0.832409248,1.001330166,-1.320881223,-1.427950036,-1.216045386,0.646998525,-1.090644119,-0.443946095,-0.931658209,-2.392509801,-2.102914898,0.111362468,-0.714370817,0.323242248,-0.548354436,-1.290620611,-0.371063681,-2.77900929,-1.663894098,0.106969221,0.161948767,-0.001801622,1.296205526,0.367001442,-0.259288998,-1.143818882,-1.535258514,-2.492535677,-1.538513574,0.831299132,-0.12828802,-0.723606388,-2.882403588,-1.285906187,-0.577321615,-1.657578288,-2.538307427,-0.134903762,-0.133417113,-0.850737101,-1.461017907,-2.407945609,-1.439695138,0.043729763,-0.522729528,-0.787238104,-0.385515433,1.367952167,-0.705422211,-0.156302994,0.67151488,0.132956227,-0.300969967,-2.111138628,0.672689339,0.096945206,-1.67932404,1.372246145,-0.4522423,0.07399368,-1.705398304,1.32095552,-1.396748819,-0.722781986,-1.04497674,-0.789437841,-0.436646226,1.193012964,0.239174368,0.342880233,0.927270236,-0.063472423,1.053510315,-0.304760414,-0.442544116,0.46906569,-0.668649709,-0.049820695,0.290727431,-1.749274858,0.464551292,1.081398308,-2.077044417,-1.002120988,-2.165435255,-1.381505844,-1.311929279,-0.782196997,0.123809286,-0.692747261,-0.243984217,-0.265138108,-0.060812139,-1.148853505,-0.579461416,-0.876349125,-0.25502129,-1.616462527,0.107867371,0.28299611,1.005912033,-1.202640359,-0.06049338,-1.433805344,-0.385662481,-2.285727976,-0.860619535,-2.02798826,-2.25094186,0.193673545,-1.147592471,-2.292634762,0.077886539,-0.503022812,-2.013653801,-1.614953093,-1.720928288,-2.165435255,0.186977368,1.104329249,-2.149006005,-1.876663976,1.200025022,0.172018664,-2.274969926,-2.643667942,-0.794737036,0.159990736,-0.548700576,-0.848164903,0.598891445,0.394067063,-0.327948666,-1.398771883,-1.32275634,-0.261105058,-0.85143976,1.741483201,1.030939973,1.248554124,1.695909144,-1.838851077,-2.011409131,1.523771086,1.13404378,0.736350338,0.49634123,-1.812778836,0.211637611,-1.77608299,1.633056778,-0.70097776,-1.828216006,-1.250365844,-0.272071225,-1.278696351,-0.588066704,-0.375275437,-0.109703265,1.337681681,-0.046148656,0.155121637,1.435679586,-1.541779264,-2.911391125,-0.543693227,0.273608503,-0.839098236,-1.300116665,0.071576198,0.008464078,0.950344272,-0.962072925,0.785270469,-1.255617037,0.824613943,-1.127320453,-2.570464538,-1.745257636,-0.622502341,1.037870993,-0.678849876,-1.422958345,0.611720182,-0.943661929,-0.824623543,-1.75157768,1.338049048,-1.505528449,-1.535258514,-3.128121462,-0.371353578,-0.346724613,-1.21402314,0.457931048,-0.172925835,-1.041287222,-0.5642264,-0.760142049,-0.467606505,-0.654118794,-0.472246142,-2.565249402,1.209318491,-0.192129498,1.144382023,0.87534373,-2.889572078,-0.389493339,-1.766091722,-2.132842318,-2.505926017,-2.310617265,0.965195175,-0.007024615,-1.84010973,-0.140412154,-1.951224244,0.093672476,0.017446914,-2.009169489,-1.085301275,-2.065144237,-2.791975436,-1.101717104,-1.458435039,-1.54271428,-1.066822966,-1.144132804,-1.666008264,-0.216167938,-0.768086267,-0.469363834,0.741270456,-2.666428526,-1.337504197,0.307411168,0.517662201,-1.91189527,0.143407463,-2.496169842,-3.044922518,-0.87275243,1.727114276,-1.647659125,-0.090581378,1.280155765,-0.858729621,-0.078610401,0.664953446,-0.046462874,-1.308963018,-0.096400774,-1.65286747,-2.251891979,-1.748125432,-0.171737763,0.22872793,-1.838851077,-0.361256853,-0.610645959,-0.971539206,-1.778448455,-0.862749965,-0.885761527,-1.893127964,-1.523260216,-1.498791392,0.692997169,-1.049250859,-0.435254437,-0.916540763,-0.192493112,-0.373385215,-2.400197922,-2.291645153,-1.650259907,-0.594569617,0.366031039,-0.410980289,-0.972596568,-0.515670675,-1.606442403,-0.949330586,-1.437166691,-1.555423324,-0.693347201,-0.582142623,1.376420777,-1.566378423,-0.018775155,-0.213688393,-0.963120319,-1.160913315,-1.861109547,-0.914292729,-0.4522423,-2.007679175,0.726195035,-1.982677873,-2.377308639,-0.142485648,-1.015834862,-0.167590592,-0.236735505,0.381377313,-0.678061543,-0.84629836,-0.945204742,0.150658876,0.081026839,0.037295785,-1.558744798,-2.446455463,-1.843263312,0.162543929,0.49573229,0.738932836,0.329015936,0.388793574,-0.003405793,0.120268832,-1.837594006,1.307494631,0.749622027,-2.826833737,-0.133531393,0.079457921,-1.25351325,-2.238671767,-0.287815415,-1.955455562,-0.745493661,-1.89578754,1.628240039,0.764630282,-1.289530693,-1.436325295,0.587508849,-1.486335715,-1.532939941,-0.080451124,-0.819617845,-0.579818495,0.066536524,0.01212618,-1.165714092,0.24553107,-1.235119533,0.406198173,0.664284636,0.639482656,-1.483686707,0.206526245,-2.097198263,0.131028262,-1.39513331,-0.231805962,-1.399176987,0.022446189,0.454318762,-0.895998029,-2.062781101,-1.53433044,-1.498343865,-2.503478035,-2.492535677,-0.830113036,-2.174191878,0.740650803,-0.72505073,-0.12828802,-1.872752628,-0.245133569,0.434311683,-2.002480501,-1.419644341,-1.651823629,-2.123602437,-2.057288737,1.398963764,-1.242713633,-2.217325249,-1.394326533,-2.21183073,-1.514582381,0.77904961,-0.996416776,-0.588967362,-2.152442435,0.022837234,-0.522055106,-0.506667614,-1.223495471,-1.007036345,-0.125336491,0.958967006,-0.717439873,-2.517016704,-0.264747101,1.608937787,0.323314625,0.425594479,0.277631737,0.267581401,-0.183802653,0.673964361,-0.482562158,-1.108965701,-0.879958803,1.372144726,-0.594207233,-0.523573197,-0.893795654,-1.719252778,-0.616186139,-1.529702944,-1.662311402,-0.848164903,-0.319379159,0.325266833,1.479192543,-0.552168587,-0.259418607,-2.391416307,-1.063341675,-1.622523152,-0.417031744,-1.889151815,-1.940027486,-1.32425897,0.198358934,-1.567336736,-0.542488304,0.554344778,-2.260483917,-0.932420114,1.138601937,-0.163107338,-0.438504962,-0.270235159,0.913085601,0.360258515,0.825315144,-1.991430664,-1.195674002,-0.986713196,-2.186581417,-1.501480771,-1.873403458,-0.138113302,-1.67932404,-0.800509699,0.828158727,1.106646594,-2.175952442,0.420813385,-1.730476241,0.813105626,0.191694163,-1.657578288,-1.951928221,-1.90851803,-1.190727578,0.539238138,1.0459145,-2.722656353,-2.364460497,0.624707727,-2.098828255,-1.465337568,0.675899287,0.567810689,-0.1537341,0.21640087,-0.607887337,0.533565111,-2.347582459,-1.038740892,-0.787018396,-1.262661801,-0.271152771,0.748345341,-0.057417271,-0.288215548,1.324445553,-1.396748819,-0.724225136,1.562954087,-1.495662898,-0.570398715,-0.415515444,-0.77479117,0.303358552,-0.564753966,-2.003221516,-1.918003196,-2.066722769,0.882361594,-2.009169489,0.705964684,-0.556171726,-0.98564081,-1.431710225,-0.607520095,-0.392894451,-0.688756832,-0.469203949,-2.364460497,-0.84304027,-0.622688717,1.230721838,-1.933092645,-1.245489485,-0.948297528,-0.000500125,-1.468806783,-0.570575628,-2.557477343,-0.645119212,-1.75157768,1.173750682,-0.002603386,1.060494967,-0.123411345,-1.297551151,-1.021095846,-1.501480771,-0.300429645,0.726727014,-1.165072655,-1.315649522,-1.887169654,-2.196424897,0.142107017,-1.206643033,1.128850472,-2.095570924,-0.73417753,-1.094520671,0.105530501,-1.623029866,0.908500466,-1.924148657,-0.547316732,-4.022954566,-0.583934096,-0.347007539,1.158985899,-0.330450404,1.202852177,-1.223495471,-2.234926445,-0.73417753,-0.65027928,-1.16443163,1.338704726,-0.942378067,0.245922138,-0.883823542,1.09483851,-1.724848764,0.138369669,0.179734881,-2.553613848,0.904299119,-0.97127504,-0.951399909,0.771773501,-2.558768498,0.483043243,-1.245837008,-1.715910157,-0.677273831,0.869241052,-0.581784713,-0.073861849,-1.886509806,0.268499253,-3.022076249,-2.468639677,0.523840561,0.790727509,-2.775793853,-1.426283369,-1.822012512,-0.371208619,-0.47997316,-0.068600091,-1.913249367,1.509131271,1.741921256,-0.216043814,0.13251838,1.404281616,1.557028206,-1.476219069,-1.048109306,-2.001000115,-0.636766847,-0.108365025,-0.490206337,-2.034850658,-2.549765222,-1.478848343,-1.032262908,-0.260715624,-2.288682188,-0.325868654,0.604862266,-1.601469743,-0.936748574,-1.700457311,-1.402423743,0.649926478,-0.893306895,0.356344889,0.051643233,-1.77608299,-2.446455463,0.648620415,-1.977607236,0.383832808,1.036275786,0.427161366,-0.904115156,-1.130722343,0.611882894,1.055809166,-2.716586532,-1.276543497,1.251619458,-0.976571663,0.567527267,0.217366899,-0.849333264,-0.438970187,-1.04867992,0.96922468,0.135055231,0.352626761,0.227135573,-1.318635713,1.401478496,-0.225145554,-0.389198136,-2.082646673,1.223422428,-1.596028226,0.169658383,-1.593564563,0.887561985,1.07939549,-1.48722028,-0.256829609,-0.844435295,-0.844667988,-1.184823985,-1.477532842,-0.15431736,0.282770028,0.907451783,-2.040220829,-1.814618763,1.747389521,0.563380123,-0.723812595,-1.881903019,-2.54338358,-0.825993094,0.554057512,0.312106356,-0.704208128,1.761008123,0.004987542,-1.667596827,0.349952398,-0.385368406,0.046692728,-2.144727008,-1.112001526,-0.544037758,-1.581822745,0.582829956,-1.07557959,-1.095118399,-1.953337665,0.264515794,-0.720518377,0.355223892,-1.243406874,-1.176681944,0.707838729,-0.978698192,-0.6806259,-0.320894207,-0.770244231,-0.371933625,-0.873710284,-1.916642651,-0.134560493,-0.660099327,-0.257734996,-0.958415658,-1.773723107,-0.157121756,-1.162511015,-0.567572358,1.586599081,-0.89037935,-0.845366394,-1.698269126,0.744457975,-0.942121492,-0.438815088,-0.409322538,-1.261955087,-0.250129416,0.728321256,0.203512109,0.195977883,0.578297339,-0.421899415,-1.863685209,-0.234963128,-1.64713978,-1.629130546,-0.45870767,-0.347007539,0.361234533,-0.016637641,-1.435484605,-1.639381789,-0.58411342,-2.237734121,-1.255617037,-1.496555755,-0.707246105,-1.175385347,-1.221118963,-0.13868752,-1.259485514,-0.166172655,-1.259837937,-0.305574525,-1.593072558,-1.361406646,-1.767847649,-1.158999439,1.499176518,-1.015834862,-0.206286434,-0.458549479,-0.434636485,-1.350155315,-1.154230712,-1.201642189,0.450310996,-0.075909594,-2.25094186,-0.528989594,-0.154200681,-0.907578791,-2.544656654,-1.326894018,0.567016903,0.139674982,0.304317926,0.835037292,-0.05245186,-2.573082341,-1.037893554,-1.969690678,-0.573942933,0.907249987,-2.270117903,-0.066032971,-0.2646168,-0.724637848,-1.590125601,0.531275101,0.629674758,0.103458708,-0.195163665,0.983238848,-1.224856015,-0.795179906,-1.373575589,-0.512493681,-0.407517212,-1.718137329,-1.891800823,-0.212327259,-1.998783639,-0.457284857,-1.511857584,0.621865979,-2.933696883,0.032660782,-1.04497674,-2.021927635,-0.509493179,-0.131248287,-1.658628157,0.287582067,-1.632706539,-0.186209104,-0.953473523,-0.178289696,-2.085862109,-1.863685209,-2.48530673,-1.296819355,-0.661067287,-1.557319958,-1.461880348,0.278918787,-2.02722867,-1.105636904,-1.84010973,-0.792304752,-0.920800887,-0.861565832,-0.239145909,-2.913231052,-0.366148246,1.19791449,-1.391105918,1.055217543,-0.548700576,-1.152013065,-1.244100595,0.365406711,-2.202739758,-1.545055654,-1.314904365,-0.842807955,-2.710553331,0.687280002,-0.720723948,0.710102621,0.650657129,0.901055259,-2.121097217,-0.293566016,-0.617297868,-0.311838162,-0.622688717,-1.426283369,-0.853550702,-1.031701583,-0.032110054,-0.451142622,-1.62455155,-1.393117586,-1.807279281,-0.825079852,0.166107483,-1.637837387,-2.840439389,-2.150722744,-0.905598102,-2.652142569,-0.490206337,-0.873949891,-1.171505614,-1.756199294,-0.277203828,-0.365715689,-0.646072773,-0.21109147,-1.22587764,-2.223773913,-2.744195648,0.141239112,-1.380312289,0.279826296,-1.746977326,-0.615075645,-0.289016295,-0.76378426,-1.249667764,-0.95503156,0.096582098,-0.690151672,0.228409661,-0.586986985,-1.878625402,-0.830113036,-1.52924137,-2.024196067,0.257970008,-0.485807861,-1.931021537,-0.166881372,-2.140466244,-1.786175091,-0.639037855,-0.153617489,-0.2269006,0.100569055,-0.247180129,-0.679836167,-0.602575482,-2.349676701,0.073807927,-1.33484108,-1.712024501,0.76681577,1.338153986,1.321035581,-1.220440997,1.158389493,-2.378386806,-2.315670333,-0.389345726,0.227294922,-0.465374361,-1.987774353,-0.463783017,-0.172925835,-0.117770536,-0.909066887,-1.044124103,-0.329754849,-0.205303633,1.355035865,-1.097512893,-0.869168625,-0.545934801,-2.609110253,-2.972015747,-0.084904507,-2.622790357,-1.326517157,-2.041760475,-2.931818948,-2.995732274,1.319139086,0.460205787,-1.251413879,0.086544601,-1.4929891,-2.431555474,-1.894456867,-3.167707538,-2.635264531,-1.078515587,0.998902445,-1.406905315,-0.365427421,-1.38309947,-0.955551446,-2.315670333,-1.229632551,-1.245489485,0.666546499,0.939890064,-0.50071029,-3.384340265,0.041621675,0.79809261,-1.686859059,-0.44347855,0.075107472,0.039701367,-2.295609479,-1.17993081,-0.757152511,-2.082646673,1.269957155,1.68497201,-1.07939807,1.331177979,-2.725705136,-0.391858105,-0.378628454,-0.879717752,0.172692008,0.096582098,-1.120857898,-1.272251645,0.161438346,-2.160217852,-0.043638457,-0.562996496,-1.831332244,-1.545524587,1.196071672,-1.202640359,-1.398366942,-1.184497028,-1.623029866,-0.481428647,0.433274809,-1.349384007,0.178648151,-0.811255269,-1.125469743,-1.040437725,-2.167180456,-1.041003976,0.419959554,-1.210661792,0.238544348,-0.656815251,-0.800955133,-1.010052112,-0.768086267,-2.566550639,-1.129174594,0.981104215,-0.850268936,-1.440117168,-1.158680815,-1.439273286,0.592331875,1.709590892,-0.1420245,-1.325763861,0.321866084,-0.717030121,-1.152646177,-0.291020974,-2.168928708,1.026937252,-0.822345119,-1.237184939,-1.432547746,0.386893723,-0.368747525,-0.691348799,-2.920624801,-0.744229971,0.401323209,-0.321032052,0.102376067,-1.399582255,-2.499817263,-1.456716825,-1.753885817,-0.941095851,-0.907826653,0.607371404,-0.604220971,-0.164520932,1.422119894,1.826032063,0.254487168,0.689239556,0.503438405,1.425635259,-0.600021203,0.796921439,0.340606536,0.185566287,-1.209320411,0.423174042,0.592497772,0.088194011,-0.538710827,0.042580448,0.715006515,-0.75608698,-0.952954716,0.608024927,0.626847109,1.090210425,0.517244976,-2.343407088,-1.251064412,-2.307597635,-0.161813296,-0.964168812,-1.236495996,0.412242092,-1.265848208,1.60341984,-0.64226397,-0.5730557,0.722803065,-0.822800389,1.768883123,1.573790009,0.717449473,-1.647659125,-0.976040736,0.867268541,0.876468238,0.185815446,-0.784385661,-0.719285838,-3.132698129,-2.212744389,-0.971803442,0.945227982,1.270462546,-0.036975236,-2.251891979,-0.026754737,-2.172434409,-0.865835288,-1.21402314,-0.570398715,-2.821778966,-2.430418465,0.189958984,-2.12611395,0.660003962,0.056380333,0.841351645,0.013212331,-0.612304793,-2.459238903,-1.01721665,0.046979001,0.024595047,-0.115410852,-0.341645595,0.533447802,-2.162823151,-0.671581403,-2.003963081,0.00039992,1.480194456,-1.679860377,0.848825265,0.783901544,1.06705282,0.274672818,-1.5847453,0.505069087,0.810396741,-1.272251645,0.741222804,-0.347007539,0.350727292,-0.551647618,-0.868215109,1.464342774,1.240834969,0.246000333,-0.396158549,1.794738361,-1.736703263,1.647407844,1.850924202,0.298325233,-0.602027587,-0.512827626,-1.334461212,-1.795767491,-1.825109449,-1.657053766,0.141412753,-1.854060495,-1.189084192,-0.42617815,-2.210005912,-2.566550639,-0.897714346,0.210260925,-1.262308381,-1.697176827,-0.199304962,-1.54599374,-1.147592471,-1.411407062,-0.735428573,-1.184497028,-0.899679466,1.557175728,0.258201767,0.908419837,-0.724844267,0.077701508,0.111094048,0.269339878,-0.733760863,0.140804877,-0.447694342,1.001219943,-0.241434821,-2.609110253,-0.793630719,-0.841415197,-1.63989712,-0.404066087,-0.853081218,0.547832349,0.375280777,0.23039718,-1.518683549,-3.750754858,0.006379607,0.430027631,-1.854699269,-1.915283956,-1.71981097,0.097671027,-2.346536981,0.130062884,-1.667596827,-2.241489994,-2.592937394,-1.080281332,1.152532131,0.783353448,-0.229035877,-0.172569265,0.377134218,-0.596928323,-0.468564665,1.397357933,1.15857787,-1.845793358,-1.618478657,-2.177716111,-1.542246663,-1.673976434,1.332418788,-0.331146444,0.256887757,-1.512311202,1.152437375,1.372803771,-2.352826309,0.37836794,-0.192735595,-0.609357655,-2.245260026,1.323594149,0.102556588,-0.293566016,-1.730476241,0.055623904,-2.069887329,-0.082946921,-0.206163531,-1.395536942,-0.615630738,-1.629130546,-0.561943495,-0.59293992,0.180069022,-1.860466667,-1.188427593,0.636047589,0.100478619,-0.384780517,-0.212327259,0.074921927,0.639746404,-0.47981157,-0.558441478,-0.279581636,1.215417068,-0.201993793,0.414490919,-1.670250052,-0.342490309,-2.439550948,-0.377315065,0.115647424,-2.327902901,1.155622543,-0.952436179,-0.470803949,-1.951928221,0.088285565,-0.280110807,-1.524178068,-0.7271177,-1.738408294,-0.371933625,-1.367276355,-2.985781943,-1.015282681,-2.444148657,-1.0761661,-1.704848097,0.832387248,1.400394485,-0.887703275,-0.016434306,0.276039561,-0.903127745,-1.201974802,0.161268148,1.404576225,-1.259837937,-2.003963081,-0.569337895,-2.533256911,-1.589635285,-1.269756545,-2.225624052,-0.049820695,-0.166526951,0.333109446,-1.146018411,-1.649218782,-1.521427035,-1.135380013,-0.172450437,-1.444347293,-2.429282746,-0.808782524,-1.905152157,-0.836555764,-1.773723107,-0.235342659,-1.270825111,0.881077976,1.018522358,-1.291347884,-1.349769586,-0.814862939,-0.783071888,-1.059583902,-2.191043718,-0.752260445,-1.658103084,-2.451085101,-1.822631133,1.25772208,-1.777856564,-2.31364604,1.097912044,0.465493474,-1.20330636,-0.73459437,-2.303585593,-1.339792527,-3.750754858,-2.152442435,-1.753308283,-0.182721637,-2.862951162,-1.904480339,-1.657053766,-1.951928221,-2.402405428,-0.95191791,-2.62554898,-1.546463113,-1.144446825,-2.404617819,-0.341223506,1.415998784,-0.748871329,0.785452851,0.575770312,-0.979763155,0.081579987,-0.421746941,-1.416341282,-1.207311706,0.370183294,-1.253163049,-0.759286983,-0.466330384,-0.615075645,-0.240035419,0.539296456,0.161693589,1.506829163,-1.814618763,0.39035147,-0.151520808,1.76895133,0.580314372,-0.33128571,1.650080691,-1.801809805,-3.068302966,-0.48191428,-2.849037894,-1.654435278,0.334541803,1.515654566,-2.606396547,1.011528182,-0.432014443,-0.902387827,1.212684745,-2.123602437,-2.624168717,-0.27628065,0.089200645,-1.916642651,-2.975929646,0.724209706,0.087094707,0.258742329,-0.924574951,-0.699165253,-1.143505058,-2.763034509,-0.726703964,-0.740238788,0.24912314,-2.805111914,-0.790539527,0.439737702,-0.710496819,-0.525939262,-2.419118909,-1.642994696,-1.980501594,-0.497744884,0.175129086,-0.065285467,1.27242553,-1.291711719,-2.011409131,-1.308963018,0.346705413,0.674168214,1.264804464,-1.664950622,-1.08915713,-1.233744963,-2.638057829,-2.373007557,1.292038625,-1.098412309,-1.838222344,-0.973919845,-0.603123678,-1.803629642,-1.552585101,-0.494624244,-1.409767717,-0.782415648,0.984323142,-0.110596421,-2.488914671,-2.107018309,-0.981362729,-1.705948813,-1.664950622,0.211961262,0.32570014,-0.231553819,-2.685310714,-1.022484928,-1.956869989,-1.181885208,-0.237115709,1.488512445,-0.711311151,-2.915074371,-0.090581378,1.640083503,-1.156453288,0.054677561,-1.593564563,0.010544214,-0.085448962,-2.210005912,-0.386103755,0.429051418,-0.940839605,-0.030046921,-1.861109547,0.909346678,-1.733867991,-0.760142049,-0.68319685,1.858140043,0.58961832,0.330741562,-1.716466485,-2.525728644,-0.324207754,-0.613412213,-0.810580277,1.136453846,-1.334461212,-1.849600469,-3.213888283,0.131905071,-2.270117903,0.872882061,0.075756612,-0.11867093,-1.362187286,0.114131934,-3.103317484,1.018052781,0.584336275,-1.540378377,1.402143104,-2.131998792,-1.339792527,1.656569559,-1.6321949,-0.065392219,1.039322193,0.647103242,-2.335108285,-1.971125398,-0.286615974,-1.37436579,-0.802962047,1.287605982,-2.606396547,-0.929375971,-1.53433044,-2.439550948,0.042005294,-1.769019982,-0.867738691,-1.799993274,-2.611831343,-1.091239534,-2.324830702,-1.381904013,-0.166881372,-2.095570924,-1.272608597,-0.242198958,-3.030323718,-1.004302609,-0.779576909,-0.02706292,-0.775442423,-0.813734144,-0.384633599,-2.257611727,1.311570815,-2.945039159,-1.386294361,-1.052110455,-2.05494407,-1.144132804,-1.695540611,-0.405415109,-0.001400981,0.664130231,0.221862731,-2.035616062,0.026641931,-0.070315174,-0.3063893,1.210183478,-1.191714907,0.087369646,-0.677077,-1.290620611,-0.917041013,-0.234204499,0.446095084,-0.231805962,1.001256685,0.126456424,-1.413460029,1.219058442,-0.551126921,-0.875148789,-0.037909573,0.0964913,-1.475781528,0.68928975,-0.496758367,-1.368061593,-2.345492594,-1.601469743,-2.121097217,-0.590951668,-0.948555692,1.364968574,-1.17993081,-1.234088428,-1.568295969,0.083605584,0.02586266,-1.11078609,-0.158644093,-0.926088574,-0.438970187,-1.903138057,-1.261248872,-1.720928288,0.02166364,-0.967057849,-0.913295223,-0.491513313,-0.391118514,-2.3227878,0.300771037,-2.394700382,-1.607939036,-1.143505058,-0.890135774,-0.594388409,-2.540842282,-0.616741849,-2.132842318,-0.429552904,0.070458464,-1.809109108,-0.466968241,-2.385966702,-0.333935457,-1.505528449,-1.178629997,-0.267618041,-2.557477343,-0.691149178,-0.563523413,-2.051826375,-3.329807386,-1.165393322,-0.025010163,-0.027782381,-1.081165375,-1.827593922,0.383764681,-0.800732391,-2.273997636,-1.623536837,-1.766091722,-2.111964733,-1.981226494,-1.23031678,-1.300116665,1.275027549,-1.476656801,-1.525096764,-2.278868566,-0.744651023,-2.237734121,-1.540378377,-1.822631133,-1.063052113,-1.013077001,-2.656406968,-1.523260216,-1.483686707,-1.056127677,-0.816219178,-1.803629642,-1.355183366,-1.15486523,-1.511404172,-2.606396547,-2.53451715,-3.499913355,-1.430873405,-1.878625402,-1.225196441,-1.611439915,-1.49209942,-2.206366235,-2.086667587,-0.891598119,-1.520969264,-1.241674672,-0.70097776,-1.36335939,-2.509609262,-2.455736272,-2.214574216,-1.556845462,-2.328929068,-0.618410834,-2.354931573,-3.750754858,-1.85342213,-2.210005912,0.237756264,-1.981226494,-1.828216006,-2.409057338,1.370596797,-2.843869924,-2.401301066,-2.114447151,-2.249044326,-1.636809109,-3.414282621,-0.826450028,-1.050393716,-1.892464173,-0.455390917,-2.3227878,-1.723727059,-2.040990355,-0.005816885,-2.722656353,-1.151064149,-3.375529635,-3.53358657,-2.414634597,-2.611831343,-1.944211592,-0.004409708,-0.701380985,-3.554348561,0.334613367,-2.199126385,-1.204973305,-1.587676421,-0.662036186,-1.602462299,-1.56398665,-1.223835433,-2.377308639,-1.523719037,-0.608071008,-1.593564563,-1.950520762,-2.237734121,-0.991014278,1.080719836,-2.276917346,-2.615926912,0.189297171,-3.032396258,-2.820099705,0.366793577,-1.437166691,-2.383795148,-2.698595042,-1.504177402,-2.737994077,-1.169249368,-2.090704734,-1.736703263,-3.123565645,-1.413049098,-1.474907019,-1.270825111,-1.515037237,-0.669430654,-0.790539527,0.222903523,-2.146436411,-2.472187877,-1.237874356,-1.613948068,-3.194183212,-2.602339747,-2.785471348,1.570052386,-1.613445934,-1.380312289,0.749669281,-0.755235373,-2.105374924,-2.563949857,-1.825729989,-1.517770724,-1.231001477,-1.642477767,-0.735637232,-1.670781543,-0.668649709,-0.356103679,-1.136625731,-2.854232711,-1.54458694,-0.342631164,-2.051826375,-1.567336736,-1.322005871,-2.327902901,0.362070362,0.828115041,-2.264326381,0.422780986,-0.162871933,-0.897468978,-0.430475271,-1.22587764,-0.031181117,-0.447225042,-1.07382212,-2.843869924,-0.809680997,-2.24620476,-0.561943495,-0.392302122,-0.426790895,-4.448166437,0.074921927,-1.131962268,-3.329807386,0.207826847,-1.464472142,-0.683791086,-1.622523152,-1.533866726,-2.835315552,0.178480857,-1.56398665,-1.611439915,-1.25281297,-0.672560547,-2.345492594,-0.808109199,-2.893175685,0.727403669,-0.291957867,-0.668844888,-1.604948007,-1.619488248,-0.520034563,-0.86298696,-1.928954708,-0.18248157,-0.598018835,-0.781104459,-0.769380487,-2.680921534,-1.372391456,-1.989235274,0.019508466,-1.231686643,-2.395797475,-0.690550555,-1.768433644,-0.490859611,-1.851509474,-1.508688009,-1.565421027,-0.576787379,0.43139273,-0.75587401,-2.787093408,-2.204551353,-0.575541938,-2.264326381,-1.07939807,0.472064005,-0.863461118,0.588675159,1.163400779,0.228011683,-1.91189527,-1.99289694,-1.462311848,-2.544656654,-0.76593295,-2.87528612,-2.421368629,1.166302089,-0.617112494,-2.920624801,-2.785471348,-1.261248872,-0.791201121,-0.379505006,-0.426025022,-1.855338451,-1.004575647,-1.933092645,0.958967006,0.228011683,-1.524178068,0.825884508,-0.540426094,-1.566857465,-0.911054465,-0.584472164,-0.603306477,-2.521985658,0.148420005,-2.868218953,0.60273001,-1.225196441,-0.118896155,-1.649739209,-1.532939941,0.183154543,-1.87993516,-0.434173272,-0.245644817,-0.523404406,-1.405681075,-0.510492346,-1.398771883,-0.259807536,-1.270468796,0.22506171,0.183404304,-0.475780282,-3.10554714,-0.0010005,-0.026036015,0.510245456,-1.705948813,-1.210661792,-1.229974607,-2.968117107,-0.106917282,-0.390231727,-0.408118626,-2.42249539,-0.263835346,-0.633746837,-3.107781777,-1.942814944,-0.118558336,-2.691193084,-2.221005106,"EWS"
"10",-0.970746918,-2.347582459,-0.392006088,-0.141218002,-1.823250136,-0.303540488,1.498551043,-0.206409352,0.144792745,-1.572142128,1.582128379,-0.873949891,1.457125542,-0.080667903,-0.161225648,0.572729427,0.777626187,1.543212636,1.16396298,0.197866768,0.685467769,1.601748424,-1.665479303,1.45123905,0.394875907,1.43891053,0.887273783,0.076590602,-0.244494877,1.378463782,-0.091786396,0.865334223,-1.088562953,0.092488019,1.43596509,1.466213984,-0.19650162,-2.995732274,-0.560716393,-1.256670593,-1.462743533,0.649665402,0.216320326,-1.028340236,-0.009545413,1.340956979,1.495305704,-0.339817827,0.861707822,-1.834458224,1.681665546,-0.198328995,1.245364237,-1.257373581,0.454509208,0.552217056,1.442509274,0.949454678,1.526556179,1.703256071,1.598740903,1.714878425,0.564119915,-0.012376271,0.516767933,-1.6321949,-2.08828049,-1.508688009,-0.574830954,-1.290257173,-0.673344553,-1.086486109,-1.684161459,-0.681811671,-1.218409852,0.583722863,1.048721519,-1.348998576,-1.722046857,-0.520707624,-1.287354413,-1.673976434,0.486799289,1.045809083,0.008265744,-1.211669011,-0.809905741,1.230254398,-1.2772606,-2.014403146,-1.497896538,-0.867738691,-3.390257442,1.016244658,-1.457146102,-0.198938863,-0.787897517,-1.803629642,1.258262106,-1.248621556,0.100388174,-2.040990355,-2.164563795,-1.058430499,-0.815314815,-0.903868212,0.318017272,-2.855970331,-1.139434283,-2.440698395,-2.526979426,0.23079421,-0.477068527,-0.24679608,-1.497896538,-1.89578754,-1.664950622,0.294011996,-0.359249684,0.731261513,-0.353252237,-1.741256487,-2.016654554,0.910674993,0.22777282,0.065319466,-0.440211844,-0.545244551,-1.536652243,-0.162283663,-0.024292693,-2.606396547,0.973993442,-1.705948813,-1.449021191,-2.468639677,-0.111602177,-1.333701911,-0.401224114,1.028189824,-0.246668096,-1.96254779,-0.957112726,0.82837713,-1.77136878,-0.556346139,-2.043302495,1.637344866,0.74098451,-0.319241541,0.49573229,-0.051398563,-1.855338451,-1.092133323,-1.105636904,-0.065819341,-2.638057829,0.384241472,0.741508681,-1.203972804,0.791543502,0.335757696,-0.790760009,0.250291683,-0.345169952,-0.164520932,-1.943513024,-1.107753947,-1.169893491,-0.632428446,0.161863715,-0.47096409,-0.217285742,-2.898605563,-0.377315065,1.349630377,-2.225624052,0.878921104,-1.112305616,0.792177704,-1.763172012,-0.545072062,0.747730058,-1.527397202,-0.68299885,-1.00731013,-2.312635429,-0.665142984,1.01863069,-1.587187303,-1.379517377,-1.199980783,-1.69936262,0.104990447,0.008563231,0.083329608,-1.420885806,-0.898696423,-0.946749939,-1.269756545,0.050122609,1.018341777,-0.318691259,-1.809109108,1.072610486,-0.112161367,-0.395712817,-0.536827426,-2.243373233,-0.572169254,0.154607718,-1.169571378,-0.853550702,1.433368769,0.084616846,-0.695149183,-3.155901026,1.109552229,-0.955291469,-1.828216006,-0.888918785,-0.005113049,-0.509160344,-2.112791521,0.11172025,-0.363124268,-1.21402314,-1.162511015,-1.859182146,-1.316395234,-2.000260744,-0.76378426,-2.508380006,-1.640412717,-0.718670138,-1.72878467,-1.876011022,-1.463607464,0.544299084,-1.361406646,-0.026960182,-0.735011385,-0.916290732,-0.695149183,-0.944175935,0.787820794,-1.173120341,-0.255666743,-0.661842331,-0.498403104,-0.447850825,1.25498906,-1.189741222,0.499441065,-1.887829938,-0.533412122,-1.611439915,-3.454598158,-2.448767603,0.821716281,-0.069671673,-0.021121497,-1.71981097,-1.71981097,-1.202973304,0.302546054,-1.907170321,-0.171381617,-1.038740892,-0.373675786,-0.95503156,0.439608853,-0.21121498,0.021565778,-1.114436839,-0.354391838,-0.742127363,-0.253731633,-0.658359355,-0.731056754,-1.048109306,-0.07364654,-0.426790895,-2.43383338,0.654977914,0.997428225,0.802629191,-0.767224384,0.650552783,-0.790539527,-0.229035877,0.725323912,-0.856136809,1.369580459,0.563493972,1.116124714,0.929522801,1.170064356,-0.657587005,-1.639381789,0.526561168,1.635105659,-1.16667702,-0.29961971,-0.177095238,-1.997308712,-2.052604888,-0.207516295,-1.221458119,-1.821394274,-2.504701277,-0.059750004,-1.5847453,-0.626423549,-0.130108685,0.282016051,0.880124549,0.702849956,-0.242198958,-0.617112494,-1.010876174,-1.381904013,-1.617470084,-1.450726221,-0.979496808,0.370597573,-0.275490032,-1.96254779,0.867142504,0.472687524,1.054973832,-0.454917992,-0.282628198,1.378589757,-0.171737763,1.147084942,0.828857448,-1.587676421,-0.867500568,0.147643842,-0.254505228,1.30166197,-0.088940509,-0.795622972,1.178593456,0.372046199,1.48457739,-0.269973139,0.495244872,-0.505340694,0.310054923,-0.646836278,1.208602073,-0.760997847,1.446683661,-1.152646177,-2.137918471,-1.347458337,-1.661784393,1.504899281,0.387233247,-1.335601247,-0.660486398,1.448447226,-0.58842687,-0.18224156,-0.972067747,-0.49446027,-0.17542539,-0.898942094,-1.033948775,-0.490206337,0.33203383,0.053161548,-1.123930097,-0.260066905,-1.474470052,-0.419310515,-1.995835958,-1.136002678,-1.297917251,-1.529702944,0.004290781,-2.165435255,-1.151380354,-1.704848097,-1.285906187,-1.48943512,-0.534264855,-1.350541191,0.470378559,-1.088562953,-0.036041771,-0.018877056,-1.344768614,-0.214431611,0.052023028,-1.763172012,-2.150722744,-1.573105983,-0.662424008,0.975992575,-1.344768614,-1.807888851,-0.784604791,0.900974028,-0.772623382,-1.689022392,-1.242367192,-2.347582459,-2.529485693,-0.845366394,-0.998314567,-0.203218383,-0.47868117,-0.59293992,-0.277071893,-1.999521919,-0.83378951,0.388522387,0.481561578,0.454191778,1.13581173,0.006776984,-0.665726585,-1.068568167,-0.966531948,-2.165435255,-1.835084594,0.856370862,0.075385727,-0.241180239,-2.999740295,-0.742337425,-0.617297868,-1.434224895,-1.784982485,-0.109145447,-0.448790233,-0.612858349,-1.814005078,-2.461580824,-1.595535007,-0.530858278,-0.692947201,-0.929629296,-0.371063681,1.401158343,-0.893551245,-0.518689799,0.696890167,0.004788517,-0.217782945,-2.068303797,0.495183928,-0.180323554,-1.491210531,1.520847107,-0.430167721,0.209936724,-0.934454703,1.19449806,-1.042137442,-0.595838998,-0.508993969,-0.579997083,-0.349273828,0.928377393,0.754571483,0.204735152,0.627594812,0.273152021,0.783124987,-0.675307262,-0.009949331,-0.41521246,-1.259133216,-0.892330094,0.691796268,-1.291347884,0.574363645,0.876260091,-1.784982485,-0.255408512,-1.910543005,-1.364141556,-1.035074268,-0.566338334,0.808705521,-0.139147131,-0.546625528,-0.803408575,0.265359773,-1.251413879,-0.970746918,-0.275621758,-0.812832024,-1.65652952,-0.042698755,0.227932068,0.444237003,-1.031421039,-0.975244875,-0.424800844,-0.981362729,-2.175952442,-0.399433336,-2.221005106,-1.658628157,0.711330851,-2.176833888,-3.038639775,0.261671717,-1.326894018,-2.065933192,-1.410177302,-2.523231764,-2.412399959,-0.080017708,1.245623256,-2.842153186,-2.012156795,0.268269869,0.390554495,-2.461580824,-2.305589602,-0.847464541,0.182738137,-0.868453402,-0.268664067,-0.634878272,0.077146209,-1.245489485,-0.525431776,-1.113218441,-2.037915795,-0.586807145,1.350641276,-0.963120319,0.52803666,1.385994316,-2.488914671,-2.636660205,0.527033563,1.715400247,-0.40691616,-0.389050567,-1.642994696,0.336972112,-2.098828255,1.592617235,-1.277978218,-2.197324582,-1.410177302,-0.57963994,-1.28880474,-1.261601917,-0.419919065,-0.885034342,0.937112448,-0.094090923,-0.082621029,1.263080983,-1.732170678,-2.344449297,-1.177006356,-0.323792959,-1.217395825,-1.01252634,0.520696744,-0.044265416,0.599715236,-0.59511344,0.465619031,-0.729396313,0.651335113,-0.791863153,-1.150432037,-0.386986887,-0.321997503,0.998976098,-1.102018082,-1.113522901,0.650657129,-1.544118446,-0.317316878,-1.474470052,0.827940277,-1.712578671,-2.294616923,-2.622790357,-0.148848097,0.1780625,-1.063052113,0.258819528,0.270561346,-0.669625986,-0.522055106,-0.724431471,-1.291347884,0.139066048,-0.677470701,-1.292439786,-0.153267736,0.436123629,0.646841428,0.118582716,-2.482908647,-0.185366187,-0.787897517,-1.737839627,-2.54338358,-1.920729851,0.574476251,0.976180966,-2.091514123,-0.489879859,-1.643511893,0.098668172,-0.12363764,-2.363397232,-0.783947545,-2.399095993,-3.034473102,-0.434945413,-1.935860813,-0.720312849,-0.586807145,-0.381846243,-0.239654103,0.331244309,-1.107451237,0.249980205,1.102139394,-2.518256629,-1.623029866,-0.253602759,-0.341364183,-1.367668897,-0.019794627,-1.951928221,-2.941244088,-0.667869373,1.034820156,-1.343234872,-0.28143496,1.252648676,-1.185478222,0.072692685,0.081211255,-0.052662653,-0.830571856,-0.537511889,-1.234775713,-1.800598418,-1.708705914,-0.845366394,-0.15958207,-1.017493237,0.005882663,-0.832179389,-0.747814582,-1.192373668,-1.087079053,-0.410829471,-1.666008264,-1.019708691,-2.03408584,0.397231303,-0.45444529,-0.695349604,-1.905824426,-0.703803761,-1.123622452,-1.809109108,-1.666008264,-0.631299777,-0.721546655,-0.003305457,-0.586986985,-1.189412653,-0.948813924,-1.395940738,-0.590590592,-0.100925919,-0.94803943,-0.547662514,0.180403051,0.6452691,-1.355571188,-0.262664309,-0.830571856,-1.379120157,-0.768517488,-1.942117351,-0.780013114,-0.238257189,-1.708153885,1.062881479,-1.62049886,-1.387495082,0.288631621,-0.282230294,-0.069242903,-0.541113025,-0.472727335,-0.633935321,-0.355532739,-1.134757735,-0.222768622,-0.010151351,-0.201993793,-1.867561183,-1.743540897,-1.436325295,0.365961688,0.492193112,0.899225953,0.944256032,0.353048376,0.476047826,0.653886467,-1.540378377,0.99768637,0.563949242,-2.403511012,0.639113292,-0.539739634,-1.78557861,-1.50237884,-0.516340804,-0.902881045,-0.374693449,-1.846426871,1.402192316,0.920043681,-0.880923588,-1.091835304,0.860989416,-1.256319285,0.514976995,0.514080321,-0.789437841,-1.047539018,-0.675503745,-0.188500608,-1.864975532,0.865670895,-1.214359897,-0.280640258,0.206851555,0.004489905,-1.237184939,-0.516843696,-0.299214988,0.085627086,-0.854960477,-0.065712543,-1.184170177,0.289829765,0.353329354,-0.801400766,-1.338647708,-1.117489344,-0.922560345,-1.348998576,-2.299589584,-0.609173747,-1.489878677,-0.07980107,-1.024154378,-0.202850848,-1.355183366,-0.364995176,0.044208255,-1.057278425,-1.926892143,-0.811930717,-0.17924629,-1.179605448,1.281683564,-0.974449646,-0.440211844,-0.96233467,-1.69936262,-1.120244589,0.896455304,-0.937259038,-0.056887862,-1.969690678,-0.915790857,-0.880923588,-0.21331699,-0.576965426,-0.647218249,-0.31814128,0.669929729,-0.944175935,-1.159636991,-0.702793558,1.126421989,0.818766102,0.488764047,0.523781335,0.397567336,0.284727713,0.698184472,-0.17697587,-0.633181599,-0.56528181,1.286722614,0.048885398,0.246391218,-0.608071008,-1.582309245,-0.21035073,-0.997500787,-1.917322692,-2.304587096,-0.261105058,-0.038013442,0.916770617,-0.510825624,-0.150241663,-1.745830537,-0.099930839,-1.109268869,-0.173996308,-1.845160246,-1.68848112,-2.015903521,0.367763241,-1.21976349,-0.263965546,0.814479466,-1.711470638,-1.215370849,0.882982108,0.077886539,-0.42007126,0.377202798,0.856795472,0.170248976,0.938326159,-2.085862109,-2.275943162,-0.129880921,-3.017977883,-1.094520671,-1.714798428,-0.856136809,-1.133825044,-0.710496819,0.078441426,1.13391508,-1.456716825,0.807100671,-1.459725639,0.219376465,0.449035323,-1.188099455,-1.698269126,-1.358679194,-0.773706688,0.91384775,1.080006944,-2.926206211,-1.470981169,1.468726519,-1.519140274,-1.670250052,0.31918074,0.317798971,0.690543795,0.388454579,-0.766148073,0.777166586,-2.130313872,-0.768086267,-1.512765025,-0.432322562,-0.856843273,0.818413259,-0.13857265,-0.709276562,0.836381349,-1.036482917,-0.657008134,1.404870747,-1.211333159,-0.603123678,0.059117604,-0.549393217,0.087278008,-0.854020406,-1.844527535,-1.503727458,-1.435484605,1.194376911,-1.502828177,0.160842525,-0.856136809,-1.004029646,-1.320881223,-0.49807394,0.185815446,-0.437265421,-0.917291232,-2.222850125,-1.119019098,-0.268794897,1.04517635,-1.835711357,-0.687960654,-0.539396581,-0.423272727,-1.554476354,-0.361687486,-2.652142569,-1.458865054,-1.73556819,0.95076945,0.511145573,1.305843237,0.312545402,-1.347843175,-0.15455076,-1.961125315,0.349740959,-0.125790006,-1.59405681,-1.669187917,-1.538047916,-2.669310373,-0.051609134,-1.525096764,0.788502814,-2.33407576,-0.392154094,-1.123314901,-0.014504686,-0.223143551,0.692046575,-1.77136878,-0.387134151,-3.480240589,-1.139121832,0.003992021,0.88376754,0.166869452,1.133045921,-1.399987688,-1.325387426,-0.503684516,-0.132731712,-0.205180851,0.989020612,-0.826450028,-0.574298047,-1.450726221,0.818236791,-1.815847265,0.336543663,-0.729603718,-1.543182117,-0.03397052,-1.25211318,-0.554777511,0.304391686,-1.420057991,0.466309314,-0.73334437,-1.112914073,-1.00731013,0.529863253,-0.450201002,0.42009096,-0.507996297,0.417723006,-2.155027529,-2.048718369,0.067752102,0.818633801,-2.215490386,-0.721958262,-1.328780455,0.13706265,0.179484202,0.32215596,-1.100514096,1.517410339,1.303646179,0.495305812,0.244983318,0.590228127,1.332603458,-0.474815186,-1.076459484,-1.244100595,-0.502692124,-0.895508193,-0.699769057,-1.633730605,-2.266253164,-0.830801346,-1.469241282,-0.161225648,-2.308603165,0.331316109,0.560472564,-1.061605563,-0.484345991,-1.677716753,-0.043220702,1.126421989,-0.413245295,1.197582429,0.399916409,-0.873949891,-1.557794679,0.829162984,-1.219086442,0.921517051,0.443531309,0.496402103,-0.751836177,-1.058430499,0.291923067,1.10233867,-2.713565382,-1.146333025,1.232035342,-1.006489,0.149540067,0.042580448,-1.083231187,-0.160755779,-1.132582808,1.026328293,-0.224644677,0.599111189,0.296914324,-1.198985263,1.318523956,0.024204689,0.175296942,-1.266202881,1.318604212,-1.578908707,0.687078805,-1.857258451,1.296561101,1.110903113,-1.002393431,-2.787093408,-2.092324168,-0.662036186,-0.596928323,-0.007125325,-0.277863764,0.055340095,0.565313809,-2.689719244,-1.155817762,1.60350032,0.260439336,-0.025420377,-2.002480501,-1.852146619,0.105800419,1.118022682,0.892366824,-0.040093094,0.917250271,0.241219198,-1.656005548,0.277934721,-1.036201029,1.47661484,-2.274969926,-1.818308804,-0.629984606,-1.857258451,-1.259133216,-0.878754128,-1.49923912,-1.485010334,0.592884759,-0.103473408,0.142974169,-0.869168625,-1.280134165,0.524965187,-0.221769496,-0.947523434,-0.809905741,-0.720518377,-0.17805069,-1.355571188,-1.452006904,-0.342772039,-0.88140633,-1.170215708,-1.47797115,-1.184170177,-0.395861372,-1.587187303,-0.826907171,1.201980822,-1.49744941,-0.750776293,-1.425451076,0.822814869,-0.456653145,-1.005395207,-0.550779939,-1.918003196,-0.432014443,0.380625818,-0.068814316,-0.361974677,0.34032196,-0.584831037,-1.684700397,0.478343754,-1.049250859,-1.264430773,0.390013004,-0.519193873,-0.066032971,-0.203586052,-1.119938075,-1.786771928,-0.153267736,-1.703199292,-1.982677873,-1.261955087,-1.006762635,-1.220440997,-1.431710225,-0.544554777,-1.0744076,-0.160755779,-0.355818168,-0.375420987,-1.401204974,-1.302320927,-1.322381035,-0.141678778,1.074626926,-0.659712404,0.225301222,-0.413245295,0.05619128,-0.811255269,-0.611014351,-1.173766962,-0.195528384,0.189214413,-2.864704011,-0.237369259,-0.194799078,-0.99452258,-2.691193084,-1.213686497,0.488580015,-0.159816701,-0.057735051,0.60273001,-0.070851741,-1.738977284,-0.71355399,-2.121931593,0.122571552,1.052882437,-1.597509342,-0.067850667,0.105440512,-0.012376271,-1.102018082,0.054393484,0.065506802,0.034884402,0.2169645,0.801822197,-1.687940141,-0.357532454,-0.962596485,-0.625675465,-0.727531607,-0.367302647,-0.735428573,-0.912049738,-2.163693094,-0.9331826,-1.068859331,0.48913201,-2.497384171,-0.807212137,-0.945719543,-2.282782466,-0.426637673,-0.283557258,-1.09243143,0.183903638,-2.040990355,-0.329476762,-1.233058385,-0.807884858,-1.20764621,-1.526936691,-2.401301066,-0.592397277,-0.307068786,-1.315276874,-1.020263322,0.682692723,-0.839329691,0.257660913,-1.859182146,0.192766815,-0.952954716,-1.365315955,-0.366148246,-3.393229212,-0.635822114,1.010181723,-2.087473713,0.781386969,-1.082935809,-1.185478222,-1.14696255,0.446862937,-1.952632695,-0.362549307,-1.530626732,-0.099820335,-2.486507931,0.686223265,-0.009242581,0.081672149,0.589008141,1.37082533,-2.466281186,-0.226775138,-1.06479074,-0.04447449,-0.559315833,-1.514127733,-0.42556578,-1.151380354,-0.645691239,-0.244239515,-0.952695414,-0.078069655,-0.958676448,-0.494788246,0.494696242,-1.797576355,-1.653912403,-1.599982754,-0.468564665,-2.966173471,-0.484183693,-0.274042187,-0.960765222,-1.636809109,-0.414152737,-0.911054465,-0.853785527,-0.078394067,-0.512994641,-1.945610194,-1.979777219,0.27277146,-0.791863153,0.009356095,-1.7418271,0.269569017,-0.599474705,-0.036352829,-0.160403521,-0.883339632,0.180319554,-0.90090963,0.005584378,-1.288079314,-1.068859331,-0.365139237,-1.332564039,-1.294992203,0.262671909,0.182321557,-1.628111178,-0.22752815,-1.804844709,-1.558269626,-0.226273444,0.198522936,-0.166172655,-0.261494643,-1.04867992,-1.110482461,-0.115410852,-2.177716111,-0.435254437,-1.75157768,-2.046393688,1.350874416,0.973691339,1.161868738,-0.933436891,0.936014925,-1.606442403,-0.789437841,0.098577563,0.448269137,0.434052565,-0.451927983,0.292818857,-0.491186409,0.321721115,-1.503277717,-0.602758181,-0.616556578,-0.673736787,1.308224706,-0.74675895,-0.939815277,0.033724869,-2.35598587,-2.431555474,-0.06134363,-2.055725015,-1.359068375,0.275584187,-1.893792195,-2.577021939,1.216454582,0.715642258,-0.335892405,-0.170551101,-2.384880336,-1.802416049,-1.440539376,-1.22587764,-2.542112124,-0.552516051,0.859762708,-0.745915246,0.040757992,-1.038458366,-0.057205474,-1.432547746,-0.745915246,-0.378190466,0.638004381,1.56192693,0.004191205,-2.467459736,-0.164167346,1.10217261,-1.892464173,-0.347856795,0.477723752,-0.417487083,-1.963972292,-1.793360751,-0.356246464,-1.05010788,1.159738745,1.048371072,-1.823250136,0.893308655,-1.956869989,-0.489879859,0.147039743,-0.499885684,1.026650729,-0.100925919,-0.95998142,-1.149484619,0.175548673,-2.033321606,0.332966097,-0.370339306,-1.643511893,-1.425035189,1.290746653,-1.071483621,-0.707246105,-0.562645372,-0.158995731,-0.115298624,0.54950773,-1.125161624,0.439351104,0.164751436,-0.94803943,-0.278656261,-2.205458382,-0.336032333,0.534327284,-1.060161102,0.042005294,-0.31443681,-1.491654877,-0.11395288,-0.074400323,-3.022076249,-0.70623242,0.463041953,-0.880923588,-1.331048887,-0.793409602,-1.529702944,0.502894253,1.198035212,0.075942004,-0.715188311,0.503982261,-0.134331713,-0.195406796,-0.448946887,-1.440539376,0.443017764,-1.556371191,-0.579818495,-1.348998576,0.708774436,-0.619896719,-0.327948666,-2.565249402,-0.44347855,0.105350516,0.046501834,-0.260196616,-1.738977284,-1.232372279,-0.321859524,-0.245900538,-0.188138442,-0.527293816,0.390013004,-0.918292735,0.135229949,1.048581355,1.308549012,-0.003405793,0.262671909,-0.052662653,0.753442336,-0.287015628,1.080618025,0.279145741,-0.584831037,-1.131342113,0.30733763,0.050978245,0.197292268,-0.349132035,0.338897864,0.996394976,-0.095960391,-1.123622452,0.651022254,0.585005022,0.958008325,0.632335041,-1.720369473,-0.313889165,-1.243060193,-0.154784214,-0.633181599,-1.265493661,0.649822056,-1.389900857,1.201650109,-0.58788667,-0.126130277,0.385534473,-1.201642189,1.362257783,1.33536942,0.621382614,-1.057566319,-1.085597352,0.309027626,1.016389428,0.862721165,-0.515335779,-0.400477567,-3.005782609,-1.704298193,-0.354249317,0.947983179,1.226448327,0.583722863,-0.915291232,0.151346752,-1.95970486,-0.877791433,-1.137873003,-0.861565832,-1.794563397,-2.037148629,-0.670407694,-1.377532855,0.389674422,0.366031039,0.297062934,-0.128174339,-0.190797375,-2.152442435,-0.897959775,0.361513221,0.213658712,0.510725619,0.056569351,1.081398308,-1.336742582,-0.689553645,-1.449873343,0.055056206,1.320047715,-1.227241431,0.525260932,0.263978346,0.581992131,0.414160526,-1.156771203,0.265283078,0.231825752,-0.442699795,0.492193112,-0.598382604,-0.147340588,-0.390970662,-0.358390701,1.331996558,0.779233129,0.039509133,-0.16134315,1.728287046,-0.954511945,1.474396809,1.729281047,0.287657072,-0.564929883,-0.779794987,-1.136314156,-1.244100595,-2.276917346,-1.190727578,-0.032833157,-1.727095956,-2.285727976,-1.30379314,-1.777856564,-1.543650172,-0.372659156,-0.012983928,-0.788337368,-0.387576075,-1.150432037,-1.69936262,-1.165072655,-0.28568407,-0.533753128,-0.226022692,-0.982430534,1.497052782,-0.156069186,-0.060068526,-0.566338334,-0.88213088,0.144879261,0.507540233,-0.683592968,-0.221894332,-0.016942721,0.508983929,-1.956869989,-2.811745437,-0.760142049,-1.170538028,-1.109268869,-0.613042936,-0.556520583,0.849637977,-0.842807955,-0.295579845,-0.994252273,-3.839702344,-0.725463782,-0.201137471,-1.577939245,-2.163693094,-1.252463013,0.939811927,-2.501036032,-0.004208845,-0.888918785,-1.065951506,-2.540842282,-0.2390189,1.070487125,0.498044289,0.433080275,-0.286615974,1.000374494,0.234676787,-0.012173801,1.30187961,1.284400053,-1.312300681,-0.831260483,-0.958154936,-2.570464538,-0.755661086,0.606172167,-0.361400377,0.232301489,-2.066722769,1.324312569,1.146449618,-2.273997636,0.446862937,-0.4405225,-0.63412384,-2.63945741,1.443879073,0.464928271,-0.659712404,-0.85660773,0.13993584,-0.751200112,-0.191160505,-0.200159715,-0.675503745,-0.549393217,-0.95972029,0.053066721,0.250135956,0.50095709,-0.696352312,-0.523404406,1.264098478,0.04449524,-0.676683455,-0.045101974,-0.46904409,0.848910845,0.107148916,-0.868930161,-0.28103753,0.161523434,0.053919842,0.528685188,-1.741256487,0.339823757,-1.410996974,-0.33128571,0.132605965,-1.273680217,1.46953196,-0.834019739,0.122925347,-1.322381035,0.753206937,-0.173401459,-0.534264855,0.219617342,-0.736681183,-0.095630231,-0.623994322,-3.467337184,-0.468884256,-1.00758399,-0.337012382,-1.306374738,0.524077429,0.792811504,-0.706029806,0.347412177,0.174205376,-0.297193833,-0.515503213,0.593823959,1.064331355,-0.920800887,-1.314531995,-0.311838162,-2.922481812,-1.176681944,-1.815232825,-2.427015171,-0.07396952,0.14721238,-0.31992982,-0.710496819,-2.010662026,-0.27746775,-0.179605249,0.398306211,-1.03732906,-1.797576355,0.348330223,-0.684980618,-0.508328744,-1.016387348,0.089017696,-0.693747361,1.377984933,1.285451404,-1.4867779,-0.688557728,-0.289817685,-0.735845935,-1.23031678,-2.788718104,-1.151380354,-2.719616837,-1.707602161,-2.498599977,0.653366311,-1.657053766,-2.36765709,0.771958361,0.594762279,-1.277978218,0.076034686,-1.765507098,-0.847464541,-3.335409641,-1.570698084,-1.608438412,-0.796066235,-2.88598141,-2.512072318,-2.065933192,-1.995835958,-2.451085101,-1.135691297,-3.262305383,-1.557794679,-0.713758134,-1.418404415,-0.825764705,1.248439349,-0.60531947,1.352297977,0.580202422,-1.047824122,-0.170195377,-2.220083871,-2.111138628,-0.603306477,0.263978346,-0.504512262,-1.55353028,-0.437110586,-1.061894706,-1.807888851,0.982752403,0.052687322,1.06153328,-1.739546598,-0.485482816,-0.38580955,1.670608268,0.596911573,0.030141157,1.488038345,-1.955455562,-2.281802554,-0.583217121,-2.102914898,-1.158680815,-0.162754251,1.26655316,-2.234926445,0.235388278,-0.370484139,-1.330292171,0.339538958,-1.553057579,-2.806766174,-0.386545223,0.262825696,-1.052110455,-2.548485631,0.61334611,0.686424635,0.473123757,-0.461083532,-1.172474137,-2.160217852,-3.11451581,-1.345920467,-0.71273783,-0.619153501,-2.70306266,-1.405681075,0.120446153,-1.173120341,-0.496594042,-2.882403588,-1.10262031,-2.082646673,0.182404887,0.257351723,-0.171262929,1.160146301,-0.087302328,-0.687562802,-0.189467025,-0.051398563,0.187557824,1.087113092,-2.279845606,-2.614559858,-2.22192719,-3.085656981,-2.710553331,0.922153512,-0.474493695,-1.669718843,-0.329059777,-1.166034965,-0.598564538,0.022739487,-0.276017041,-2.160217852,0.158370336,0.943983717,-0.087520598,-2.606396547,-2.037915795,-0.173520401,-1.335601247,-1.920729851,0.834212621,0.125398409,-0.062194604,-1.790959789,-1.325011133,-1.39070407,-0.254247296,-0.488738027,1.481172629,-0.380382328,-2.544656654,0.089475006,1.41108453,-0.298001805,1.247463235,-0.825993094,-0.315121788,-0.543693227,-2.430418465,-0.597291695,0.635888762,-0.840256046,0.701958249,-1.296819355,0.56184188,-1.657578288,-0.608254714,-0.16110816,1.532340862,1.16720508,0.576444811,-0.572701027,-0.966006324,0.209288005,-2.230264431,-0.564753966,0.846726268,-1.876011022,-1.618478657,-2.849037894,-0.308020843,-2.866459938,0.695294873,0.177895108,-0.571460662,-1.631683521,0.309541407,-2.918771232,0.265513148,0.520993753,-0.996687669,0.614807189,-1.426699776,-1.62049886,1.630710048,-1.423373369,0.606008523,1.303673332,0.692196729,-1.687940141,-2.737994077,-0.078502228,-0.947265536,-1.261955087,1.342002813,-2.272055888,-0.731264503,-1.30600553,-0.847231196,-0.263574997,-1.224515706,-0.195649987,-0.804078741,-2.603690186,0.066910705,-1.713133149,-1.130722343,0.614266298,-1.018877321,-0.959198233,-0.995604539,-2.487710577,-1.030579878,-1.1141321,0.514917242,-0.751412089,-0.893795654,-0.097612829,-1.043556083,1.192739951,-1.123622452,-1.426699776,-1.123007446,-1.497002483,0.096037188,-1.616966179,-0.710089901,0.42199441,0.568660475,0.305055281,-1.184497028,0.585283535,0.073715038,0.302398256,0.351360849,-1.398771883,0.758888104,-0.386398045,-0.023370986,-1.728221448,-0.659712404,-0.381553288,-0.37789858,0.940514942,-0.27089051,-1.187771425,1.026435783,-0.394673547,-2.680921534,0.206526245,-0.504015532,-1.461880348,0.067004229,-0.045311223,-1.180581852,-1.496109227,-0.844202655,-1.477532842,-0.015621381,-0.210474148,1.010400191,-1.602958946,-1.432128897,-1.37081479,0.406797553,-0.306253458,-0.823711551,0.529392193,-0.365715689,-0.444569828,-1.527397202,-0.876589365,-1.382700826,0.379668553,-0.186450067,-0.939815277,0.37788834,0.16847615,-1.018600351,-0.442544116,-1.301953213,-2.24620476,-2.222850125,-0.502361545,-0.872034641,-3.141914784,-0.448320418,-1.37081479,-0.539739634,-0.071388596,-1.830084584,-0.856372242,-1.99289694,0.244043615,-0.596565083,-1.7837913,-0.138917299,-1.29974976,0.466622921,-0.86298696,-2.064355904,-2.475748712,-0.875388741,-0.075585987,-0.5730557,-0.686966321,-1.533866726,0.805940008,-1.761424269,-0.857314527,-2.089087919,-1.543182117,-2.009915479,-1.57358826,-1.074700469,-1.708705914,1.176837962,-1.269756545,-1.377532855,-2.351775337,-1.019985968,-1.707602161,-1.726533684,-1.113827454,0.383969048,-1.100814712,-3.026191481,-1.557794679,-1.645583359,-0.888918785,-0.492821999,-0.904362161,-0.899679466,-2.416874239,-1.328402883,-1.820776418,-2.029509173,-3.604538306,-0.63412384,-1.043556083,-1.088265997,-1.764338874,-2.20183519,-1.991430664,-0.649513144,-1.488105627,-1.653912403,-0.973655049,0.243808552,-0.654888468,-2.826833737,-1.996572064,-2.129472475,-1.399176987,-1.28157405,-0.338273859,-1.807888851,-3.288761952,-1.666537504,-0.94160854,-0.177095238,-2.358097803,-1.803022662,-1.7567785,1.340433652,-1.677716753,-1.514127733,-1.067113622,-1.36335939,-1.434644622,-2.999740295,-1.453717037,-1.194022473,-1.327271021,-0.038844784,-0.981896489,-0.934963997,-1.954043132,0.990247264,-1.682546384,-0.72505073,-3.641995868,-2.473373414,-2.401301066,-1.362187286,-0.927604492,0.494574283,-1.290620611,-2.504701277,-0.065178726,-2.281802554,-0.329198753,-0.960765222,-0.841415197,-1.937247776,-1.543182117,-0.848398466,-2.195526021,-1.480605041,-0.257864404,-0.361113351,-2.328929068,-2.167180456,-1.121778567,0.999307474,-1.319009614,-2.416874239,0.343164082,-2.244316185,-2.155027529,0.269950798,-0.786359562,-1.714798428,-3.090042953,-1.504177402,-2.335108285,-0.927351679,-1.330292171,-1.770781063,-3.11903049,-1.128556165,-0.86441011,-1.115351613,-0.648365038,0.028781801,-0.59402609,0.168560642,-1.537117251,-1.881246636,-1.002938539,-1.410587054,-2.862951162,-3.375529635,-2.395797475,1.456263423,-1.005941954,-1.319009614,0.685064604,-0.268925744,-1.614953093,-0.802738857,-1.178955041,-0.697958738,-0.825764705,-0.624554389,-0.731264503,-0.99479296,0.918089114,-1.514582381,-2.111964733,-1.981226494,-1.033386504,-0.968373812,-1.071775635,-0.956852344,-1.226559303,-3.030323718,-0.58788667,0.787547856,-2.15330339,0.618100306,-0.719491156,-0.806315879,0.05107327,-1.574070769,0.259899691,0.21656194,-0.043116291,-1.204973305,-0.31416295,-1.528318861,-0.693547261,-0.579104465,-0.870839469,-3.42651519,0.05088321,-1.059295426,-1.738977284,-0.171025597,0.2038384,-1.364924335,-1.08146023,-0.630360192,-2.629701235,0.444749922,-0.086975014,0.455651123,-1.719252778,-1.101717104,-1.691733155,-1.85342213,-2.615926912,0.197702659,-0.559840813,-0.848632083,-1.8426318,-1.57358826,-0.176259965,-0.677077,-1.399582255,0.424810114,-0.641314032,0.341886126,-0.757579041,-1.940723622,-0.056676177,-1.46967597,0.892899272,0.023423515,-1.294262276,-1.192044233,-2.154165088,-0.570752572,-2.431555474,-1.627092848,-1.136002678,-0.844435295,-1.244447637,-0.811255269,-2.012156795,-0.580354353,0.173112618,-1.199980783,-0.392746336,-0.09783336,-1.153596597,0.539879444,1.057790294,0.335614726,-1.142877705,-1.87993516,-0.960765222,-2.795243413,-1.032543689,-2.694147296,-1.028899676,1.155937355,0.089292107,-1.940723622,-1.052110455,-0.204812595,0.187474922,-0.181162229,-0.22589734,-0.787018396,-1.10835964,-1.084117843,0.914208566,0.356904917,-1.026663789,0.432042123,0.47660678,0.132605965,-0.586807145,-0.045311223,0.003294567,-1.949817774,0.962525252,-2.237734121,0.577118854,-1.242367192,-0.38389933,-1.420471813,-0.843272639,-0.241434821,-1.611941043,-0.402718882,0.061565356,-0.349132035,-0.373675786,0.526324887,-0.49053292,-0.128401715,-0.840024376,0.051928093,-0.237749704,-0.190434377,-3.020024966,-0.148848097,1.123077233,-0.01440323,-0.986713196,0.278237614,-1.335221091,-2.766209115,-0.640364995,0.536961097,-0.22614806,-2.302585093,0.235862324,-0.930896884,-2.519498095,-2.444148657,-0.055618424,-0.924070919,-1.918003196,"EWS"
"11",1.163931755,-2.686778066,0.044973366,-2.08505728,-0.705017353,1.138057336,1.311193589,0.610634759,0.231667122,1.064745219,1.393021682,0.062317306,1.402438343,0.387301137,1.027187892,-0.730849048,0.370321406,1.200386381,-0.353537015,0.545806593,0.414490919,1.367493732,-0.635633274,1.363486222,1.312001757,1.386694281,0.167123313,0.763559045,-0.406165353,0.542498694,-1.313043899,0.38369655,-0.449416996,0.765328298,1.318604212,1.012981776,-0.152335661,-0.070422464,0.057985849,-1.315276874,0.174709324,1.263420263,-2.193730688,-0.180802711,0.460836741,0.517483411,1.375637781,1.316006008,1.295959285,-1.1248536,1.273041673,-0.109033921,0.839323291,-1.141311043,1.229289612,-0.136736524,1.365887551,-2.049494465,1.152942633,1.214259712,1.285285474,1.360258347,0.200243331,1.20480246,0.068406033,-1.175061461,-2.219163485,-0.30870144,-0.419766893,-2.14814874,-0.781759839,-0.525939262,-2.20183519,-0.930136139,-1.911218909,-0.049295292,0.966451385,-0.535118316,-1.631683521,-0.41113113,-1.044124103,-1.430037284,1.285064193,0.414226614,-0.68995229,-2.467459736,0.00039992,-1.422958345,-0.951141009,-0.54818141,-0.916290732,-0.157472859,-2.569158202,1.204682552,-1.744685062,-0.615260642,-0.266703666,-2.012905018,0.408394148,-1.703199292,0.553367738,-0.226022692,-0.255537619,0.346210381,-0.235216133,-1.587187303,1.301634762,-0.913046002,-1.481484548,-1.736703263,-1.878625402,0.235546318,-1.190069899,-0.665532014,-1.410996974,-2.296603021,-3.167707538,0.231191083,-1.137873003,0.151174828,-0.044265416,0.090480353,-1.690647968,0.167377109,-0.286349627,-1.350541191,0.59514839,-1.181885208,-2.253794929,-0.225521376,-0.045625178,-0.588607001,0.799711971,-1.093624747,-0.153500891,0.025180299,-1.451579828,-0.369760183,-1.503277717,0.338897864,-0.172569265,-0.026343975,-2.044074398,1.199301913,-1.71981097,0.435347483,-2.064355904,1.390087159,-0.643024571,-2.264326381,0.969338486,0.390757479,-1.076459484,-1.001576326,-0.924322904,-0.732928051,-1.417991448,0.217527813,0.536902643,-1.581822745,0.355784548,-0.513495852,-0.485645325,-0.661454734,-0.877070019,-1.342851803,-1.027781108,-1.311929279,-2.187472286,-0.083272919,0.414292697,-1.322381035,-1.603455841,-1.597509342,-0.698360748,1.058415099,-1.808498793,0.724791186,0.195731244,1.054521067,-0.474975971,-0.932928373,0.237204235,-1.735001135,-0.404515559,-0.84397007,-2.272055888,-0.214059933,-0.755022584,-1.195013063,-2.08828049,-1.613948068,-1.946310229,-1.058718725,-1.718694898,-0.540426094,-2.866459938,-0.866073016,-1.449873343,-1.964685304,-1.098712294,1.381105924,-1.757358043,-1.971125398,0.051168287,-0.13995196,-0.305574525,-0.89452924,-0.298945265,-2.210005912,-0.213688393,-0.299889616,-0.932928373,1.294590172,1.108397589,-1.135068826,-1.852784171,1.245364237,-1.38469564,-1.285544458,-0.73459437,-0.46904409,-0.863461118,-2.160217852,-1.093624747,-0.044369948,-0.811030221,-0.532219516,-2.156754645,0.593713511,-1.989966535,0.145225252,-2.343407088,-1.667596827,0.437351297,-1.636295367,-1.550226053,-1.818308804,0.053919842,-1.036482917,0.962487059,-1.336742582,-0.766363243,-0.213440776,-0.180203801,1.086978208,-0.991283711,0.210909014,-0.292493629,0.575489137,-0.616000971,1.376218772,-2.178599113,1.14581389,-1.450299691,-1.381904013,0.097761718,-1.833206659,-1.355959161,0.786045363,0.762579955,0.096672887,-0.331146444,-1.16315081,-1.546932707,0.780929094,-0.320480784,0.29817681,-1.899790213,-1.054691102,-2.00619108,1.341558467,0.009455159,-2.099644249,-1.061605563,0.83090712,-0.372659156,0.204327637,-0.784823969,-0.846764669,-0.217410019,-1.803022662,-1.283016012,-2.431555474,0.800475758,-1.967542449,1.352323842,-1.527397202,-1.113218441,-2.284745175,0.338755343,1.440356319,0.28442678,0.00249688,-2.695627681,0.192271888,1.314932615,0.887644313,-2.436116486,-2.584948004,0.154179251,1.320101138,-2.591601388,0.101201881,-0.903868212,0.317289417,-1.178305058,0.828464478,-0.694347901,-0.630172381,-2.11943055,-1.625059293,-2.069887329,-0.204567166,-0.557044098,0.176135798,0.740030766,0.588453109,-0.390527236,0.580258398,-0.93623837,-2.429282746,-2.318714475,-1.719252778,-1.166998202,-0.269711187,-0.751412089,-1.702101597,1.209497515,1.314529795,1.302858403,-1.206643033,-2.490120217,0.678896115,-1.248621556,1.04714354,-0.192493112,-2.248096908,-1.219424909,-0.66067999,0.580090458,0.375486885,-0.0927734,-1.046399417,-0.320067533,0.80830455,1.378791283,-0.136621878,-0.500050551,-1.593072558,-0.741077714,-2.512072318,0.938560901,-2.45457145,1.105786492,0.44487811,-1.916642651,-2.093134869,-2.739540868,1.067190419,0.548237009,-0.833329211,-2.016654554,-1.121778567,-0.701582659,-0.796509694,-2.181252808,0.474182386,0.798497696,0.564518038,-1.107753947,-0.328087487,0.95215968,0.563949242,-1.543182117,-1.574553511,-1.934475771,0.079457921,-1.544118446,0.048885398,-1.585233224,-2.383795148,0.117516333,-2.308603165,-1.276901984,-1.302688777,-0.367158274,-0.400179104,-0.484670666,-0.353537015,0.018821754,-0.470803949,-0.27010414,-0.225270812,-2.220083871,-0.343899752,-0.475136781,-1.602958946,-2.569158202,-0.396753168,-0.746969987,0.576163825,-0.361113351,-0.883823542,-0.488412029,0.691145178,-0.214059933,-1.055840197,-0.865360003,-0.775225292,-1.685779146,0.968541568,-1.826350914,-0.814637078,0.344440406,-0.625301634,-0.311565013,-0.049190244,-0.556869562,0.358722846,-0.908322562,-0.208870892,0.547658874,-0.751412089,0.332320774,-0.552689828,-1.563508981,-2.047167981,-1.320132159,1.341480033,0.220901039,0.147126065,-1.773723107,-1.127011763,-1.218071729,-1.64506509,-1.957577954,0.48722941,-0.322549608,-0.443946095,-0.911800827,-2.269150317,-1.997308712,-1.143191332,-0.072893326,-0.481428647,-0.746337009,1.28917755,-0.752897185,-0.120699785,0.380078922,-1.89578754,-1.12639467,-2.089896,-0.19007151,-0.438194933,-1.615959129,0.901826629,-0.105138318,0.769506189,0.748960245,1.153826221,-1.093326284,-0.47997316,-0.348140041,-1.202973304,-1.800598418,1.338914452,1.319005394,1.095005793,-0.792304752,-0.207270202,0.382469388,-1.117795108,1.394163319,0.187226176,0.086177696,-0.525262672,-0.175902205,-1.11078609,0.614158084,0.573856759,-0.745915246,-0.360826406,-0.350834887,-1.390302383,-0.322963887,-0.252829862,0.045928932,-0.662230078,0.042963699,-0.547316732,0.270790205,-1.809719795,-0.695349604,-0.838404193,0.055907632,-1.803629642,0.090845683,-1.140059479,-0.436646226,-1.446893983,-1.645583359,-0.603306477,-1.757358043,-1.345536369,0.521824909,-2.524479425,-1.63989712,0.528390455,-0.898450814,-0.658939009,0.047265192,-1.278696351,0.394269335,-0.092553982,0.020880478,-0.939559359,0.049837235,1.421516707,-0.202973345,-0.887217484,0.384581897,-1.352472813,-1.329536027,-1.307483181,-0.082295243,0.776706774,-2.475748712,0.579978482,-1.698815724,0.017938145,-0.486295626,-0.762711644,-2.213658884,-0.498403104,-0.663006024,1.407248286,0.910996743,1.356582297,1.445788933,-1.635268672,-1.685239626,1.111627226,1.372017936,0.20220588,1.166052845,-1.141624179,0.515932561,-1.208650394,0.73950582,-0.296117551,-1.928954708,-1.136625731,-0.327393573,-1.982677873,-2.186581417,-1.78557861,-1.178629997,-2.710553331,-2.093134869,0.431067875,1.24196199,-0.236482116,-2.820099705,0.008563231,-0.546798284,-1.080870607,-0.834480357,-0.434173272,0.717644652,0.94106139,0.30733763,0.055245474,-1.104127469,-0.645309851,-0.583934096,-0.53204926,-2.090704734,-1.872752628,0.327431492,-1.438851612,-0.963644428,0.973426923,-1.536652243,0.330813398,-2.563949857,1.224451674,-0.597837001,-1.743540897,-0.575364145,-1.187115687,1.039499024,0.523485153,0.337257642,-0.070315174,-0.012275031,-2.042531188,-0.842807955,-1.564942673,-1.019431491,-0.661842331,-1.232029402,1.287661166,-0.210103938,-0.278656261,0.476979243,-2.515778313,0.243730185,-0.339817827,-0.779576909,-1.515947569,-1.271181554,1.208303414,1.071035521,-1.728221448,1.281961095,-2.003221516,1.334316622,-0.049715592,-2.324830702,-0.783509621,-0.173996308,-2.136223556,0.063913326,-1.523719037,-0.691348799,-1.181233317,-0.46904409,-0.240544066,0.427683117,-2.041760475,-1.262661801,0.069992372,-2.297597551,0.353329354,-0.84769794,0.369354221,-0.69254736,-0.49265832,-0.809905741,-1.862396549,-0.68458395,0.838804753,-0.622316,-1.049536451,0.315394511,-2.07784282,0.780654268,-0.471284449,0.084341148,-1.625567294,-1.199316993,-0.95972029,-1.443499835,-1.592089274,-0.422814746,-0.237242476,-0.873949891,-1.09243143,-0.426790895,0.652429347,-1.969690678,-0.749294341,0.025667747,-1.474470052,-1.385494681,-0.899679466,1.372094012,-0.913544506,-0.498732376,1.151267988,-0.337993393,-0.181042375,-1.4929891,-0.985908799,-1.12639467,-1.081165375,-0.164285194,-1.274037679,-2.146436411,-1.377136423,-0.901402119,-0.430475271,0.016758784,0.529627751,-1.861109547,-2.039451893,0.469878621,-2.465104022,-1.550697417,-0.288882793,-1.886509806,-1.229290612,-2.574393816,-0.339677368,-1.010601411,-2.106196279,-1.764922815,-2.175071773,-0.529838563,0.158028864,0.229205143,-0.316355933,-0.787677664,-0.128401715,-1.210661792,-0.273516217,-1.538979449,-0.87275243,-2.225624052,-0.494788246,-1.243060193,-3.009831198,-1.739546598,-0.248717802,-1.677716753,0.354241987,0.333969106,0.488518663,1.01065501,0.17075492,-2.286711744,0.265206376,-0.221644675,-1.526936691,1.221213329,-0.201259758,-1.014179233,-1.409767717,-0.494296322,-1.614450454,-1.47797115,-0.254634218,1.402905627,-0.101479169,-0.138113302,-1.196335377,0.644639476,-0.355818168,-1.389098288,-1.697722827,0.247406803,-0.726703964,-1.125161624,0.444685821,-1.034792776,0.39041915,-1.397557553,-0.177811741,0.350868117,-0.34658318,-1.782007178,-0.899679466,-0.746969987,-0.139032209,-0.559490796,-0.193584749,-2.012905018,-0.580533036,-0.291020974,-0.453028525,-1.07939807,-1.915283956,-1.457575563,0.171007797,-2.047942875,-0.586807145,-2.318714475,0.149023271,-0.035834453,-0.057205474,-2.393604491,0.43139273,-0.914043259,-0.047196435,-1.738977284,-1.412227743,-0.506667614,-1.321630848,-0.088175691,-1.68848112,-2.453407983,-0.141102841,-1.464472142,-1.725410089,-0.384339826,-0.508328744,-0.26487742,-2.02798826,-0.466808738,-1.805452796,-0.99912901,-1.398771883,-0.873949891,-0.043011891,-0.504346658,-1.177980224,-2.553613848,0.999785934,0.848183183,0.050788167,0.066255796,-0.66650525,-0.847464541,-0.38389933,0.157260126,-1.928954708,-0.048980182,-0.987786734,0.105890375,-0.199304962,-0.713349888,-0.517346841,-2.240549702,-0.146414018,0.168560642,-0.249615872,-0.345876317,0.410916887,0.171597593,0.829599304,-1.206977313,-1.326140438,-0.408870901,-0.120699785,-1.087079053,-0.364275181,-1.41551722,-0.250643225,0.452348694,0.29817681,-1.235463471,-0.199427025,-0.393338928,-1.168283962,-0.112049504,1.303184454,-0.063898726,-0.460449416,-0.532219516,1.282599125,0.305644773,1.075309543,-0.972067747,-0.951141009,-1.533866726,-1.498791392,-0.894284652,-1.359457707,1.20934833,0.025472796,-1.427533109,0.160246349,0.830384199,-0.684187439,-0.16629074,-1.375552265,0.58494931,0.887232604,-1.318635713,-0.539396581,-0.357675444,0.213093215,0.397096858,1.248008828,-1.494770837,-0.986713196,0.750425032,-0.452399495,-0.717644812,0.455714525,0.456158222,0.814390888,0.169320745,-1.018323457,0.577960771,-1.283016012,-1.575519694,-1.0744076,0.149453953,0.01232375,0.09558287,-0.042803122,-1.826350914,1.372550343,-1.630661549,-2.05494407,0.881657878,-1.189084192,-0.372078689,0.37829944,-1.198985263,-0.242963679,-0.518857795,-0.215547475,-0.660486398,-0.917041013,0.826847309,-0.457284857,0.784403701,-0.43139849,0.125398409,-2.165435255,-0.661648514,-0.113616727,-0.324484379,-0.351829559,-2.252843001,0.071762366,0.963174318,0.817398143,-0.723194102,-1.207980826,0.279977468,-0.771541248,-2.167180456,-2.196424897,-2.725705136,-1.982677873,-2.219163485,1.206599352,-1.277619344,-0.268402458,0.186313578,-0.692747261,-0.120023043,-2.309609708,-0.235342659,0.29177369,-1.261601917,-0.885034342,-0.64055473,-0.329615796,-0.867262501,-0.086865933,1.090109576,-1.330292171,-1.337504197,-1.564464547,0.113507241,-1.0336676,0.820616486,-0.756513056,0.891260062,-2.620039324,-1.152013065,0.54075329,0.817177329,-0.253602759,1.158075452,0.860820304,-0.764428383,-0.139836945,0.065319466,-0.219400565,0.084892467,-0.398688124,-0.575897621,-0.963906586,0.23625719,0.489499837,0.35676494,-0.209733864,-1.430037284,0.602237305,-0.819844834,-0.436955775,0.147730112,0.927507587,0.686021856,-1.306374738,-0.2165404,0.63541213,0.350093333,-0.232941394,0.586396811,0.5982869,1.107671133,-1.048965349,-0.573765424,0.636153459,0.862678962,-0.267095439,-0.56141741,-0.405565113,-0.186329578,-0.001801622,-3.064011114,-1.450299691,0.750897086,1.35750901,-0.044788183,0.046310903,-0.228533049,0.865165844,-0.049190244,0.413102535,-1.101717104,-1.239599982,-0.40977438,-0.66087362,-2.429282746,-0.709073331,-1.320132159,-0.02891401,-0.137309951,-0.902387827,-0.034177452,-0.629046255,-0.518689799,-0.264095763,-1.389098288,-0.380236054,0.029170377,-1.387495082,-0.243601393,-0.893795654,0.36997609,0.286756644,0.888960644,-0.540082805,1.272565596,0.134443477,-0.13159042,0.146089706,-0.362980497,-0.194070304,0.562525835,-2.486507931,-0.911551978,1.197763567,-0.262924421,0.022152805,-0.122619714,-0.832639159,0.12283691,0.037681067,-0.963382339,-0.507996297,-0.33785319,0.273532437,-0.310473161,1.03368258,-0.64055473,-0.858021824,-1.214359897,0.391839365,0.498651823,-0.100815305,-1.958995389,0.303358552,-0.008838949,-0.880682304,-2.309609708,-2.181252808,-0.164049512,-0.738772359,-0.085884739,-0.076773059,0.247562956,-0.091676789,-2.055725015,-0.421442063,1.38534391,-0.13375999,-0.476424197,-0.007326775,-0.730433765,-0.222019184,1.041336221,1.14435018,-0.305846043,0.865334223,1.143808701,-0.594207233,0.562867638,-0.845366394,0.414755155,0.425463795,-2.109488463,0.017938145,-0.171144256,-0.164167346,-1.189412653,-0.241562137,0.359979478,-0.833329211,-0.476585241,0.917769638,-0.955291469,-2.069887329,1.252362888,1.044085703,-1.285544458,0.339752565,0.300548938,-1.506881324,-0.338554403,-0.47674631,-0.362405619,-0.06240746,-1.663894098,-1.237184939,-0.647791479,0.654614231,-1.890475442,-1.845160246,0.993436941,-1.918684163,-0.892086043,-1.004848759,1.382010197,0.142367241,-1.45328923,-0.149776925,-0.311155429,0.359002234,-0.850034936,-0.73459437,-0.364275181,1.095440598,0.003892415,-1.013627965,-0.523573197,-0.657587005,0.268652147,1.449480406,-0.167945391,0.459195431,0.394471567,-1.903138057,-1.142877705,-0.758219177,0.274292835,-0.268271679,-2.578338595,-0.585728784,0.303653842,-0.031903549,0.900527137,-0.056993722,0.247250627,0.660623989,-0.342208658,-0.160403521,-1.601965898,-0.315807236,-0.465692934,1.367977629,0.512883505,-0.003004509,-0.484833043,-0.094200795,-1.056702886,-0.592578126,-0.826678573,-0.462829425,-0.48694635,-1.282294771,-0.864647499,0.354943446,-0.568101692,-1.282655326,-1.069733329,0.837810137,0.562126918,0.930233084,0.767094426,-1.975441952,-0.865597618,-0.154900961,-1.927579192,-0.308156926,-0.870123051,-0.494132401,0.385670481,-0.49446027,-0.997229674,0.214304603,0.342170258,0.430092678,0.214304603,1.109782997,1.334053249,-0.687960654,-1.365707728,-1.175061461,-0.62064049,-0.412640792,-1.55353028,-1.178305058,0.818986565,-1.790360448,-1.373180722,-2.3816283,1.223157594,-0.869168625,0.181487876,-2.783851915,-1.759679576,-0.932928373,-0.566162169,-1.232029402,-1.639381789,-1.576003136,-0.808782524,-1.275468806,-1.125161624,-1.05987246,-1.467070671,-1.857899272,-0.534264855,-1.088859997,-0.856136809,-0.990744918,-0.417335281,-0.6361999,-0.089159136,-1.622016695,-1.022484928,0.864449919,0.856965266,0.715642258,-1.693363147,-0.924827063,-0.345169952,-1.004029646,0.353820875,-0.97418471,-1.407722309,-0.631863952,-0.047720736,-2.452245868,-0.848632083,-1.784386715,-0.777616337,-2.202739758,0.202124184,-0.370918764,0.45444573,-0.258641204,0.807368325,-1.379914754,-0.554603371,-0.661454734,-0.119234088,-0.291020974,-1.366099654,-1.013903561,-1.022484928,-0.495444522,-1.082345316,-1.616966179,-1.610939039,-0.954511945,-0.383752541,0.410651635,-0.974449646,-0.265007755,-1.289530693,-0.443166975,-1.159318164,-0.413245295,-0.892818376,-0.792525625,-0.932166081,-0.662811981,-1.116878097,-0.209240646,0.746119065,0.635306181,-0.37571215,-1.909192566,0.214546704,-0.517011383,1.106018131,-2.173312757,-0.32075638,-0.284487182,-0.652965391,0.322952687,0.150572858,-0.156770776,-1.875358493,-0.19723217,-0.18452398,-0.291288568,0.205793913,-0.334494194,-0.310336763,0.284577257,-0.592035679,-1.825109449,-0.553037473,-1.120244589,-1.384296358,-0.832639159,-1.543650172,-0.122732765,-2.118598257,-0.28621648,-0.779358877,-0.008132983,-2.044846897,-0.339536928,-1.229290612,-1.448169765,0.289979432,-0.156536858,0.659642102,-0.404815319,0.462916072,-0.734385929,-1.114741671,-0.351545266,0.079088406,0.006280238,0.981216678,-1.096614286,-0.339256108,-0.741287556,0.031401763,-1.020540753,-1.251413879,-0.635255702,1.259369668,-1.37436579,-1.216720377,-1.040154719,-2.621413894,-1.723166678,-0.710903902,-1.38309947,-1.320881223,-1.293168383,-1.431291727,-1.420057991,0.058268908,-0.209857207,-0.49511633,0.084892467,-1.065370955,-2.068303797,-1.326894018,-1.552585101,-2.129472475,0.175716458,0.590283545,-1.515947569,-1.664422221,-0.825764705,-1.376740148,-0.438039954,0.304391686,-0.605502671,-0.613227557,0.936798993,-0.599474705,-2.122766666,-0.354249317,0.70591532,-1.082345316,-0.450514777,-0.520034563,-0.658745754,-0.498897053,-0.026652031,-0.289684075,-0.935728426,0.249590721,0.897434057,-1.49923912,-0.402270217,-1.413460029,-1.132893223,-0.050977555,-1.049536451,-0.206286434,-0.28621648,-0.802515718,-0.473529839,-0.020508877,-0.627546723,-0.349557476,-1.171828351,-0.880199912,-0.887217484,1.389638762,-0.477229674,-0.656429598,-1.139434283,-1.350541191,-0.297193833,0.53620093,-0.576431381,0.617722958,-1.280493942,0.11546925,-0.800732391,-0.276544328,-0.153967363,-0.256312613,-0.237242476,-0.60166249,-1.311186889,-0.462988294,-0.992362169,-0.430167721,-1.200312843,-1.374761125,1.364559869,-1.172151192,-0.995875211,-0.941864983,-1.663366254,-0.71273783,0.527859716,-0.150474113,-1.021095846,0.268193396,-0.838172953,-0.921052049,0.636153459,-0.695750566,0.529922119,0.47492898,-1.039871794,-1.715354138,-0.123071998,0.340748793,-1.019985968,-0.146298258,-0.825079852,0.30924785,-0.911800827,-0.58590843,-1.846426871,-0.678061543,-0.187897071,-0.012376271,-1.712024501,-0.896733233,-0.055724149,-0.608806032,-0.652581219,0.459953293,1.208303414,-0.767439785,-0.622502341,-0.22589734,0.520934358,-0.566162169,-0.335053244,-0.615445673,-1.477094725,-1.100514096,0.245843937,-0.31992982,-0.412942998,-0.29961971,-0.201871416,0.21066603,-1.124545671,-1.03423003,0.035849653,-0.090909875,0.874843542,0.030626194,-0.782634347,-1.203972804,-0.984034384,1.027259492,-0.615075645,-0.524586539,0.062599142,-0.620826519,0.189131649,-0.584651584,-0.314710745,-0.089924708,-0.868930161,1.270490615,1.094369969,-0.119797563,-0.726290399,-0.908818717,0.188055089,1.058692665,-0.132389188,-0.278392026,-1.206643033,-1.938636665,-1.658628157,-1.33484108,0.295129273,1.355087451,0.158797012,-1.187115687,-1.665479303,-2.066722769,-0.965218405,-1.550697417,-0.998314567,-2.081844426,-1.14790758,-0.319241541,0.048123275,0.033628181,0.345998149,-0.029531803,-0.530688253,-0.953992599,-1.259133216,-1.068568167,-0.584651584,1.44184732,-0.601115095,0.605135303,1.008140386,-0.148732054,-0.850268936,-0.755661086,-0.658359355,0.159649818,0.232935454,0.498044289,-0.321997503,1.220682418,-0.198816859,-1.623536837,-0.190192451,0.522299546,-2.53577898,1.02754584,-0.367158274,0.059588791,0.10020726,0.031207927,1.295028492,0.899673426,-0.144794585,1.012763872,-1.243060193,-0.197110374,1.026614908,1.351107501,-2.046393688,-1.040437725,-1.88981341,-2.206366235,-0.697757793,-1.839480205,-2.103734234,-0.379651173,-1.323131786,-2.161953963,-2.007679175,-0.75438449,-1.949817774,-0.067957693,-1.987044692,-1.538047916,-1.911218909,-1.274395269,-0.461559382,-1.511404172,0.725323912,-0.407066389,-1.928266714,-0.470803949,1.308494969,1.218881121,1.319112349,0.863311807,-0.21716148,-0.550259693,-0.607520095,-0.963382339,-0.734802856,-0.997229674,-0.730433765,-1.685779146,-2.151582219,-0.787238104,-1.769019982,-0.68458395,-0.877310432,-1.395940738,0.640168256,-0.568807906,-0.38890302,-1.34822816,-1.504627548,-0.555648667,0.339752565,-0.324761081,-0.068921445,-1.156771203,0.295724644,-1.809109108,-0.321445703,0.976557643,-0.295714244,-1.5154923,-1.371602812,0.808527332,-0.216416231,-1.179605448,-1.217058044,0.124604163,1.044226498,0.278237614,1.287412812,1.404993439,0.0798273,-0.781978394,0.528979834,-1.716466485,0.158370336,0.686726613,0.276949686,0.350304697,-0.165818485,0.715153261,-0.568807906,0.422715462,-0.039676817,-1.071483621,1.306330817,-1.271894821,1.315335272,0.071296882,0.155121637,-1.40283033,0.358932394,-1.925519459,-1.062183932,-0.785262469,-1.045830103,-2.008424054,-0.03759803,-1.564942673,-0.797619202,1.300872629,-1.236495996,-0.287682072,0.818633801,0.021174235,0.812085105,-0.493476985,-0.234457311,1.166551272,0.261055716,-1.356735559,-0.397496938,-0.343194782,-0.494952275,0.363114168,-0.046358124,-0.122393648,-0.83632495,-0.885519073,-0.633935321,-0.166763218,0.740173886,-0.509659637,-0.859201765,-0.628296208,-0.708057793,0.339325306,0.122129133,-1.428784413,-0.497744884,-0.981095955,-0.191160505,-1.590125601,0.246078523,-1.031701583,0.553080192,-0.874429278,-0.169958298,0.153321765,-1.430873405,-0.757792374,0.51294338,-0.360109406,-0.880441079,-1.261955087,0.591446626,-1.372391456,-0.613412213,-1.10714862,-0.989399204,-1.50237884,-1.198322133,-1.233744963,-0.932674211,-1.178955041,-0.011465478,0.026641931,-1.142250746,-1.11871296,-0.380382328,-0.589147591,-1.718137329,-0.369326061,1.306412057,-1.092133323,-1.74239804,-0.571283593,-1.547872557,-0.525431776,-0.015418253,0.072878645,0.010445258,-0.882855956,0.322445752,-0.650470906,-0.458391314,-0.758219177,-0.546452801,-1.951928221,-1.259837937,-1.975441952,1.143330682,-1.073236982,-1.599487582,-0.388755495,0.043346805,-1.255266099,-0.027988037,-0.412791883,-0.083164241,-1.62049886,-0.801623657,-1.60743991,-0.332818918,-0.191281578,-2.24243117,-0.988592644,-1.792159549,-1.006215439,-0.641124152,-1.381505844,-1.098712294,-1.153596597,-0.084360349,-1.331806176,1.277622814,0.588730664,0.47871557,-2.311625838,-0.685179011,-2.132842318,-1.672377712,-1.595535007,-1.308963018,0.647783639,-0.757792374,-0.841647189,-0.827593277,-1.340174426,-2.330984568,1.245652031,-2.642262461,0.542963621,-1.290620611,-2.093134869,0.177811401,0.824920779,0.717547067,0.056380333,1.357714829,-1.96254779,-1.547402522,-2.05494407,-1.621510494,-0.53034829,0.971081902,1.348566533,-1.4867779,-0.110149744,-0.160168752,-1.54599374,1.021875222,-2.198225078,-0.733969175,-0.763355076,-0.63111179,-0.005213567,-1.362968536,-0.016231013,-0.157941188,-0.882855956,0.510185419,-0.405865188,-0.421899415,-1.631172405,-0.260196616,0.006280238,-1.902467591,-1.167640875,-1.891800823,-0.663588378,-1.754463684,-1.271538124,-1.670250052,-0.570575628,-1.025268894,-0.144332371,1.219087992,0.201552125,1.232764322,-1.083231187,-2.394700382,-1.014454981,-0.343194782,-1.174414002,0.05107327,-0.122167634,-0.387428746,-1.528318861,-1.906497147,-2.210917904,1.380125372,-0.206901176,-0.166881372,-1.206977313,-2.122766666,1.232443636,-0.712941808,-0.893306895,0.292744238,-2.410170304,0.646474772,0.597626979,-0.481105022,-0.178648311,-0.306253458,-1.625567294,-1.824489294,-0.887217484,0.508142026,-2.87528612,-1.287716798,0.161523434,-0.901894852,-0.164403056,-1.031140574,0.019704583,0.454509208,-1.843895224,-0.311565013,1.144955016,-1.160913315,1.108958581,0.202940844,0.249980205,-0.631675858,-0.982430534,-0.449103565,0.794484614,-0.401224114,0.234755867,-1.368061593,0.436188281,-0.6314878,-0.901155844,0.244356948,0.765142208,0.435735631,0.584614974,0.238544348,-1.516858731,0.1780625,0.240826286,-0.425412746,0.625350022,-0.19309943,-0.223768747,-1.95828642,0.271476468,-0.429706572,0.724258176,-0.127947014,-1.059007034,-0.667089646,-0.453343188,-0.02306394,-0.253216236,-2.062781101,-1.385894441,0.748818378,-0.275358323,-1.180581852,1.410572254,-0.697356025,0.45938495,1.149115271,-0.211585602,-1.968258013,-0.087520598,0.136888252,-0.428938464,-0.504843552,0.74749331,-0.024292693,-0.821207851,-2.573082341,-2.20183519,-0.283291724,0.096763668,0.058740495,0.594155231,-0.683592968,0.683248348,-1.589145209,-2.510840032,-0.508993969,0.032660782,-0.347856795,-2.61319467,-0.945462109,-2.126952524,-2.184802057,1.357483279,-0.381699755,-0.919295241,-0.150241663,-1.194682757,0.149109423,-1.273322882,-0.678455632,-0.441921645,-1.891137913,1.146417841,-0.270366195,-0.420223479,0.908137585,0.798767662,0.071483102,-2.26144315,0.088194011,1.197552237,-0.451299644,0.5982869,-0.450514777,-0.612489278,-0.735637232,0.030917103,0.061095099,-0.357961485,1.396640653,-0.700373226,0.901988947,-0.630360192,-0.367302647,0.582327345,-1.221118963,-0.885034342,-0.179485582,0.358862549,-1.559220196,1.342211849,-0.156186083,-0.358390701,-0.376149054,-0.579997083,-0.981896489,-2.102914898,0.36158288,1.171366965,-0.91130319,-0.798507696,-1.313043899,0.711134436,0.556983756,-0.358963274,0.51156535,-0.255925041,-1.224175512,-1.638351923,-2.377308639,0.102556588,0.290278698,-0.762497259,-1.33484108,-0.756726162,-0.815766894,-0.111825815,-0.89452924,-0.888189302,-1.523260216,-1.493879572,-1.223835433,-0.73417753,-1.780819529,-1.557319958,-0.544554777,-1.442653095,-0.768733168,-1.973281346,-1.580850456,-0.815540829,-0.664559724,0.676051885,-0.754171882,-0.482562158,-0.696954419,-0.258382203,-0.337572842,-1.86885652,-0.525431776,-0.717849793,-1.222476276,-0.963382339,-0.767224384,-1.602958946,1.177700695,-0.788997506,0.500896493,-1.493879572,-0.904115156,-0.483048343,-1.03732906,-1.354408172,-0.576787379,0.726243408,-0.739191119,-1.425867136,-0.857550237,-0.359536176,-0.995063413,-0.608071008,-1.109268869,-0.692947201,-0.994252273,-1.46015621,-1.506430162,-1.305636458,0.355644413,-1.046969056,-1.342086106,-0.778922958,-1.734434403,-1.530626732,-1.520511703,-2.048718369,-2.026469657,-0.789437841,-0.675700267,0.163818085,-0.393487131,0.055150844,-0.951141009,-1.550226053,-0.459815703,-0.322273517,-0.478197104,0.053919842,-1.323883101,-1.501032039,-0.917541514,0.598726605,0.284201021,-1.88981341,-1.105032856,-1.607939036,-1.971125398,-1.55353028,-1.23031678,0.109213085,-1.496109227,-1.192373668,-1.589635285,1.100277568,-2.31364604,-1.469241282,-1.239945465,-1.414693836,-1.242367192,-1.583770166,-0.386839644,0.378778843,-0.910060182,-1.092133323,-1.385095081,-0.472085795,-1.161232651,-0.480781502,-0.475619368,-0.702995517,-1.296453657,-1.715354138,-1.936554054,-0.491513313,-0.923063616,1.389464331,-0.570398715,-0.806315879,-1.052396865,-1.28916765,-0.451142622,-2.099644249,-0.483859176,-1.141624179,-1.339029169,-0.912298711,-0.083055575,-0.52661631,-1.272251645,0.81911882,-1.197990733,-1.358290165,-0.266442569,0.765328298,-1.839480205,-1.455001559,-0.319516796,-0.837017551,-0.687761708,-0.216913002,-0.821207851,-0.943148186,-0.775442423,-0.309382499,-1.277619344,-1.092133323,-0.231049723,-1.664422221,-2.102096232,-1.623536837,0.129535921,-0.081752502,-0.661260992,-1.074993423,-0.243091189,0.498712556,-1.279774518,-1.325763861,-1.031982206,-0.877550904,-1.026384655,-1.301953213,-1.11078609,1.032899745,-0.689354382,-1.020540753,0.300771037,-0.47868117,-1.283016012,-1.09422194,-0.982430534,0.06400713,-0.427557355,0.686122566,-0.919546025,-1.328025453,-0.518018094,-0.101036544,0.844193045,-1.680397001,0.339538958,-0.240925721,-0.492331041,-1.394326533,-1.540845121,-0.991283711,-0.943148186,0.656327582,-0.606052474,-0.196988594,0.109840466,-0.870839469,-0.777398733,-1.015282681,0.089840704,-0.904856354,-0.662617976,-0.896243037,-0.707448965,-0.778705069,-0.216043814,-0.403467105,-0.770460284,-1.745257636,-0.118333187,-1.446893983,-1.583770166,-0.285284948,-0.289951312,-0.234204499,-0.226524259,0.35983993,-0.816671667,0.044590883,-0.643785751,-0.314984755,-0.237242476,-1.795165262,-2.275943162,-1.132582808,-0.567748771,-0.856843273,-0.151520808,-0.956071602,-0.890622985,-1.16860566,-1.04867992,-0.415061002,-1.044692447,0.297062934,-0.269318388,-0.008536331,-2.081844426,-1.304530059,-0.091786396,-0.545934801,-0.541284831,0.395212732,0.021761492,0.619069977,-1.157725553,0.104810364,-1.173766962,-2.116935746,0.29289347,-2.43383338,0.701313743,-0.253731633,-0.451613764,-2.481711759,0.989057805,-0.660099327,-1.011975982,-0.878272665,-0.547662514,0.738216144,1.014396999,-0.162048452,-1.05987246,-1.08146023,-0.971539206,-2.621413894,-0.9331826,-1.94911528,-0.988592644,0.365406711,-0.634689611,-1.634243031,-1.483245887,-0.327532317,-1.508688009,-1.077927697,1.062328592,-1.92004749,-0.537683078,-0.992092445,1.161242741,-0.150009267,-1.443076375,1.137223842,-1.093326284,-0.169721275,-1.304898723,-0.643405089,-2.224698554,-2.073061935,0.480758092,-0.763355076,-0.274568433,-1.292804018,-0.001501126,-2.245260026,-0.535630743,1.335001067,-2.059638914,-0.611014351,-0.049820695,0.61020026,-1.597509342,-0.390675023,-0.564050607,-0.579104465,-0.909563411,0.00548493,-0.787897517,-1.339410775,-1.063921049,-0.226398844,-0.152568599,-0.754809841,-1.53433044,-0.969691509,-0.816671667,-1.547402522,-0.229664768,-0.267487365,0.51156535,-1.901797574,-0.368458382,0.3472002,-1.28880474,-1.88321708,-1.147277461,-0.322963887,-1.587676421,"EWS"
"12",0.503619724,-2.645075402,0.040085724,-2.95651156,-1.587187303,0.770524802,0.894126919,0.137411356,-0.305031711,0.692597029,0.960537256,-0.157706996,1.553586879,0.907613191,0.412308307,-0.109703265,-0.723606388,0.851474839,-1.373970611,0.578914086,0.084892467,1.784130442,-0.627921396,0.993510999,1.173688839,1.236865848,1.040135359,-0.03469497,-0.727945686,0.302176519,-0.31992982,0.253245895,0.923107445,1.116386717,1.053301066,0.649404258,-0.517011383,-0.091019398,-0.687165109,0.277252877,-0.004912044,1.149115271,-2.166307475,-0.47997316,-0.690550555,0.476855104,1.119590695,0.583332315,0.318962692,-1.173766962,1.308711126,-0.223268559,0.772928316,-1.174737679,1.020938994,0.740269288,1.689135945,-2.548485631,1.314852064,1.303890535,1.211821919,2.030566374,0.467563154,0.88116084,-0.062620362,-0.810805224,-1.860466667,-0.385956642,-0.659519,-1.790360448,-0.616556578,-0.741077714,-2.178599113,-1.208650394,-0.917041013,0.518972349,0.846726268,-0.877791433,-1.345536369,-0.62960916,-1.576486812,-1.328402883,0.994732158,0.241611956,-1.060449828,-1.715910157,0.223783347,-1.520511703,-0.447537885,-1.774902352,-1.475781528,-0.700776208,-2.913231052,0.329087897,-1.518683549,-0.355675444,-0.17411532,-1.540845121,0.086269435,-1.586209786,0.618261983,-0.13547614,-0.491186409,-0.106138596,-0.602575482,-1.300850879,0.682642196,-1.757358043,-1.437166691,-1.758518135,-1.163470861,-0.775659602,-1.260190484,0.090023503,-2.638057829,-2.385966702,-3.803168601,0.51204488,-1.528318861,-0.167945391,-0.247308178,0.151260794,-1.261248872,1.579617676,-0.070851741,-1.795165262,-0.188259149,-0.795401415,-2.237734121,-0.300159594,-0.457126891,-1.744112816,0.095764622,-1.858540503,-0.948555692,-0.019182819,-1.731040734,0.061283228,-0.604220971,-0.88116493,-0.14792013,-1.583770166,-2.664990712,0.474244624,-2.221005106,-0.178170186,-2.064355904,1.058345695,-0.883823542,-2.18213894,1.083126331,-0.517682411,-0.742757681,-1.329536027,-0.434790937,-0.240798487,-0.793851885,0.303210874,0.375005901,-1.196335377,0.402728032,-0.194799078,-0.581784713,-1.072944542,-0.421137278,-0.036352829,-0.981896489,-1.174414002,-1.345536369,-0.238891908,-0.200159715,-1.426699776,-1.257022025,-2.009169489,-1.043556083,0.796380435,-1.562554327,0.778085577,-0.070744405,0.741603956,0.448971496,-0.465215113,1.088831277,-2.289668868,-0.714370817,-1.304161532,-1.674509909,-0.706029806,-0.75162411,-1.866914143,-1.933092645,-1.494770837,-3.028255465,-0.285817146,-1.845160246,-0.842807955,-2.111964733,-0.698561813,-0.985372893,-1.41551722,-0.728359936,1.963750067,-2.227477621,-1.427116356,0.184569029,0.020684591,-0.221145549,-1.400799047,-1.595042032,-1.860466667,-0.173282532,-0.044056386,-0.196136546,0.984995562,1.109782997,-0.416576613,-1.526936691,1.091486964,-1.342851803,0.110288354,-0.768301854,-0.52087596,-0.777398733,-1.610939039,-0.934454703,-0.792525625,-0.744229971,-0.746126105,-2.304587096,0.305644773,-0.734385929,-0.301240237,-2.3816283,-1.268333563,-0.300564698,-0.645691239,-2.132842318,-1.343618087,-0.052241112,-0.418246442,0.498651823,-1.674509909,-1.212341054,-0.767009029,0.177895108,0.873508484,1.545432582,-0.272465107,-0.546625528,1.057165099,-1.157407335,0.673658504,-1.701553201,0.725614371,-1.615959129,-0.119910297,0.402861722,-2.363397232,-1.966827397,0.337971113,-0.366292473,-0.053611769,-0.218653646,-0.323516525,-1.306374738,0.383151331,0.514618422,-0.17542539,-1.801203928,-0.770892529,-1.764338874,0.503136135,-0.041342964,-2.233992302,-1.746977326,-0.567572358,-0.657587005,-0.489390343,-0.55809195,-1.497002483,-0.108253585,-2.210917904,-1.138185064,-2.048718369,0.805225084,-1.214696768,0.937699911,-1.651302117,-0.83034242,-2.279845606,0.410983189,1.829649169,0.321938561,0.90381321,-1.526936691,0.65865925,1.279877732,1.125059459,-1.859182146,-2.370863934,0.178480857,0.567300471,-2.437259996,-0.448320418,-1.045261113,0.086361166,-2.022683208,0.241454871,-1.209320411,-1.020540753,-2.028748427,-1.569256123,-1.833206659,0.035560175,-0.967057849,0.812085105,0.681023991,0.612750243,-0.873949891,0.021957167,-1.985586966,-1.973281346,-1.196666229,-2.126952524,-0.737517128,0.386418195,-1.307483181,-1.201642189,0.91055431,1.160114956,0.880248961,0.126192025,-2.363397232,1.160428357,-0.767224384,1.0018811,-0.011263192,-1.774312556,-0.602940913,-0.360109406,-0.026857454,0.838458912,0.127249201,-0.949847515,-0.405865188,0.430482871,1.632275146,-1.078809661,0.269339878,-1.238909374,-0.937769764,-2.512072318,0.819030652,-1.616462527,1.065848021,-0.449887326,-1.350927217,-1.035355839,-2.049494465,0.653054087,0.514797725,-0.451613764,-1.37634403,-0.183562326,0.481870439,-0.608806032,-1.574070769,0.033434776,-0.345028739,-0.926088574,-0.612673796,-0.521886571,-0.534606152,-0.231679882,-0.241689469,-1.271538124,-1.728221448,-0.583934096,-1.0820502,-0.473529839,-0.913544506,-1.691190414,0.195813464,-0.538368127,-1.710917081,-1.863040671,-0.867976872,-0.721135217,-0.812606621,-1.195013063,-0.372659156,-0.618039708,-0.567748771,-0.505506462,-2.537042404,-0.278656261,0.018036362,-1.820776418,-2.114447151,-0.699970406,-1.135380013,0.419104994,-0.701582659,-1.108965701,-0.634312395,0.586062958,-0.927351679,-0.663588378,-1.242020872,-0.589147591,-1.833206659,-1.627092848,-1.67932404,-0.888918785,-0.280640258,-1.160913315,-1.087969129,-0.330589573,-0.225270812,0.122571552,-0.306117635,-0.193827497,0.362905494,-0.398986142,0.183154543,-0.550779939,-1.053830146,-1.786175091,-0.730641385,1.797575855,-0.301916232,0.239410524,-1.460586966,-0.504346658,-1.223155624,-1.196335377,-2.174191878,0.191694163,-0.549220012,-1.008131936,-0.671581403,-1.689022392,-2.437259996,-0.5407695,-0.150590359,-0.336032333,-0.744861616,1.065089975,-0.966531948,-0.376003398,-0.03448793,-1.689022392,-1.021929064,-1.321630848,-0.119684843,-0.209733864,-0.682800889,0.806609785,0.110736042,1.395278879,0.546212072,1.412790225,-1.143818882,0.041141943,-0.767009029,-1.49923912,-2.104554242,1.016244658,1.886053982,0.939147514,-1.7837913,-0.168773744,0.396020649,-1.013903561,0.845224283,0.464237034,-1.515037237,0.105080476,-0.103362513,-0.388018195,0.353610253,0.316123746,-1.0761661,-0.288215548,-0.498732376,-0.543004522,-0.551821244,0.611231887,-0.50385001,0.34344785,0.051738195,-0.62064049,-0.047825629,-2.294616923,0.296988632,-0.679836167,-0.638469619,-2.610469873,0.412242092,-1.211333159,-0.144679011,-1.144132804,-1.710363831,-0.414001439,-0.967847219,-1.320132159,0.09531018,-1.8426318,-0.752048288,0.914248648,-1.529702944,-1.043556083,0.036428357,-0.545934801,-0.379505006,-0.532389802,-0.848164903,-1.316768298,-0.913046002,1.005473084,-0.53204926,-0.521044324,-0.759928214,-1.942814944,-0.954252238,-0.918543267,-0.545417069,0.606826474,-2.343407088,0.443595483,-2.067512971,0.072971612,0.017446914,-0.724844267,-2.093946228,0.073436318,-0.657008134,1.121058477,1.054555902,1.165242371,1.131982588,-2.031032402,-2.155890714,-0.39660448,1.497902818,0.232063649,0.43728672,-1.011975982,-0.012275031,-1.567816238,0.281412459,-0.098605604,-2.170680022,-1.236495996,-0.788117418,-1.844527535,-2.02798826,-2.037148629,-1.156453288,-2.857710976,-2.074653025,-0.280243143,-0.094420576,-0.645881988,-3.028255465,0.524255044,-0.862513026,-1.4867779,-0.46203546,-0.195163665,0.532273955,0.732800492,-0.186450067,-0.260715624,-1.014454981,-1.69936262,-0.898942094,-0.500380366,-1.850236399,-2.037148629,0.853861984,-1.27905561,-1.10021357,0.307925779,-1.417578651,-0.115410852,-1.965398826,0.516529327,-0.877070019,-1.002665948,-0.719696516,-1.570698084,0.571261993,-0.024702613,-0.205303633,0.590338961,-0.392450171,-2.121097217,-0.813959801,-1.617974243,-1.64092858,-1.343618087,-0.916040763,0.023521195,-0.14792013,0.351360849,0.132693542,-2.258568208,-0.270235159,-0.234457311,-0.480619782,-1.8598242,-0.697155202,0.939303886,0.595368958,-1.683622811,0.715495584,-2.049494465,0.734672927,-0.350550877,-2.011409131,-0.403616817,-0.649704623,-1.446893983,0.727790124,-1.267622831,-0.68458395,-1.57987911,0.217205959,-0.85943792,0.396424363,-1.21976349,-2.038683549,0.00796817,-1.877971166,-0.314984755,-0.742337425,0.21317402,-0.979496808,-0.112944759,-1.929643177,-1.854699269,0.362070362,0.381718714,-1.03563749,-0.727738625,0.626366147,-0.823711551,0.509284437,0.526856441,0.152034156,-1.806670082,-1.372391456,0.249279025,-1.317514846,-0.864172778,0.09531018,-0.540597782,-0.698561813,-0.571637763,-0.390084006,-0.758432647,-1.354795694,-0.464578373,0.043251042,-0.958154936,-1.830708219,-0.709073331,0.529392193,0.060624622,0.507359624,-0.029325829,-0.076773059,0.285178942,-2.53451715,-1.165393322,-1.708153885,-0.68995229,-0.551126921,-0.669430654,-2.070680036,-0.586267819,-0.337572842,-1.029179514,-0.003405793,0.067097744,-2.070680036,-2.35598587,0.662172376,-2.554900022,-1.847695102,-0.346724613,-1.588655373,-2.750435918,-2.141316945,-0.830801346,-1.323883101,-2.218243945,-1.98195192,-1.931021537,-0.654503557,0.367624775,0.325122355,-0.516508407,-0.946492241,-0.350976923,-1.521427035,-1.264076728,-1.843263312,-0.991553216,-1.568295969,-1.113827454,-1.270825111,-2.475748712,-1.899121988,-0.46171805,-1.598497972,0.285780265,0.280128617,0.164327293,0.758045012,-0.210967975,-2.175071773,-0.328781883,-0.231805962,-1.981226494,0.942659987,-0.428631386,-1.801203928,-1.773134005,0.400586561,-2.212744389,-0.429245637,-0.304082494,1.396986991,0.902151239,-1.10835964,-0.504015532,0.26918709,-0.445662298,-1.422958345,-0.069993372,-0.28941691,-0.328087487,-1.037046933,-0.073754189,-1.008131936,-0.384780517,-1.226559303,-0.238003414,0.260670523,-0.153500891,-0.388460509,-0.538710827,-2.090704734,-0.553559166,-1.123622452,-0.092992867,-2.218243945,0.01960653,-0.139836945,-0.494788246,-1.174737679,-1.164111271,-1.950520762,-1.368061593,-2.570464538,-1.279774518,-1.424203934,0.260285182,-0.721958262,-0.307204739,-2.583622623,-0.119910297,-1.676112046,-0.478197104,-0.40167231,-1.703748592,-0.667284521,-1.49744941,0.11395349,-1.221797389,-1.738977284,-0.149660775,-1.389499492,-1.664422221,-0.437575162,0.822331639,-0.137195239,-1.477532842,-0.363411872,-1.984131362,-0.533071233,-1.293168383,-0.991553216,-0.14363945,-0.757365753,-1.522801606,-1.860466667,0.423828792,0.682035676,-0.46171805,0.346351844,-0.242326371,-0.883823542,-1.282655326,-0.275753502,-1.495662898,-0.259288998,-1.414282398,0.633662534,-0.714575128,-0.524924548,-0.661067287,-2.692669099,-0.061769026,-0.255150347,-0.806987997,0.45152138,-0.40107476,-0.198450939,0.358163835,-1.582795981,-1.09243143,-0.404965233,-0.675503745,-1.574553511,-0.587346762,-1.375552265,-0.427557355,0.153235976,0.709266562,-1.063341675,-0.18428348,-0.428631386,-0.48207621,-0.564050607,1.18692837,-0.353109878,-0.392894451,-0.603306477,1.199964783,0.4407679,0.855010895,-1.22894879,-0.456021832,-0.459340681,-0.297463084,-1.326894018,-1.17409043,-0.178170186,-0.037079008,-1.593564563,0.066630082,0.588119943,-0.516340804,-0.408419468,-1.410587054,0.191033497,0.170248976,-0.939303506,-0.075370307,-0.448163863,0.354312155,0.34818904,1.095741505,-1.773134005,-0.725257234,0.892366824,-0.148500008,-0.669821355,0.597241824,0.389809868,0.497922738,0.086911372,-0.641883887,0.013311014,-1.404051083,-1.339792527,-1.918684163,-0.098274569,-0.357818455,0.114577905,-0.438349935,-1.877317358,0.589230067,-0.818256992,-1.784982485,1.068015615,-0.607152987,-0.159464775,0.26174869,-0.370484139,0.781524291,-0.829883704,-0.194920592,-0.525431776,-0.512994641,0.321213556,-0.930643238,0.723676386,-0.362405619,-0.630548039,-2.679462744,-1.329914028,-0.311701578,-0.715597309,-0.141333176,-2.156754645,-0.684187439,1.252334305,0.806922195,-0.973125669,-1.249318906,0.774681084,0.174037337,-1.995835958,-1.25281297,-2.338212271,-1.74239804,-1.004575647,0.768022715,-0.732303896,0.222503346,0.650030889,0.041141943,-0.576253429,-1.692276191,0.885749047,-0.46904409,-0.865122445,-0.923818998,0.099664323,-0.07063708,-0.843272639,0.487536526,0.817221496,-1.067695186,-1.144446825,-1.638866723,0.144360051,-1.086189769,0.649508724,-0.281169989,0.428921184,-2.341325921,-0.290486,0.655341466,0.547022539,-0.157472859,0.860566583,-1.098112414,-0.759928214,0.490480049,0.4225844,-0.328504067,0.175548673,-0.970746918,-0.266312047,-1.26655768,-0.062513905,0.031014054,-0.313478627,-0.466011608,-1.725971729,0.204572166,0.014297305,-0.40167231,-0.308429146,0.449545787,0.210098838,-1.261955087,-1.055840197,0.220179162,-0.39988073,0.027128667,0.506395827,0.336686499,0.319253411,-0.798063351,-1.091537375,0.332249046,0.895598109,-0.56563386,-0.692747261,-0.362980497,-0.202483449,-0.736263472,-2.701571235,-1.832581464,0.609493796,1.532945561,0.132868673,0.090571698,0.039701367,0.536259425,-0.321583624,0.411844715,-1.020263322,-0.848865756,-0.776746204,-0.56528181,-2.251891979,-1.195674002,-1.201974802,-0.160755779,-0.031490667,-1.358290165,-0.168418652,0.769969323,-0.088503399,-0.04144719,-0.772839949,-1.010326724,0.30498157,-0.838635487,0.225141554,0.050312814,0.176471143,0.122129133,0.946315445,-0.996958635,0.980204058,-0.048035449,0.451075619,-0.317042228,-0.075046874,0.530569426,0.41078427,-2.276917346,0.145052272,0.784084176,-0.3063893,-0.013794711,0.01232375,-0.383165601,-0.635066969,0.060906935,-0.037286585,-0.106917282,0.466372043,0.824613943,-0.697958738,1.171614888,-0.07709705,0.252158516,-0.610830138,0.963021634,-0.327393573,0.258356243,-1.078809661,0.620415184,0.87763306,-0.633746837,-2.284745175,-1.985586966,0.431522642,-0.802515718,-0.901894852,-0.541628533,0.119381757,-0.116084479,-2.320749064,-0.274305275,1.487179879,0.785407259,0.31444571,-0.003606496,-0.427404016,0.652064735,0.618531387,1.230079051,-0.195649987,1.155811442,0.556639936,-0.719491156,0.173533051,-1.174414002,-0.308020843,0.0835136,-2.468639677,-0.391858105,0.341175445,-0.457284857,-0.30788478,-0.454602833,0.572616624,-0.440833252,-1.013352445,0.458120807,-0.638469619,-1.762006511,0.616590058,0.329879121,-0.491349847,-0.175187068,-0.31992982,-2.615926912,-0.128401715,-0.855195633,-2.090704734,-0.048980182,-1.721487416,-0.980829253,-0.789217649,-0.055935632,-0.458233174,-1.28699216,1.171707844,-1.943513024,-1.039023497,-0.954511945,1.572234363,0.594376018,-0.142716302,0.284201021,-0.915041512,-0.016027761,-0.910805802,-0.056993722,-0.690151672,0.709660089,0.585283535,-0.513495852,0.181487876,-0.943918899,-0.359106469,1.514929411,-0.487597498,0.014790085,0.136713823,-1.291711719,-1.242020872,-0.148964153,-0.089705913,-1.48456893,-1.437587656,-1.543182117,1.005985173,-1.367276355,0.791905953,-0.412036653,0.032757564,0.225859859,-0.293968457,-0.719901918,-0.145835348,0.19499096,-1.263015345,1.277148914,0.550027106,-0.311838162,-0.689752947,0.677627369,-0.972332123,-0.967847219,-0.730226189,-0.512994641,-0.39660448,-0.727945686,-0.943148186,-0.016637641,-0.805420423,-1.125777957,-1.177006356,0.406664389,0.384990255,0.843289839,0.917250271,-2.283763339,-1.060738636,0.540287334,-2.03408584,-0.723606388,-1.424619475,-0.552342304,-0.042698755,-1.058430499,-0.299484785,-0.072355662,-0.505174952,0.020488666,-0.179605249,0.349599975,1.122882048,-0.895263365,-0.825079852,-1.504177402,-0.356674944,-0.271546291,-1.019985968,-0.552516051,0.520399646,-1.380709983,-0.761854379,-1.122392817,0.891670117,-0.99479296,0.279297016,-0.474975971,-1.621004549,-0.571106555,0.232301489,-1.170215708,-1.381107834,-1.434644622,-0.274305275,-0.773489933,-1.032543689,-0.978166136,0.272009903,-1.532939941,0.817663055,-0.549046837,-1.106543659,-1.302688777,0.134443477,0.054772236,0.781844635,-0.738353773,0.16398785,0.389674422,-0.441144101,0.548005795,-1.451152933,-0.903621329,-0.614336,-0.606419177,0.708331316,-0.870839469,-1.294262276,-0.62064049,0.090389,-1.161232651,0.65013529,0.03575317,-0.513662979,-1.700457311,0.216320326,-0.737517128,0.03575317,-0.171737763,0.485507816,-0.813508537,-1.333701911,-0.133074354,0.057513906,0.308880784,-1.343618087,-1.393923388,-0.87803202,0.617291528,-0.775225292,-1.169893491,-1.648698626,-0.363124268,-0.54697107,0.17756024,-0.452399495,0.840920425,-0.880923588,-0.07763727,-1.697722827,-0.452556716,-1.48236483,-1.045261113,-0.61452086,-0.533241663,-1.000215967,1.043487101,0.96911086,0.248109297,-0.494624244,-0.949589017,0.159735058,-0.180802711,0.991286881,-1.590125601,-0.285817146,0.076683225,1.11573158,-0.288348961,0.227215251,-0.117095772,-1.768433644,0.253711553,-0.693347201,-0.06443186,-0.157824085,-0.534606152,0.120002792,0.513003251,-0.223518622,-1.129174594,-0.766578459,-0.802962047,-1.663366254,-0.579997083,0.385398446,-0.448633604,-1.64713978,-0.488738027,-0.262664309,0.071203759,-1.195674002,-0.352113933,0.112167297,-1.285906187,0.471252849,0.247719084,0.490296333,-0.014098924,0.267887445,-0.636388847,-1.10292156,-0.658359355,0.206038083,0.342667293,1.778437795,-0.251928903,0.172271221,-0.56528181,0.175129086,-0.410075721,-1.175709339,-0.903374507,0.758091869,-1.246532419,-1.220779923,-0.580890498,-1.25772526,-1.968974089,-0.395712817,-0.115298624,-0.505838082,-1.208985346,0.12548662,-1.062762636,0.622510101,0.692246775,-0.289684075,0.178313535,-0.699165253,-1.879280067,-0.93828075,-0.799841919,-1.552585101,0.053066721,1.181144203,-1.457146102,0.140544245,-0.727531607,0.202940844,-0.88116493,0.177309015,1.363997626,0.710250088,0.882899395,0.106070264,0.055150844,-0.245133569,0.570640506,-0.798507696,-0.428938464,-1.640412717,-1.558744798,-0.572878348,-0.460766424,0.035560175,-0.476424197,0.563152384,0.551698817,-0.624367665,-0.216292076,-0.91130319,-0.570575628,-0.160168752,-0.493313199,0.035560175,-0.315395911,-0.837248525,0.790364631,0.260362262,-0.374984401,0.313057379,-1.008406021,-1.27833722,-0.558266698,0.852328045,0.442760893,-0.056147161,-1.204306193,-1.133203733,0.070365263,0.506576609,-0.688756832,1.267341892,0.08213283,0.363739928,-0.490043085,0.143580728,0.486123011,-0.021836695,0.227374588,-0.379651173,-0.732719956,-0.206040643,-1.354795694,-0.00040008,-0.835402228,-1.439273286,1.426308029,-0.340239323,0.169236317,-0.347149031,-1.13227249,0.164666622,0.699824835,-0.404965233,-0.438660013,1.013562623,-0.481428647,-0.638658995,0.196553139,-0.646072773,0.480325178,0.214304603,-0.82052611,-0.719491156,0.022152805,-0.122054646,-1.025268894,-0.679836167,-0.456337438,-0.283955691,-0.210844496,-0.632428446,-0.818030363,-0.361543921,-0.459182391,0.828944753,-2.041760475,-0.946234608,-0.308020843,-0.322687682,-0.611382879,0.4010554,0.921198668,-0.300294611,-0.453343188,-0.068064731,0.271247766,-0.716415807,-0.094860281,-1.119631656,-0.394970371,-0.923315347,0.290054257,-0.477874524,-0.116196794,-0.26918749,-0.190676361,0.414689103,0.386214329,-0.626049437,-0.148964153,-0.141102841,1.268805032,-0.121151202,-0.130222587,-0.449416996,-0.995333939,1.372803771,0.585506289,-0.413396478,-0.052135754,-0.297059234,0.185981518,-0.380967637,-0.806315879,-0.125563223,-0.475619368,0.446415094,0.683046338,-0.24679608,-0.048770164,-0.581605806,0.129623768,1.505298873,-0.493804639,0.03575317,0.494757216,-2.1680542,0.395751416,-0.291556234,0.049932369,1.666007264,0.030723173,-0.990206415,-1.039588948,-1.134446742,-0.434636485,-1.505077897,-2.596956154,-1.091239534,-0.949589017,-0.404815319,0.073715038,0.342738278,0.351571946,-0.372659156,-1.884532869,-0.5730557,-0.316355933,-1.356347285,-0.415515444,1.345264012,-0.302457358,0.840704745,0.49237648,-0.444101992,-0.297597737,-1.180907531,0.369699752,0.36824772,0.234914007,0.002596626,-0.242071561,0.512883505,-0.611382879,-0.700776208,-0.648173815,0.473559799,-1.715910157,0.662017645,-0.583575544,0.021467907,-0.279581636,0.302546054,1.672130982,0.929404371,0.028295869,1.29524758,-1.749274858,-0.467766134,1.065848021,1.851991857,-1.786771928,0.052687322,-2.451085101,-2.615926912,-0.449573748,0.628981923,-1.334461212,-0.365571544,-1.598003535,-1.765507098,-2.195526021,-1.055840197,-1.84010973,-0.248974311,-0.636388847,-0.491349847,-1.887169654,-1.095118399,-0.274436846,-0.254118356,0.495427682,0.303063174,-2.021927635,-1.183516796,1.143107529,0.897923075,0.866848355,-0.368892128,0.018036362,-0.818483672,-0.599474705,-1.413049098,-1.895121982,-1.166998202,-0.574475651,-1.807888851,-2.07544952,-0.151055475,-1.870153537,-0.176140698,-0.264095763,-1.448595387,-0.263314716,-0.165936528,-0.699567748,-1.049822124,0.601141535,-0.172331623,0.512823626,-0.297463084,-0.851908473,-0.829196025,1.846610594,0.216159218,1.131692392,1.536200331,0.141673158,-0.696954419,0.01960653,0.937112448,0.59514839,0.445006283,-0.714575128,0.0303352,0.461467298,-0.544899604,1.584079078,1.21973788,1.344534427,-0.462511763,0.47778577,-1.055265484,0.071948499,0.711527228,0.446990855,-0.345876317,-0.612858349,1.168013965,0.97421996,-0.512493681,-0.172450437,-1.608438412,0.842816405,-1.297917251,1.174059839,-0.787018396,-0.05108279,-0.703399557,0.039893564,-0.761426021,-0.536314387,0.522477477,-0.961549638,-1.027501661,-0.144679011,-0.359679453,-0.183442184,0.859678051,-0.747392195,-0.705422211,1.165211186,0.167123313,0.574532549,-0.01399751,0.08782771,-0.624367665,0.944722686,-0.948297528,-0.705624702,-0.145257013,-0.359536176,0.311959965,0.337400377,0.515275707,-0.618782099,-0.128515422,-0.503022812,0.280657458,1.385819248,-0.10280822,0.206200831,-0.342349474,-0.526108481,-0.334633927,0.586118608,-0.952695414,-0.151637175,-1.152329571,0.956703042,-1.392714929,-0.294639553,-0.353109878,0.153836345,-0.264747101,0.622671067,0.19334392,-0.588967362,-0.131818575,0.406464608,0.374662199,1.01884732,-0.850502991,0.736829082,1.349915606,1.58095613,-1.345920467,-0.600021203,-1.341320995,-0.898942094,-1.368454443,-0.415061002,-0.495280412,-0.178648311,-0.598382604,-1.307852935,-0.892818376,0.413433278,-0.298001805,-1.031982206,-0.418246442,0.987196439,-0.571106555,-0.741707371,-0.077529203,-1.222136775,-0.188379871,0.745360052,0.687983874,-0.162283663,-0.755235373,0.525911261,0.035656677,0.055340095,-0.305438794,-0.431244561,-1.736703263,-1.008131936,-1.78557861,0.011038847,-1.411817318,-0.805868051,-0.929882685,0.645006805,-1.269044801,-0.206409352,0.192849279,-0.40631547,-1.424203934,0.581768593,-1.54928399,-0.240798487,-0.190676361,-2.317698731,-0.582321625,-1.716466485,-0.889892258,-0.598200703,-1.360626614,-0.984034384,-0.824395467,-0.244494877,-1.068859331,1.181573809,0.814612318,0.425659815,-2.123602437,-0.123411345,-1.675577715,-1.433385969,-1.885191414,-0.746126105,0.453937762,-1.088562953,-1.100814712,-1.12639467,-1.05987246,-2.23305903,0.880539194,-1.810942289,-0.716415807,-1.009503114,-2.314657674,0.052212871,1.023062252,0.560129941,-0.317179543,1.301798001,-1.839480205,-0.472085795,-2.27789248,-1.323507373,-0.464896692,1.607656326,1.03161742,-1.205974807,-0.048350261,-0.497580397,-1.35751256,0.058929068,-1.897119985,-1.685239626,-1.055552799,0.266662705,0.08222494,-0.81712436,0.315394511,0.031110995,-0.407066389,0.171260609,-0.912547746,-0.752048288,-1.650259907,-0.863224011,-0.797619202,-2.032557956,-1.25351325,-0.189950584,-1.922779732,-1.818308804,-2.134531508,-1.117183674,-0.107473858,-0.987518241,-0.848398466,0.48618451,-0.103917113,0.215192022,-0.699567748,-1.629130546,-1.138185064,0.175213018,-1.761424269,0.338042432,-0.464419251,-0.537511889,-0.639037855,-1.855978042,-2.341325921,0.502652313,-1.596521687,-0.814411268,-1.278696351,-2.371935171,0.788866368,-0.439435628,-0.635822114,0.399782325,-2.177716111,-0.250900228,0.253789141,-0.978432128,-0.27812786,-1.361016554,-1.404458332,-1.87470639,-0.035212756,0.178480857,-2.178599113,-1.118406916,-0.701986129,-0.683394889,-0.197475805,-1.088265997,0.417393679,0.152120048,-0.936493439,-0.1806829,0.842902501,-1.09302791,0.530922325,-0.315395911,-0.355247392,-1.166998202,-2.171556831,-1.008680181,0.947130267,-0.140412154,0.343944251,-1.2772606,0.143407463,-0.426025022,-1.191385689,-0.162283663,0.278843124,-1.012801632,0.014691549,0.284502021,-0.646454453,0.220660471,-0.170551101,-0.44347855,0.025375306,-0.013186562,-0.83378951,-1.596028226,0.242004559,-2.47693848,0.346776112,0.03979747,-1.731040734,-0.921303274,0.380762495,-1.040437725,0.026739297,-1.997308712,-2.169803982,0.901095872,-0.054245015,-1.35208619,1.716676663,0.184735308,0.456411676,0.644744441,0.04449524,-1.796973036,-0.105916226,0.110377907,-1.047253996,-1.311929279,0.508923816,0.040565962,-1.195343478,-2.722656353,-1.820776418,0.071296882,0.795568381,0.078348966,-1.090049058,-2.019664338,-0.037909573,-1.938636665,-1.49744941,0.103458708,-0.316081547,-0.449416996,-1.949817774,-1.158362293,-2.436116486,-1.725971729,0.2051425,-0.821662603,-0.507165663,-0.119684843,-0.866073016,0.187972228,-2.047942875,-0.88116493,-0.952436179,-2.116105526,1.092158172,-0.790760009,-0.473369287,1.159581949,0.650709298,-0.089487167,-2.275943162,-0.302322049,1.113041025,0.069526063,0.142367241,-1.218409852,-0.921554562,-0.324761081,-0.025112701,-0.232562773,-0.921052049,1.711651482,-0.701380985,0.232460018,-0.869407146,-1.257022025,0.120446153,-1.674509909,-2.567853571,-0.682405084,-0.207762449,-1.3919101,0.586897381,0.01222497,-0.323931205,-0.909066887,-0.399433336,-1.115351613,-1.901128006,0.652637637,0.804420183,-1.366491734,-0.5407695,-1.037046933,0.830645694,0.254642218,-0.556346139,1.094738127,0.425855798,-1.025826619,-1.497002483,-0.417790758,-0.015418253,1.042958624,-0.419614744,-0.482238167,-0.534947566,0.022250609,0.268728585,-1.666537504,-0.615630738,-1.062762636,-1.196997191,-1.217058044,-0.320205264,-1.468806783,-0.467127769,-0.673148494,-1.077927697,-0.498238508,-1.560647748,-0.568631306,0.198932823,-0.362261951,-0.510325749,-0.404215889,-0.1030299,-0.348281695,0.314080546,-0.03407398,-1.598003535,-0.399135184,-0.51232675,-0.499391246,-0.705017353,0.071576198,-1.274395269,0.716277598,-0.310473161,0.861158499,-1.00103196,-1.270825111,-0.223643676,-0.639606414,-1.368061593,-0.482562158,0.839020843,-0.900417383,-1.16667702,-0.605869172,-0.812606621,-0.576075509,-0.933436891,-0.773706688,0.475302068,-0.490369615,-1.005941954,-1.198985263,-0.924322904,0.260901657,-0.609541597,-1.619993426,-0.450985623,-1.151064149,-1.64092858,-1.37634403,-1.176033436,-1.701005106,-0.610645959,-1.113522901,0.370114231,-0.652773286,0.047741996,-1.434224895,-0.710903902,-0.673148494,-0.272859144,-0.679441534,0.102646837,-1.033948775,-0.646645347,-0.945719543,0.238544348,0.291549584,-0.933691247,-1.071483621,-1.448595387,-1.530164732,-1.506430162,-1.028340236,-0.30911002,-1.332564039,-0.221644675,-1.627601883,1.021911214,-1.576003136,-1.487662856,-1.63475572,-0.852611955,-1.372786011,-0.963644428,-0.389198136,-0.069457265,-1.019431491,-0.384633599,-0.473851021,0.11395349,-1.48236483,-0.27483166,-0.484995447,-0.805868051,-1.349384007,-1.903808973,-1.598003535,-0.407817874,-0.324761081,0.800116402,-0.738563044,-1.37081479,-1.591597994,-0.953733027,-0.652389188,-0.915041512,-0.667479434,-1.247228313,-0.676683455,-0.661648514,-0.17007683,0.134093734,-0.087520598,0.621328893,-1.014454981,-0.924070919,-0.071496002,1.343986889,-1.344768614,-0.598200703,-0.077205071,-0.281965112,-1.142564176,0.258742329,0.075478461,-0.283822862,-1.041003976,-0.012072581,-1.349384007,-1.128247094,-0.069457265,-1.113827454,-1.265493661,-0.811255269,-0.661260992,1.271780974,-1.136937403,0.215917506,0.400921468,0.340393111,-0.648365038,-1.194022473,-0.273121921,-2.430418465,-0.795179906,-1.231686643,-1.532939941,1.652937918,0.842342747,-0.13090627,-0.653926467,-0.338975367,-0.06134363,0.033821548,-1.39513331,-0.010555514,-0.571637763,0.478963371,-0.763355076,-1.934475771,0.093125978,-0.437420279,0.381445602,-1.470981169,0.079365555,0.618261983,0.119293006,-1.264076728,-1.508236032,-0.766363243,-1.674509909,0.472438163,-0.390231727,0.112167297,-0.56528181,-0.950882177,-0.378920553,-0.923567141,-0.139491979,0.252547002,0.47162731,-1.833206659,0.220820856,-1.152962883,-0.613042936,-0.208747671,-0.560541216,-0.946234608,-0.222518747,-1.684161459,-1.086486109,-0.255666743,-0.150357882,-1.791559489,-0.014504686,0.37761418,-1.001576326,0.370666603,-0.798285499,-0.040093094,-0.583217121,-2.293625352,-2.739540868,-0.932928373,-0.68299885,-1.789761467,0.136888252,-1.175385347,-0.955551446,-1.62049886,-0.840487768,-1.359847191,-0.093981063,1.031011305,-0.949589017,0.687883351,-1.832581464,-0.397794602,0.159394052,-0.365715689,-0.505506462,0.34903584,0.424940885,-0.520202786,-1.22758267,-0.632993258,-2.871746294,-2.285727976,-1.944211592,-3.241632812,-0.497415937,-0.851908473,-0.958415658,-2.503478035,0.611448937,-0.998585975,-1.605445891,-1.551169004,-0.302051486,0.885831524,0.369561554,-0.163107338,-0.047510983,-0.890622985,-0.590410103,-1.907170321,-0.89086668,-1.969690678,-0.71233,0.029073247,-0.277071893,-0.378190466,0.442825117,-0.379651173,-0.401522889,-0.509659637,0.180570024,-1.612442421,-0.168063685,0.080842388,0.763885195,0.095764622,-0.942634707,0.566563028,-0.332679438,-0.492167442,-1.018046641,-0.607887337,-0.296117551,-1.64092858,0.044973366,-1.019154367,-0.546280105,0.155549701,0.197538523,-2.191043718,-0.44488184,0.619984915,-1.987774353,-0.489879859,-0.534094251,0.30069701,-0.649130295,-0.32628431,-0.400925428,-0.735845935,-1.48943512,-0.429399258,-1.237184939,-1.527397202,0.501805061,0.337757125,0.661604913,-1.106543659,-1.752154215,0.825271333,-1.026105598,-0.756513056,0.380420767,0.064382259,1.281322659,-1.188099455,0.585394918,0.067752102,-1.31378767,-1.644029357,-0.881889305,0.239646623,-1.207311706,"EWS"
"13",1.187202973,-2.154165088,-0.113616727,-2.288682188,-1.26655768,0.681732278,1.1814204,0.344015146,-0.046253385,0.731165248,1.571507566,-0.854020406,1.550112446,1.013344845,0.650344058,0.239803992,0.124957239,0.908984103,0.710495819,0.550430878,0.988164782,1.719941181,0.125045489,1.527251241,0.808126289,1.339045509,0.494269322,0.652793826,-0.225145554,0.417064244,-0.578926037,0.437738669,0.63620639,0.697139202,1.570946533,0.829119342,-1.599982754,0.216320326,-0.363555705,-1.160274949,-0.587706668,0.998570935,-2.288682188,-0.839329691,1.093901209,0.468126869,1.234511709,0.741508681,1.348774201,-0.724018844,0.983687664,-0.297732408,0.967021868,-1.178629997,0.749574772,-0.084142768,1.517498047,-1.516858731,0.96941435,1.323673999,1.140873247,1.718202627,-0.09783336,1.26036259,0.349388462,-0.246284244,-1.759679576,0.355153788,-0.685179011,-1.766676689,-1.035074268,-0.08872193,-1.796370082,-1.288441961,-1.196666229,-0.688557728,1.341166234,-0.982964865,-1.300116665,-0.85143976,-0.803408575,-1.232372279,1.165772371,0.910715218,-1.206308864,-1.514582381,0.825534169,-0.769812266,-0.287415441,-1.425867136,-0.652965391,-0.158878505,-1.998045904,0.362139983,-1.320132159,-0.641124153,-0.057523186,-1.222476276,0.381104107,-1.088265997,-0.00793137,0.187060311,-0.80923166,0.001798382,-0.83171983,-1.127629238,0.491030996,0.389471218,-1.15327969,-1.726533684,-0.710293339,-0.653541926,-0.757365753,0.174289385,-1.378326192,-1.703748592,-3.272804167,0.146435278,1.093599747,-0.2749633,0.06363186,0.534268676,-1.304530059,0.871167835,-0.423730917,-1.338647708,0.968617492,-0.602575482,-1.835084594,-1.556371192,-0.683394889,-0.464578373,0.550084798,-1.759679576,-0.40661577,0.581097677,-2.033321606,-0.432476657,-0.536827426,-0.599292605,-0.223768747,-2.390324007,-2.152442435,0.792585193,-1.240291067,0.918847461,-1.828216006,1.612253944,-0.992362169,-1.563508981,1.443619428,0.657209074,-1.016111067,-0.984837274,-0.52256088,-0.996687669,-0.31320503,0.080934618,0.048409139,-1.47359669,0.101834306,-0.763569645,-1.012251123,-0.787018396,-0.581784713,-0.18825915,-0.581605806,-1.08975166,-2.002480501,-0.100041354,-0.48694635,-1.364141557,-1.258077063,-1.433805344,-0.713145827,0.78745686,-1.556371192,0.386757881,0.334613367,0.536961097,-0.126697653,0.139674982,-0.299484785,-1.488548595,-0.197841369,-0.745493661,-0.163107338,-0.592578126,-0.456968951,-1.144132804,-1.90851803,-0.548527491,-3.096658192,-0.279581636,-1.501929705,-0.689752948,-1.984858899,-0.566338334,-1.000215967,-1.133825044,-0.404815319,1.544173795,-2.126952524,-1.461449035,0.069712612,0.119204248,-0.313615455,-0.820753305,-1.276543497,-1.728221448,-0.683989243,-0.621012583,-0.474815186,0.730587464,0.581209527,-0.606602579,-1.596521687,0.892366824,-1.14696255,-1.441384327,-1.183190265,-0.03573081,-0.515670675,-1.527857925,-1.577939245,-0.566690757,-1.150432037,0.020292703,-1.57987911,0.779829337,0.138891999,0.026154958,-2.07784282,-0.958676448,1.111758826,-1.387094681,-1.835084594,-1.36179689,0.027323296,-1.15327969,0.803166826,-0.885519073,-1.622523152,-0.318278746,0.058551887,-0.259677876,0.116270782,-0.185245828,-0.21418381,0.882527102,-1.075872802,0.750802693,-1.113827455,1.222097554,-1.664950622,0.00059982,-0.210103938,-1.294262276,-0.984837274,0.884882621,0.53608393,0.002895803,-0.190434377,-0.131248287,-0.923567141,0.861116231,0.335257213,-0.398241263,-1.801203928,-0.925331477,-1.0336676,0.662327083,-0.096841351,-1.808498793,-1.526476392,0.315175637,-0.179365929,-0.586447562,-0.686568865,-0.400179104,0.408726451,-1.628620732,-1.460586966,-1.798180037,0.030238183,-2.269150317,1.016136067,-1.554476354,-2.012156795,-1.836338513,-0.31814128,1.632451067,0.539238138,-0.455864066,-1.788564578,0.732800492,1.56228341,0.33153148,-1.810942289,-2.066722769,-0.262534279,0.807591315,-1.759098687,-0.20567207,-1.503727458,0.137411356,-1.466637114,0.221462139,-1.296819355,-0.927098931,-1.77608299,-1.284098849,-1.885850393,-0.770028225,-0.859201765,0.189628132,0.343235032,0.125663018,-0.161578196,0.333825881,-1.706499625,-1.911218909,-1.402423743,-1.795165262,-1.451152934,0.719983835,-0.458391314,-1.498343865,1.09947858,0.908621398,1.08180517,-0.841415197,-2.090704734,1.197340862,-1.141937413,1.448094762,-0.045206593,-1.448595387,-0.585728784,-0.316493154,-0.099820335,0.096763668,-0.246540129,-0.970219074,-0.499061757,-0.041968485,1.461703272,0.653366311,-0.201626708,-1.214359897,-0.736681183,-2.312635429,0.548468169,-1.706499625,1.037764725,-0.813057477,-1.4867779,-1.024711481,-2.014403146,0.688888124,-0.07709705,-0.133531393,-1.521427035,-0.719080563,-1.07031642,-0.63506697,-1.871452238,0.413499413,0.288331861,-0.819164021,-1.072944542,0.113060792,0.398373354,0.133306367,-1.198322133,-1.391507928,-1.425451076,-0.184163252,-1.232715273,-0.714779481,-0.998043234,-1.538979449,-0.057523186,-0.764428383,-1.33142746,-1.643511893,-1.037611267,-0.668844888,-0.22777928,-0.271283927,-0.609173747,-1.065370955,-0.39988073,-0.472246142,-2.021172634,0.47921111,-0.098274569,-1.970407781,-2.557477343,-0.228658732,-1.355959161,0.772420362,-0.15958207,-0.922308804,-0.828737835,0.950962653,-0.814862939,0.701958249,-0.008334637,-1.016387348,-1.377929445,-0.04144719,-1.614953093,-0.467606505,0.334684926,-0.485970423,-0.825764705,0.204409153,-0.561768103,0.437609561,-0.402270217,-0.607703699,0.519388854,-0.734802856,0.214950076,-0.570044983,-0.968110481,-1.567336736,-1.290620611,1.640626454,0.368801124,0.255262181,-1.293532881,0.540869745,-0.914791856,-1.605445891,-1.713133149,-0.072355662,-0.815314815,-0.939559359,-1.250016743,-1.269044801,-1.761424269,-1.638866723,0.461341219,-0.675110818,-0.827135821,1.083160184,-0.327254848,-1.177330873,0.21993842,-1.705398304,-1.28916765,-0.869884359,-0.958676448,0.128657032,-1.444347293,0.803211615,-0.706029806,0.884056755,0.894576679,0.573913093,-1.213686497,-0.205303633,0.125927557,-0.707246105,-1.291711719,1.461053907,1.694385495,0.474431313,-1.364141557,0.256114003,0.170164627,-1.708705914,1.001256685,-0.591312875,-0.817803785,-0.135018212,0.04142981,-1.546463113,0.543834777,0.182071526,-0.880199912,-0.390527236,-0.776094101,-1.379517377,-0.531028331,-0.042385717,-0.235722334,0.057230634,-0.333516609,-0.786798737,0.327503567,-1.939331834,0.60546285,-1.160274949,-0.315944382,-1.700457311,0.12751332,-1.248621556,-0.571283593,-0.670994376,-1.36179689,0.420353721,-1.68848112,-1.095417398,0.105980324,-1.508236032,0.781203844,1.049422045,0.033047854,-0.447381451,-0.26487742,-0.932928373,-0.316904931,-0.877070019,-0.849099482,-0.527632742,-0.689354382,1.679560812,-1.088265997,-0.227277083,0.169742775,-1.018600351,0.393257565,-0.875388741,-0.6919479,0.832387248,-1.997308712,-0.007024615,-0.983232138,0.278010453,0.573518693,-1.210997419,-1.741827101,0.01597177,-1.121778567,1.020650747,0.877258801,1.34622729,1.251905458,-1.687399454,-1.60743991,0.931967211,0.698184472,0.326710459,0.95773973,-1.087079053,0.818457372,-1.429619486,1.218053209,-0.086865933,-1.707050741,-1.339029169,-0.849333264,-1.837594006,-1.850872734,-1.073236982,-1.548813291,-2.32585372,-1.843263312,-0.171619034,1.107671133,-0.819844834,-2.501036032,0.395886042,-0.175902205,-1.437587656,-0.46013251,0.084892467,-0.453657951,0.682136788,-0.083816486,-0.384633599,-1.573105983,-1.63989712,-0.765502843,-0.722575991,-1.540378377,-1.881903019,0.558014507,-1.66020503,-1.050965635,0.3276477,-1.167319487,-0.293297811,-2.113618994,0.845954101,-0.787677664,-1.156453288,-0.49446027,-0.980296062,1.131789133,0.495671376,0.405398439,0.247797139,-0.889892258,-2.230264431,-0.995875211,-1.402017322,-0.514833645,-1.169893491,-1.650259907,0.634776267,-0.207885549,-0.79628794,0.469816112,-1.97833004,0.112882157,0.158199615,-1.275826908,-1.840739651,-0.428938464,0.819779832,1.049106869,-1.535258514,1.092862457,-1.725971729,0.929522801,-0.612489278,-2.248096908,-0.112497031,-0.679836167,-1.893792195,0.649143045,-1.64506509,-0.662811981,-1.560171671,0.180570024,0.083329608,0.248655341,-1.944211592,-1.462311848,0.136190355,-1.609437912,0.320052453,-1.156771203,0.658193351,-1.481484548,0.107148916,-1.686859059,-1.132893223,-0.534094251,0.360816356,-1.680397001,-1.461017907,0.267275263,-2.210005912,1.175141138,-0.463465052,0.646055573,-0.957373177,-1.497449411,-0.077529203,-1.3108159,-0.365139237,-0.192371893,-0.463306108,0.546906798,-0.782415648,-0.550953415,-0.184764538,-1.580364665,-0.900663476,0.739123867,-0.511826124,-1.247576442,-0.03035612,0.13993584,-0.670603216,1.432247171,1.307061742,-0.578034374,-0.281965112,-2.092324168,-1.060449828,-1.622016695,-0.655273528,-1.243060193,-1.134135845,-2.278868566,0.003892415,-0.076017486,-1.011700917,-0.04447449,-0.083164241,-1.456716825,-2.384880336,-0.833099141,-2.055725015,-1.335221091,-0.185245828,-2.249992643,-2.469821012,-2.192834229,-0.340098805,-2.54338358,-2.239610294,-1.943513025,-2.043302495,-0.982430534,-0.450985623,0.093399264,0.366447041,-0.998857456,-0.719285838,-1.66020503,-0.944175935,-1.379517377,-0.902881045,-2.213658884,-0.856372242,-1.133514341,-2.181252808,-1.880590683,-0.519193873,-1.530164732,-0.085884739,0.658969729,0.232935454,0.666289726,0.121863588,-1.877317358,0.157431008,-0.639796005,-1.817692851,1.316917487,-0.46505589,-1.574070769,-0.259548233,-0.045101974,-1.760842367,-1.005668543,-1.113522901,1.584284194,0.133918818,-0.212698294,-1.008131936,0.73491273,-0.364851135,-1.186132886,-1.315649522,0.046788162,-0.989937272,-1.576486812,-0.64055473,-1.73556819,0.235704333,-1.412227743,-0.588246771,0.473123757,0.037777364,-0.839329691,-1.321255965,-1.86885652,0.065413139,-0.799619425,-0.969955257,-1.683084453,-0.311974765,-0.157472859,-0.522055106,-1.129483952,-1.255266099,-1.885850393,-1.228265497,-2.282782466,-1.337504197,-1.292075686,-0.107139876,-0.897959775,0.134880482,-1.999521919,0.488150475,-1.263369014,-0.978698192,-0.947523434,-1.083822203,-0.607703699,-1.11078609,-0.606419177,-0.85143976,-2.164563795,-0.508661301,-1.488105627,-1.848964943,-0.346724613,0.131817425,-0.659905847,-1.565421027,-0.399433336,-2.193730688,-1.122085645,-1.26513924,-0.672168774,0.690794415,-1.220102186,-1.405273328,-2.06909525,0.97678358,0.31889,-0.494132401,0.585172139,-0.737935363,-0.537169599,-0.770460284,-0.358104537,-1.339792528,0.451585044,-1.439273286,0.439866535,-0.343053848,-0.727738625,-0.496922719,-1.960414835,0.237992754,-0.127151786,-0.593120867,-0.047301273,0.224981861,0.00079968,0.556754556,-1.57987911,-1.717023123,-0.227026079,0.390689823,-1.404051083,-0.694948803,-0.46140074,-1.809109108,1.000300943,0.360955768,-1.614450454,-0.280507869,-0.568631306,-1.124545671,-0.034177452,1.09423606,0.013902905,-0.194799078,-0.273779167,1.269423409,0.291474871,0.535615793,-0.966794864,-1.140372223,-0.419006379,-0.483534764,-0.993711879,-0.581605806,1.628946379,0.312984255,-0.761640177,-0.195163665,0.299141166,-0.043742923,-0.739819589,-1.368847448,-0.246540129,0.666084261,-0.869884359,-0.193220738,-0.195649987,-0.249230886,0.189793572,1.580400374,-1.683622811,-0.720723948,0.553137708,-0.148616024,-1.354020801,0.785452851,-0.467606505,0.759730485,-0.324761081,-1.367276355,0.168560642,-1.107451237,-1.570698084,-1.000759889,-0.159464775,-0.356532097,0.022054991,-0.390379471,-2.024196068,1.320661909,-0.813508537,-2.006934851,0.906321201,-0.70623242,-0.108699417,0.073807927,-0.263184601,0.228807481,-0.731056754,-1.059007034,-0.832639159,-0.810355382,0.525438336,0.362348817,0.776752764,-0.147804195,-0.707651867,-1.833832246,-0.63506697,-1.044692447,-0.811255269,0.4403817,-1.942814944,-0.404965233,1.404649863,0.923504649,-0.754809841,-0.849333264,0.922153512,-0.046462874,-1.213013549,-1.768433644,-2.106196279,-1.795767491,-0.780667778,0.879917162,-0.78745786,-0.56528181,-0.051609134,0.217769135,-0.229413164,-1.698815724,0.810085415,0.974635109,-1.13227249,-1.052110455,-1.411407062,-0.426484475,-1.591597994,0.484029801,0.600867404,-0.915790857,-0.653157532,-1.707050741,0.511805144,-0.648747593,0.398709004,-0.42694414,0.19499096,-2.264326381,-1.096614286,0.576950386,0.254719735,-0.081861027,1.048160745,0.625831473,-0.986713196,0.277934721,0.547832349,-0.912547746,-0.28103753,-0.701986129,-0.151404454,-1.617974244,-0.197719499,-0.155952302,0.005982072,-0.912547746,-1.705398304,0.429572184,-0.663006024,-0.280507869,0.253401139,0.054582878,0.614644952,-0.528819887,0.719399552,0.694695981,-0.531368525,-0.513830133,0.639166067,0.083237599,0.829381168,-0.888189302,-1.347073648,0.606662937,0.363322798,-1.014179233,-0.56141741,-0.258252728,-0.463306108,-0.114737678,-3.239078532,-1.318261951,0.686978191,1.53940164,0.101382614,-0.353679435,-0.953733027,1.068977484,-0.204076489,-0.109145447,-0.711107506,-0.809680997,0.036331929,-0.332958417,-1.708153885,-1.301218189,-1.11871296,-0.718259881,-0.916540763,-1.260895952,0.432171951,-0.465533635,-0.239145909,-0.051293294,-0.945719543,-0.892086043,0.394471567,-1.026105598,0.23285623,-0.04940035,0.268881443,0.051263294,-0.070851741,-0.748448496,0.300845059,0.255804334,-0.898942094,0.149970527,-1.261601917,-0.66533748,0.217527813,-1.866267521,0.368455283,0.34755347,-0.746547957,-0.457126891,-0.357961486,-0.608071008,0.058174564,0.132343187,0.065319466,-0.428938464,0.58789777,0.300030516,-0.025522957,1.091755501,-0.311838162,0.757295,-1.131342113,0.940671101,0.61096051,0.229682128,-1.517770724,0.696092838,0.211880359,-0.759714425,-1.74869998,-1.857258452,-0.152685088,-0.948813924,-0.394228476,-0.623994322,-0.374257181,-0.963120319,-2.273997636,-0.124883182,1.624503849,0.061941402,-1.075286463,-1.212004976,-0.323516526,0.563437049,0.826584819,0.509164244,-0.56563386,1.056504746,0.940749171,0.196142276,0.085810656,-1.116572614,1.265199598,0.491826274,-1.814005078,0.435347483,0.922869047,0.254254546,-1.043556083,-0.502692124,0.42160089,-0.700776208,-0.592759007,0.949841555,-0.874908894,-1.539445541,1.372296852,0.626473047,-1.477532842,-0.322273517,-0.241434821,-2.423623421,-1.641961104,-1.497896538,-1.18515105,-0.263705163,-0.533241663,-0.907330991,-0.389493339,-0.4167283,-0.960242619,-1.214359897,1.414736035,-1.833832246,-0.78745786,-0.272202502,1.43033517,0.212203931,-0.541972353,0.403463105,-0.388607991,0.057608313,-0.998043234,0.149453953,-0.84769794,0.73414516,0.63541213,-0.935218742,-0.190797375,-1.326140438,-0.067315707,1.551893542,-0.795179906,0.194908672,-0.046043939,-1.67504367,-0.995875211,-0.558791128,0.177811401,-1.117183674,-1.413871129,-1.341703478,0.961837547,-1.540845121,1.214319096,-0.680823431,0.674117255,0.25533965,0.036042591,-0.931150595,-1.122700084,0.534796024,-0.284354282,1.356582297,0.751038659,0.024302293,-0.473369287,0.708282068,-0.89452924,0.036331929,-0.971010944,-0.46029095,-0.473048259,-1.555423324,-0.572701028,-0.131362318,-0.599656838,-2.159350925,-0.647027245,0.000699755,0.433145124,0.681883988,0.440124151,-1.863040671,-1.581822745,-0.468404908,-1.77608299,-0.677470701,-1.300483705,-0.735428573,0.702552809,-1.055840197,-1.032262908,-0.453028525,0.136452123,-0.144679011,-0.900417383,0.716521852,0.728610845,-0.614151174,-1.687399454,-0.480619782,0.185150884,-0.46171805,-1.135380013,-0.538196821,0.301067092,-1.183843433,-1.080575926,-1.381107834,0.939030219,-1.470545914,-0.496594042,-1.014179233,-1.241328591,-0.316493154,-0.421746941,-1.605445891,-1.583282955,-1.498343865,-0.928616382,0.556869162,-1.264784944,-0.308156926,-1.046684196,-0.937259038,-0.258252728,-0.771108722,-0.498403104,-1.234088428,0.190124369,-0.128515422,0.490724952,-1.148853505,-0.394821948,1.117401331,0.173280812,-0.162048452,-1.401611065,-0.928363313,-0.681021001,-1.608438412,0.849851739,-0.870839469,-1.137249172,-0.316767653,0.127601345,-0.958154936,0.496097698,-1.202307525,-1.57987911,-1.722046857,-0.17805069,-1.133203733,0.581265448,-0.517011383,1.095741505,-0.203708639,-0.543693227,0.9103129,-0.772623382,0.623689916,-0.925836145,-1.333701911,-0.607703699,0.29334103,-0.701986129,-1.579393791,-1.417991448,-0.500380366,-0.146529793,0.098668172,-0.745915246,0.32215596,-1.578908707,0.418578747,-0.603123678,-0.240925721,-0.40241975,-0.617297868,-1.196335377,0.140978593,-0.932674211,0.304612933,0.15435066,-0.030149977,0.270637638,-0.682405084,0.054961558,-0.769812266,1.193012964,-1.746403768,-0.516005684,0.451139312,0.577062702,-0.51232675,-0.247308178,-0.326977455,-1.423788566,0.199424465,-0.18825915,-0.600021203,0.186811462,-0.72216413,-0.823028101,0.678541028,-0.216788786,-1.184823986,-0.669235361,-1.113522901,-1.54458694,0.204490663,-0.726290399,0.197210169,-1.20764621,-0.687960654,-1.140372223,-0.762711644,-1.423788566,-0.025728149,-0.472406514,-1.279055611,0.323531725,0.091575944,0.754947582,-0.041759934,0.71275371,-0.551300456,-1.110178925,-0.188500608,0.113239396,-0.236228791,1.423830965,-0.147340588,-0.787897517,0.018232768,-0.320343015,-0.704005924,-0.217907285,-0.867262501,1.111923303,-0.972596568,-0.834480357,-1.008131936,-0.986444992,-1.149484619,-0.977900214,-1.083231187,-1.04497674,-1.373180722,-0.640364995,-0.946492241,-0.193827497,0.521231297,-0.386692423,0.419630964,-0.800732391,-1.439695138,-0.717439873,-1.130412601,-1.625059293,-0.042072776,1.035494979,-1.067695186,-1.30600553,-0.424342164,0.567016903,-0.172331623,0.145225252,-1.235119533,-0.111825815,0.751840527,-0.027576768,-1.174414002,-0.134331713,-0.105582763,-0.956592029,-0.438349935,-1.692819521,-1.790959789,-0.747392195,0.124162643,-0.171975265,-0.474654428,0.117071672,0.107328578,-0.020304753,-0.446912298,-1.320881223,-0.976571663,0.403463105,-0.275621758,-0.425412746,-0.135247149,-0.781978394,-0.394228476,-0.105805059,-0.71396232,-0.734594371,-1.118406916,-1.209990877,-0.602210186,1.417356887,-0.346159002,0.452157836,-1.328025453,-0.524248644,0.042388767,1.018775115,-0.6361999,1.132208238,-0.407968238,-0.046358124,-0.610277703,-0.359106469,-0.647600366,-0.280640258,0.265129668,-0.639985632,-0.650662569,-1.023319305,-1.993630885,-0.016942721,-1.199316993,-1.252463014,0.508021696,-1.035074268,-1.56303154,-0.788557365,-1.531551374,-0.670603216,-0.040613683,-0.00040008,-0.518018094,0.243416656,-0.463147188,-0.402569305,0.220580269,-0.370484139,-0.038117322,-0.52661631,-0.599839003,-1.104429174,0.016266973,-0.60495317,-1.044692447,-0.079476202,-0.367302647,0.32995102,-0.203218383,-0.086865933,-1.507784259,-0.451927983,0.31481074,0.34344785,-1.518683549,-0.928363313,-0.205917771,-0.616186139,-0.399731576,0.257660913,1.194376911,-0.552863635,-0.918543267,0.431132855,-0.206409352,-0.446599652,-0.779794987,-1.073529508,-0.343617705,-0.113616727,0.428790933,-0.731888009,-0.242836185,0.450948223,-0.480781502,0.362070363,0.028587457,0.15956457,-0.063472423,-0.393487131,1.048300968,-0.417790758,0.049075838,0.280204183,-0.442699795,1.002651898,-0.47868117,-0.662811981,-0.029634805,-0.878754128,0.30733763,-0.796953349,-1.136937403,-0.516340805,-0.410527903,0.507961526,0.87200441,-0.361543921,0.544937153,-0.424189317,-0.369326062,1.5257954,-0.120361357,0.278464723,-0.791642427,-1.539445541,-0.671190013,-0.388460509,0.046501834,1.260901192,-0.349415642,-1.093624747,-0.869884359,-1.580364665,-0.249615872,-1.310445049,-1.944910649,-1.600478171,-1.432966769,-1.095417398,-0.123863987,-0.044369948,0.198522936,-0.687761708,-0.896978421,-0.562469857,-0.719696516,-1.355571189,-0.386545223,1.676890932,-0.008233805,0.594431208,0.764118094,-0.464578373,-0.326561511,-1.039023497,1.181481767,0.288256907,0.631058988,0.467938999,-0.718670138,0.075571187,-0.659325632,-0.874189556,-0.077529203,-0.069886128,-1.837594006,0.850065456,-0.810130536,0.239882667,0.221462139,0.501683966,1.163275802,0.747067023,-0.860856025,0.704433253,-1.274395269,-0.576253429,0.611123345,1.549454335,-1.722606611,0.184984674,-2.049494465,-1.816462082,-0.412338677,0.173196719,-1.124545671,0.026252371,-1.192373669,-1.497449411,-1.581822745,-1.224856015,-1.566378423,-0.590410103,-1.787369121,-0.713758135,-1.705398304,-1.525096764,-0.314984755,-1.112914073,0.12892078,-0.223893833,-1.077633882,-0.876589365,1.564900692,0.908137585,1.126259881,-0.324761081,0.348894757,-1.037611267,-0.685575915,-1.719252778,-1.476656801,-1.085597352,-1.286630038,-1.461449035,-0.835632829,-0.398092354,-1.444347293,-0.59293992,-0.71070034,-1.051537881,-0.337292573,-0.656622406,-0.888918785,-0.795179906,-1.070608092,-1.337885222,-0.199549103,-0.629796865,-0.290887203,-0.562820919,1.345472367,-0.520202786,0.868737802,1.01181907,-0.538882222,-0.886974678,0.071389996,0.454826538,0.993140656,-0.260456086,-0.843505062,0.010742097,0.853350932,0.636947131,1.369987118,1.56917826,0.737546768,-0.809905741,1.254932043,-1.62964062,0.080473384,-0.183081846,-0.126357189,-0.825993094,-0.394080163,1.181512448,1.223716606,-0.336032333,-0.154784214,-1.701005106,0.588175478,-1.097812609,0.947362951,0.459132249,0.985816795,-0.474493695,0.341601914,-1.223835433,-0.933691247,-0.208870892,-0.499720844,0.120623442,-0.087193212,-0.740029167,-0.196988594,1.558860152,-1.105334834,-0.697556889,0.312179544,-0.01065658,0.781936143,-0.912049738,-0.388460509,-0.632240246,1.106514319,-0.735637232,-1.009228728,0.054677561,-0.483210457,0.060342229,0.873675464,0.383764681,-0.500380366,-0.144332371,-0.49446027,0.357254776,1.379118677,0.615023464,0.210260926,-0.64207391,-1.151380354,-0.266573109,0.568320648,-0.749505914,-0.358676947,-1.215033752,0.225381046,-0.763998922,-1.34822816,-1.429619486,-0.376440429,-0.398241263,0.287507057,0.161183038,-0.812606621,0.131642109,0.569170001,-0.26175445,-1.087969129,-1.171828351,0.488150475,-1.368454443,-0.621198681,-0.812832024,-1.021373508,-1.566378423,-0.901155844,-0.932420114,-1.054978252,-0.340801595,0.345077958,-0.556346139,-0.709276563,-0.867262501,-0.576075509,-0.084251552,-1.351313392,-0.46505589,0.352134652,-0.685774426,-1.016387348,0.550834488,-1.786175091,-0.575541939,0.074921927,0.780883295,-0.579461416,-0.309655053,0.299363577,-1.299382989,-1.170538028,0.363948428,-1.097213268,-1.510950966,-0.807436327,-1.546932707,0.873049146,-1.013903561,-0.699970406,-0.166763218,0.129535921,-1.430455257,0.281638849,-1.358290165,-0.133074354,-1.693907069,-0.784166579,-1.677181565,-0.473529839,0.020880478,-2.019664338,-1.115046595,-1.576970722,-0.793188535,-0.482238167,-1.426283369,0.015085637,-0.708260818,0.261132737,-0.960503887,0.718668718,-0.719080563,0.638690995,-2.521985658,-0.434327653,-1.951928221,-1.851509474,-1.300483705,-1.905824426,0.308880784,-0.991822795,-1.812778837,-1.463607464,-0.915541013,-1.377532856,0.127073083,-1.845793358,-0.224269185,-1.69936262,-1.741256487,0.240747685,0.504948387,1.162494344,0.173533051,1.611296185,-1.973281346,-1.332564039,-2.022683208,-1.21976349,-0.613412213,0.091393428,1.539809125,-1.173120341,0.168391651,-0.749082813,-1.348613294,0.801283839,-1.930332119,-1.085301275,-1.202640359,-0.520707624,-0.444881841,-0.141794006,-0.434945413,0.150056596,-0.639606414,0.220820856,-0.817803785,-1.120857898,-1.448595387,-1.053830146,-0.717849793,-1.658103084,-0.084686808,-0.331842968,-0.850268936,-1.481924592,-1.544118446,0.422125549,0.182738137,1.400271228,-0.621198681,0.77126496,-0.01065658,0.669622636,-0.596383512,-1.766676689,-1.115046595,-0.850268936,-1.202973304,0.052117954,-0.594207233,-0.245644817,-1.26940061,-1.705948813,-2.139616265,1.416241438,-0.163696093,-0.107251191,-1.591597994,-1.777856564,0.523603636,-0.350834888,-0.920800887,1.492611919,-1.691733155,-0.429860265,0.596250743,-0.824167443,-0.374693449,-0.848164903,1.0248581,-1.727658544,-0.101479169,-0.312658059,-2.131155977,-0.904856354,-0.251028755,-0.832869124,0.090571698,-1.631683521,-0.570044983,-0.05921936,-0.752472647,-0.579461416,0.768996493,-0.835402228,0.395078015,0.809328935,0.139761942,-0.579818495,-0.672364641,-1.038740892,0.685165411,-0.872034641,0.320342855,-1.693363147,0.04305949,0.105620482,-1.049536451,0.1194705,0.000499875,-1.299382989,0.737594595,-0.251671635,-0.923567141,0.517185358,-0.628671161,-1.025826619,0.624172166,-0.639416858,-1.02945943,-1.50237884,0.722123289,-1.693907069,0.879875679,-0.393190747,-1.266202881,-1.22894879,-0.096070469,-0.163460549,0.078626321,-1.593564563,-0.654888468,0.188717724,-0.697556889,-0.442855497,1.623892933,-0.234078116,0.152892746,0.630846154,0.04382548,-1.648178741,-0.690351093,-0.513997315,-0.332958417,-0.67766761,0.186230573,-0.085340047,-1.116878098,-2.100460909,-1.784386715,0.131379078,-0.274568433,-0.135247149,-1.059583902,-0.670603216,-0.286349627,-1.390302383,-1.884532869,-0.551994901,-0.605869173,-0.282097694,-2.073061935,-0.722575991,-2.086667587,-1.850872734,0.766537038,-1.142250746,-0.267226064,-0.310473161,-0.480943249,-0.892086043,-1.409767717,-0.279978488,-0.713758135,-2.101278236,0.798677682,-0.556695057,-0.231805962,1.128429957,0.330238562,0.021565778,-1.871452238,-0.28568407,0.442568196,-0.455864066,0.208151734,-1.043556083,-1.085005285,-0.112832808,0.280128617,0.024009453,-1.396344697,1.624385637,-0.499226488,-0.053506268,-0.394376811,-1.532476871,0.312618558,-2.285727976,-1.193362625,-1.445619827,0.059117605,-1.128865332,0.710987099,-1.289893867,-0.282495546,-1.072067733,-0.504015532,-1.637837387,-2.043302495,0.508262341,0.918687857,-1.154547921,0.037681067,-1.433805344,0.631005784,0.411910956,-0.029016949,0.933226509,-0.397199364,-0.134903763,-1.442653095,-0.966006324,0.241062052,0.798587693,-0.713145827,-0.523742016,-0.721135217,-0.320894207,-0.527124397,-0.864647499,-0.789437841,-1.179280192,-0.576609364,-0.22652426,-0.149196306,-1.184497028,-1.00103196,-1.452861605,-0.300024596,-0.798507696,-1.237874356,-0.726703964,0.685870772,-0.275358323,0.194085424,0.491398126,-0.681613945,-0.851908473,0.045642358,-0.572878348,-1.283376827,0.091575944,-0.2338254,-0.700373226,-0.855901432,0.227055888,-1.376740148,1.192952301,0.016463726,1.224863075,-0.877310432,-1.439695138,-0.550433078,-0.602210186,-1.30933332,-0.349273829,0.596581213,-0.13547614,-0.77479117,-0.221020806,-1.281934346,-0.655273528,-1.20764621,-1.292439786,-1.173120341,-0.214555534,-1.10292156,-0.591854929,-0.399284249,0.119647962,-0.829654425,-1.440539376,-0.504346658,-1.08975166,-1.066241909,-1.12639467,-1.098412309,-1.779040697,-0.690550555,-0.830801346,0.187309098,-0.075801713,-0.176617854,-1.215370849,-0.947007705,-0.363124268,-0.791863154,0.286155909,0.222423292,-1.308963018,-1.098412309,-1.039588948,-0.616927155,-0.33086797,-0.56651453,-0.469843642,-1.480165577,-1.311558015,-1.438430116,-0.205794913,0.060436369,-1.323883101,-1.067113622,-1.489878677,1.188300635,-1.436745905,-1.547872557,-1.237529588,-1.133514341,-0.987786734,-1.092133323,-0.963120319,-0.729603718,-0.347856796,-0.473048259,-0.558266698,-0.30151058,-1.576970722,-1.205307027,-0.326977455,-1.196997191,-1.391105918,-1.672910335,-1.167640875,-0.525431776,-0.403467105,1.524903465,-0.651813317,-1.143191332,-1.6321949,-0.652581219,-0.446443365,-1.028340236,-0.332121714,-1.475344178,0.013804281,0.101201881,-0.13090627,0.584893595,-0.926341068,-0.052030408,-1.231001477,-1.488548595,-0.696753676,0.796786215,-1.253863574,-0.573587946,-0.570752572,-1.333701911,-0.814862939,0.01350835,0.023814178,-1.354408172,-1.404051083,-1.051251717,-1.610939039,-0.967584026,-0.097392346,-1.860466667,-1.371997056,-1.45328923,-0.091457611,1.588990277,-1.406088988,-0.26266431,0.21317402,0.717547067,-0.927604492,-1.328402883,-0.638658995,-1.673443242,-1.163791015,-1.496555755,-1.608438412,1.135104925,0.024790169,-1.353633579,-1.550697417,-0.40706639,-1.104429174,-0.486133011,-1.876663976,0.145398203,-1.64506509,0.372252974,-0.790760009,-0.544382407,0.149281703,-1.16315081,0.088194011,-1.812166279,0.245687516,-0.380528623,-0.058795047,-1.247924692,-0.727531607,-0.847931394,-0.881647788,0.541044402,-0.35982275,-0.009242581,0.168307145,-0.998857456,-0.638280279,-0.884549846,-0.24041688,0.319108063,0.688637025,-1.427533109,0.136626598,-0.704208128,-0.678455632,-0.628671161,-0.710496819,-1.965398826,-0.4547604,-1.520054351,-1.764338874,-0.303405033,-0.142716302,-0.985372893,-0.661260992,0.510545585,-0.484021421,-0.353252237,-0.88213088,-1.066241909,-0.287282152,-2.123602438,-2.282782466,-0.721135217,-1.015558734,-1.775492497,-0.267618041,-2.021172634,-1.303424883,-0.586447562,-1.222476276,-0.578926037,-0.814185509,0.224902004,-0.087957279,0.286531411,-1.574553511,-1.270825111,0.22617894,-0.4272507,0.454826538,0.468752847,0.13993584,1.204832435,-1.680397001,0.042388767,-0.695149183,-1.721487416,-1.124545671,-1.937941979,-0.844202656,0.281865187,-0.820980552,-2.115275995,0.39386475,-0.898942094,-1.245142081,-1.47359669,-1.147277461,0.986861025,0.165514439,-0.249487527,-0.234457311,-0.805644212,-0.082403826,-2.191938573,-1.379120157,-2.212744389,-0.982163476,0.03237038,-0.244622583,-0.479004011,-0.256829609,-0.032729825,-0.798729943,-0.892818376,0.686323955,-1.547402522,-0.636010989,-0.005917474,1.125870712,0.236572972,-1.110178925,0.950962653,-0.690351093,0.012916225,-1.095716486,-0.741497442,-1.144446825,-1.379517377,0.457741253,-0.822572728,-0.018978967,-1.666537505,-1.391507928,-1.95828642,-0.710496819,1.010254551,-1.636295367,-1.051537881,-0.436955775,0.828158727,-0.822345119,-0.176737179,-0.090909875,-0.168063685,-0.751200112,-0.963906586,-0.972067747,-1.187443502,1.623222467,0.15469339,0.775326067,-0.498403104,-1.261601917,-0.382579004,-0.973919845,-0.393931872,0.541742726,0.236967558,0.415547443,-1.434644622,-0.136965855,-0.38287226,-1.132893223,-1.53433044,-1.13103218,0.194085424,-1.500583508,"EWS"
"14",0.005982072,-1.657578288,-0.843505062,-2.268183666,-1.209320411,0.51903186,1.773272975,-1.218071729,-0.303675962,0.507419831,1.59137577,0.461593362,2.249205413,-1.791559489,0.123455804,0.969300552,-0.173758326,-0.007226045,-2.08828049,-0.650854268,-0.013389237,1.572151328,-0.438349935,0.724015804,1.160020917,1.233055765,-1.647659125,-0.037286585,-0.94160854,-1.093923299,-1.190727578,-1.002938539,0.584503503,1.019821575,0.280355297,-0.1537341,0.461467298,-0.869407146,-0.473529839,-1.763172012,1.212060015,0.499623109,-2.178599113,-0.62064049,0.694146681,-0.072893326,0.935387228,1.651865018,1.692859521,-0.925583779,-0.343476711,-0.502196297,-1.407722309,-1.705948813,0.395886042,-0.762711644,0.968503603,-2.237734121,0.273228116,0.216320326,0.96401366,2.258695899,-1.475781528,0.795748894,-0.335193055,0.961990411,-0.083381609,1.467459516,-0.546452801,-1.370027389,0.340606536,-0.01136433,-1.431291727,-1.344384958,-1.105334834,0.631431339,0.077331343,-0.813508537,-0.779794987,-0.327809864,-0.895998029,-1.273322883,2.198490443,-0.414758155,1.217461423,-0.625862434,1.399333975,-1.496555755,-1.413871129,0.182821432,-2.005447862,-0.950623411,-1.552585101,1.067568718,-0.503684516,-0.995875211,0.13706265,-0.991822795,-1.043272194,-1.658103084,-1.650259907,-1.239945465,-0.826450028,-0.709479835,-1.440961763,-0.325591646,1.441800021,0.409324318,-0.435099913,-1.54458694,-2.20183519,-1.404865747,-0.562118918,0.659021466,-1.295722663,-1.256670593,-1.802416049,-0.243346259,-0.270628318,-0.592035679,-0.576965426,-0.949589017,-1.123007446,1.655347742,-1.624044065,-0.6314878,-1.190069899,0.416207205,-0.845832268,-0.897223669,-0.493476985,-1.261955087,0.605681155,-0.805868051,0.881906305,-0.276808076,-1.115351613,0.348471387,-0.552689828,-0.341082849,-0.21121498,-0.913295223,-2.763034509,0.973351363,-1.787369121,1.691441773,-2.554900022,1.406121498,-0.07192574,-1.284821392,1.674719907,-0.176140698,-0.028811082,-1.788564578,-1.296088093,-1.246184653,0.676357011,-0.450201002,-0.171025597,-1.383498274,-0.150357882,-0.927351679,-0.833559334,-1.242367192,-1.067986095,-0.570929548,-0.013794711,-1.287354413,-1.240636789,0.342312293,0.420682074,-1.204306193,-1.552112846,-1.536187451,-1.149484619,-0.328781883,-1.722046857,-0.295445463,0.026739297,1.232851764,0.207176758,-0.868215109,-1.359457707,-1.684161459,-1.325763861,-0.163931692,-1.118406916,-1.210997419,0.339325306,-1.528318861,-1.423788566,-0.119346758,-1.616462527,0.052782185,-1.446044366,-0.970219074,-1.599487582,-0.476907406,-1.420057991,-0.379943571,-0.376586149,1.27870915,-1.911895271,-1.069441911,-0.367591456,-0.310064023,0.328007944,-1.173120341,0.105350516,-0.919796871,-0.561592741,0.841696488,-0.953733027,1.291324124,1.667669084,0.927744882,-0.544899604,1.194437487,-0.26266431,-0.278656261,0.10399959,-0.590049223,-0.926088574,-1.187115687,-1.538047916,0.283297474,-1.564942673,0.525497464,-1.870153537,0.110915061,-2.333044301,1.823403475,-1.42129997,-0.192493112,-0.115410852,-1.32275634,-1.420471813,-0.463783017,-1.172474137,-0.570044983,1.128818131,-1.766091723,-1.807279281,-1.047824122,0.36672428,0.512284559,1.031474838,-0.434018916,-1.465770563,0.416405048,-0.926088574,1.100177729,-0.402120707,-0.071496002,-0.914292729,0.071855437,-0.84769794,-1.910543005,-1.839480205,-1.494770838,1.293904912,-0.67648674,-0.448320418,-1.715910157,-1.328025453,0.436252928,0.614590868,-1.072652187,-2.416874239,-1.271538124,-1.861752841,0.470128621,0.85828019,-1.33408149,-0.886974678,1.336578769,-1.158043872,0.134618302,-0.598018836,-0.569691377,-1.161871628,-2.159350925,-0.517682411,-1.192044234,1.28945301,-2.023439352,1.744999742,-1.852784171,-0.923063616,-1.097812609,-0.63073592,2.120415525,0.097489621,-0.632993258,-1.320881223,-0.323240168,0.744077909,-0.048035449,-1.63989712,-1.355183366,0.337114887,0.484153052,0.77528001,-0.052241112,-0.703601639,-0.876829663,-1.445619827,0.674728595,0.619016131,-0.29410264,-2.123602438,-1.990698332,-1.343618087,0.180987334,-1.173766962,-0.453028525,0.363670419,0.004888034,-1.32275634,1.058415099,-1.284460055,-1.473160294,-1.95970486,-1.511857584,-1.573105983,1.413106677,-0.370918764,-0.674129175,1.691073197,2.233170704,1.745209294,0.022348404,-1.857899272,1.740816991,-0.326145739,0.594651934,-0.684187439,-1.651823629,-0.180922536,-0.996145957,-1.010601411,0.628448647,0.342028202,-1.303424883,0.312691708,-0.207147178,2.254654559,1.047459335,0.645898328,0.926874525,-0.523404406,-1.612944052,0.444749922,-1.36963392,1.876238476,0.116359801,-1.187771425,-0.419614744,-1.630150954,0.507720809,0.17454137,0.26174869,-0.819844834,-1.238564249,-0.480619782,-1.293897512,-1.906497147,1.428970635,-1.270468796,-0.572169254,-1.493434237,-1.757358043,-0.176737179,-1.364532869,-1.787966671,-2.206366235,-2.599644327,0.115647424,-1.114741671,-1.293168383,-1.545055654,-1.983404354,0.182988001,-2.493745599,-2.092324168,-1.998045904,-1.629130546,-1.674509909,-1.159318164,0.077701508,-1.297917251,-2.096384262,-1.037611267,-0.539739634,-2.574393816,-1.222136775,-0.369615455,-1.379517377,-2.429282746,-0.848398466,-0.639037855,-0.918292735,-1.140685065,-1.550226053,-1.583770166,-0.919295241,-0.972596568,0.952043902,0.762719884,-0.407366915,-1.812166279,-1.462311848,-1.68848112,-1.131962268,1.048861663,-0.742757681,-2.257611727,-0.768733168,0.435606265,0.50119944,0.138891999,1.060633471,-0.376877651,0.003693172,0.011137744,0.040469933,-1.702650294,-2.080241862,-1.648178741,-0.367302647,-0.581069277,-0.95010608,-0.597473431,0.991806284,-0.868453403,-1.973281346,-1.418817553,-2.638057829,-0.558266698,-0.042803122,-0.688159639,-1.95970486,-2.191043718,-1.884532869,-0.450514777,-1.105636904,-1.400393286,0.093672476,-1.029739424,-1.108056748,-0.67766761,-1.541779264,-0.957633695,-1.623536837,0.465242312,-1.759679576,-1.087969129,0.572221713,0.887891257,0.712851764,0.745502411,0.928891014,-1.215033752,-0.963906586,0.231667122,-2.010662026,-2.368724896,1.918876584,1.796166411,1.339883863,-0.070315174,-1.039588948,-1.425451076,0.954934356,0.478467708,0.530275248,-1.033105487,0.404397872,-1.626075554,-0.527971783,0.693697029,0.109392377,-1.855338451,-1.612944052,-1.582795982,-0.671972945,-0.744229971,0.042484612,-1.893792195,-0.670994376,-1.511404172,-1.197328262,-0.877550904,-1.532014016,-1.633218441,-1.321630848,-0.756513056,-2.215490386,-0.113168698,-0.299889616,-0.736054682,-1.886509806,-1.685779146,-0.056041391,-0.917791858,-1.710363831,-0.652965391,-1.869504818,1.321249045,-0.902387827,-1.422128814,-0.691548459,-0.730226189,-1.13227249,-0.378920553,-0.600750331,-0.722575991,-0.823939471,-1.152962883,1.459730679,-0.813734144,1.524533405,0.138630868,-1.524178069,-1.047253996,-0.86654864,0.767047988,0.346705413,-1.700457311,-0.101368494,-1.526936691,-0.247308178,-1.646620704,-0.798729943,-1.295357366,-0.135705182,-0.517682411,1.239011709,0.946548319,1.943636137,1.929098188,-1.323883101,-1.401611065,1.018522358,1.465590636,0.170164627,1.281683564,-1.282655326,0.371425616,-0.861092571,1.356479276,-0.638280279,-1.49209942,-0.478035801,0.043346805,-1.342086107,-1.621510494,-1.977607236,-2.649309706,-2.61866664,-1.03423003,-1.257022025,0.930982281,-0.868453403,-2.409057338,-0.908074577,0.571657283,-0.390231728,-0.177214619,-0.489553489,0.089017696,-1.328025453,0.691345559,0.146089706,-0.383165601,-2.446455463,-1.538513574,-0.775225292,-1.901797574,-2.316684017,-1.458435039,-1.405273328,-0.576787379,0.343164082,-1.632706539,-1.468372472,-2.479322272,0.126456424,-0.648365038,-0.878754128,-1.073236982,-1.87993516,-0.724431471,-0.027679569,-0.621384814,-1.265493661,1.077320553,-0.376003398,0.150744887,-2.855970331,0.692697079,-1.08915713,-1.971125398,0.068872864,-1.255968099,-1.562077341,0.414887247,-2.258568208,-1.422958346,-1.968258013,0.107418397,-1.89645354,-1.757358043,-0.311291938,-0.583754804,-1.409358301,0.71525108,-2.03714863,0.808482779,-0.425718837,-1.976884953,-0.158292579,-1.559220196,-1.406905315,0.398306211,-0.742967876,-2.147292209,-1.220440997,0.335614726,-2.638057829,-0.378190466,-2.62554898,-1.4929891,0.90729035,-2.283763339,0.077146209,-1.004029646,0.332535928,-0.053400777,0.093308177,-1.055552799,-2.417995945,-1.486335715,-0.925079238,0.496402103,-3.11903049,0.91027266,-0.59402609,1.385694181,0.035367144,-0.657008134,-2.125276078,-2.029509173,-0.285151943,-2.502256288,-0.701784374,-0.484183693,-1.242020872,-2.301585593,-1.196335377,-1.429619486,-1.327648166,-2.384880336,-1.282655326,0.797867491,-1.869504818,-0.739819589,-1.999521919,1.573064342,0.003992021,-0.13834295,1.061325704,-0.863698282,-0.813734144,0.147643842,-1.320881223,-1.15169666,-1.701005106,0.043729763,-2.185691342,-1.289893867,-1.139434283,-0.736472305,-1.133203733,-0.68458395,-2.044846897,-0.733136189,-2.179482896,-0.940583424,-1.591597994,-1.633218441,-0.780667778,-1.780226233,-1.456287733,-1.301585633,-0.241562137,-2.347582459,-1.804236991,-2.549765222,-1.782601531,-1.432966769,-0.604038006,-1.472288074,-1.078515587,-1.658103084,-1.435904862,-1.551640814,-0.653734178,-0.663782572,-1.54975491,-2.015903521,-0.82052611,-2.15158222,-2.006934851,-0.976837232,-1.867561183,-2.089896,-1.233401615,-2.183913563,1.268355063,-2.175071773,-0.400477567,-2.278868566,-0.12284583,-0.930389656,-2.554900022,1.389613846,-1.102018082,-1.055265484,-1.386294361,0.293490173,-2.266253164,-1.72878467,-0.364563117,1.036949628,-0.199793303,-2.087473713,-1.717580071,-1.512311202,-2.002480501,-0.282097694,-0.497415937,-0.430013981,-0.665726585,-2.850766503,-1.39472984,-2.067512971,-1.427950036,-2.025711219,-0.028605257,-0.827135821,-0.825764705,-1.1858055,-1.790360448,-0.981629573,-0.448007331,-0.640175296,-1.629130546,-1.990698332,0.357394685,-0.342912934,0.630313871,-2.368724896,-1.618478657,-2.018911042,-0.572878348,-2.501036032,-1.77608299,-2.640858952,0.112167297,-0.687960654,-1.799993274,-1.683622811,-1.692276191,0.050027494,-1.267622831,-1.937247776,-1.720369473,-1.381505844,-0.647218249,-0.580175702,0.540112544,-1.659679129,-1.000487891,-2.028748427,-2.382711138,-2.260483917,-2.281802554,-0.962072925,-2.074653025,-0.426484475,-1.667596827,-1.894456868,-1.696631124,-1.087079053,0.516410002,-0.288615842,-1.133825044,-2.540842282,-0.117658044,1.058310992,-0.343476711,-0.191766016,-1.190727578,-2.013653801,-0.831949583,-1.879280067,-0.651237778,-2.431555474,-1.315276874,-0.52306691,-1.49209942,-1.637323116,-2.557477343,-2.45457145,-0.269711187,0.250914348,-0.866786537,-0.025728149,-0.071281202,-0.678061543,1.624720536,-0.583217121,-1.174414002,0.106340036,2.313970038,-1.570698084,-0.774574179,-0.284753033,0.435800308,1.40856942,0.228966565,-2.320749064,-0.838635487,-0.814862939,-2.179482896,-1.198322133,-0.469523744,-0.752472647,-0.957112726,-1.761424269,1.844193779,-0.592759007,-2.462753845,-1.72878467,-1.662311402,-2.24243117,-2.009915479,-0.256441837,-1.773134005,0.434894452,-0.32670014,-1.043556083,0.403863827,0.428790933,-0.164638822,-1.465770563,-2.102914898,0.657157243,-0.085557888,-0.381260419,-0.04019719,-1.003756758,0.246391218,-1.113522901,1.242019752,-1.27833722,-1.190398684,-0.521212717,-0.01136433,-1.682546384,0.510185419,-0.58788667,-0.314984755,-1.061316504,-1.188755839,0.87158621,-2.093946228,-0.99398204,-0.790760009,0.781981894,0.024302293,-0.241944181,0.198686911,-0.827135821,1.907302962,-1.569256123,-2.063568193,-0.703197516,-0.197719499,0.240826286,-0.47320876,-0.051503843,-0.94032731,-0.806315879,-0.612673796,-0.870123051,-1.477532842,-0.39705061,0.458942682,1.625901639,-1.399987688,-0.30870144,-1.606941032,1.473366153,-1.279055611,-0.584472164,-0.286882392,-0.58411342,-0.354106816,1.281655807,0.391366184,-0.499720844,-1.830084584,-0.24538916,-0.594932133,-1.949817774,-1.464904762,-2.602339747,-2.234926445,-1.942117351,-0.015418253,-1.491210531,-2.07544952,0.219456764,1.237562307,-1.152646177,-1.240291067,0.89052154,-0.381992752,-1.628620732,-1.03423003,-1.789162843,0.091575944,-2.149006005,0.526738342,0.14461969,-1.165393322,-2.236797353,-1.809719795,-0.498897053,-1.987044692,0.330526021,0.127161146,0.934366379,-2.624168717,-1.437166692,-0.239654103,0.582941613,-0.511826124,1.161993891,0.447821924,-1.917322692,-0.984301943,0.27277146,-0.508495008,-0.980029573,-0.905598102,-0.394376811,-0.404215889,-1.093923299,0.808660977,-0.587526699,-1.184497028,-2.077044417,-0.509659637,-1.302320927,-0.591493527,-1.519597208,1.186012479,-0.805420423,-0.821207851,2.260157644,-0.586267819,-0.003606496,-0.159230226,-0.451613764,0.595920165,-0.374838915,-0.493804639,0.462853125,0.591889349,1.157761313,-1.125469743,-0.942378067,-0.662811981,-1.767847649,-1.723727059,-2.810082927,-1.767847649,-0.01959065,0.126456424,-0.90090963,0.079180798,-1.450726221,2.175569569,-0.103473409,0.252236226,-0.721135217,-1.777265023,-1.537582475,-0.272465107,-1.063341675,-0.889162065,-0.707043286,-0.175306222,-0.217782945,-1.535722875,-0.892818376,0.505310443,-0.123071998,-0.442544116,0.463041953,-0.490532921,-0.462511764,-0.294236841,-1.188755839,0.195813464,-0.026138658,-0.345876317,-0.593301846,0.288032011,-0.899925378,-0.608254714,-0.911800827,0.491642804,-0.899187824,-1.049822125,-1.218071729,-2.271086426,0.187309098,1.256840359,0.132343187,-0.668454568,-0.615815838,-0.83171983,0.178815418,0.390486825,0.711723566,0.67151488,-0.821890057,0.962792566,-0.215547475,0.580314372,-0.099157572,0.678439552,-0.921805913,-0.65027928,0.36109516,-1.01252634,-0.889405403,-0.827135821,1.213368526,-1.33142746,-0.051925073,-1.788564578,0.375967637,-1.536652243,-0.616927155,-0.959459227,-0.476424197,-1.284098849,-1.947711771,0.559158541,1.185706996,0.67742422,0.577680211,-0.155718575,0.002297359,0.124780717,-1.388697246,0.911358589,-1.007036345,1.312163312,0.416339105,0.190455057,-1.857899272,-1.2772606,0.676407857,0.694745902,-1.907170321,0.287281992,0.729430893,-0.008032172,-1.301953213,-0.442388462,-0.093212382,0.74545496,-0.107473858,1.06808435,-1.425867136,-1.189741222,0.11064652,1.103102194,-0.896243037,-1.449021191,-0.818710404,-1.120857898,-1.510950966,0.206851555,-0.549913013,-0.037182791,-1.600478171,-0.461876742,-0.328504067,0.226418184,-0.098495247,-1.690105816,1.631355948,-1.627092848,-1.077340153,-0.782415648,1.099112164,1.695945829,-0.856136809,-0.995333939,0.051738195,-0.486133011,-1.239599982,-0.739400565,-1.403237082,-0.317179543,0.511025604,-0.075478141,-1.081165375,-1.039588948,-0.57234648,1.276005052,-1.25281297,-1.206643033,-0.6923475,-1.909192566,-1.638351923,-0.687960654,1.128365247,-0.443166975,-0.819164021,-0.394228476,0.644377016,1.05803332,0.648254412,-0.665532014,-0.473369287,0.432171951,-0.612489278,0.442696665,-0.547316732,-0.42098492,-1.570217199,1.057165099,0.413234845,-1.257373581,-2.481711759,-1.286630038,-1.537117251,-0.43139849,-1.198653643,-1.712578671,0.658400444,-1.525096764,0.085627086,-0.909811766,0.7073459,-1.848329821,-1.939331834,0.923306067,0.790319262,0.912884939,0.700668822,-2.003963081,-0.372659156,0.87771621,-1.685779146,-1.227241431,-1.241328591,-0.768948894,-0.131704491,-1.59405681,-1.705948813,-0.184403723,-0.505009238,0.028587457,-0.652581219,0.854500431,1.109057547,-0.050346374,-1.210661793,0.252857681,-1.501032039,-0.749082813,0.631165388,-1.430455257,0.926201458,-1.680933914,-1.084709384,-1.349769586,0.379600142,-1.10021357,-0.686966322,1.599347172,-0.939559359,0.250758718,0.511865083,-1.088859997,-1.803022662,-1.28518286,-0.939303506,1.533269357,-0.332400537,-0.698762919,0.170248976,-1.333322476,0.105170498,-1.1141321,-0.000700245,-0.745282935,0.28442678,-0.045415864,1.469163839,-0.606419177,-0.87803202,2.049845364,-0.808109199,-0.351118978,-1.15327969,-1.216382824,-0.127378929,-1.067695186,0.435800308,-0.505009238,-1.446469084,-0.262924421,-1.145075163,-1.045830103,-1.057278425,-1.325763861,-1.784982485,-1.967542449,-1.429201862,-1.753308283,-1.417578651,-1.457575563,1.660986174,-0.784823969,-1.637837387,0.518853316,-0.460766424,1.09115119,-0.804749357,-0.596383512,-0.991014278,0.484153052,-0.497251504,-0.450985623,-0.912049738,-1.177980224,0.464111304,-1.029739424,-0.319103943,0.684055981,-0.891842052,-0.984301943,0.06241126,0.054393484,-1.32425897,0.03411153,-1.465770563,-1.529702944,-1.211669011,0.336400806,1.513499535,0.254642218,-1.407722309,-1.176357637,0.537603865,0.129799438,1.556838502,-1.648178741,-1.182863841,-0.161695739,-0.646836278,-0.307612708,-0.839792761,0.13076507,-1.227241431,-0.205303633,0.2268965,0.371563556,0.216884001,-0.078502228,-0.839792761,-0.066674133,-1.203639527,-1.033386504,-1.204639693,-0.6806259,-1.77608299,0.200652514,-0.909066887,-1.268689119,-1.419644341,-0.073754189,-1.062762636,-0.000300045,-1.323507373,-1.078515587,0.317798971,-1.226218413,0.340891031,-0.442699795,-0.044160896,-1.348613294,0.132167964,0.207420591,-1.543650172,-0.594932133,0.789774674,-0.651046005,0.970589505,-1.051251717,-1.095716486,0.380557472,-1.341320996,-0.084033996,-0.523742016,-0.658552536,0.775556317,-0.329476762,-0.261364764,-0.737935363,-0.349557476,-1.035074268,-1.811554097,-0.613966383,-0.357103607,0.510905621,0.487106537,0.378093911,-0.066032971,0.838545383,-0.808109199,0.414755155,-1.349769586,-1.807888851,0.014593002,-0.707043286,-1.410587054,-0.463624022,1.49117226,-0.982163476,0.387233247,-0.794294363,0.476420497,-0.490369615,-0.603123678,-1.106241316,0.596581213,-0.528141346,-0.969164222,0.157687276,0.111809675,-0.138802403,-1.065951506,-0.929882685,-1.92346396,-2.076246651,-0.468564665,0.138369669,0.009058845,-0.284885985,-0.472566912,1.759959157,-0.529159331,-0.584651584,-1.205307027,-0.892330094,0.191859261,-0.72815279,-0.98564081,-0.759500681,-0.904115156,-1.079103822,0.235388278,-0.429399258,-1.081755172,-0.428477882,-0.628108784,-0.332958417,1.630788361,-0.030768534,-1.224515706,-0.540254435,-1.491654877,-0.083599024,0.506456091,0.21333561,0.864449919,-0.94032731,0.041333864,-0.847931394,-1.05641524,-1.322005871,-1.13103218,0.639377137,-1.302320927,-1.616462527,-1.019708691,-2.064355904,-0.941864983,-1.174414002,-1.172474137,-0.3315643,-0.622502341,-1.232372279,-1.069441911,-1.464904762,-0.684187439,-1.059583902,0.472687524,-0.918543267,0.934091357,-0.843737539,-1.329914028,0.286155909,-1.007036345,0.092579181,-0.769812266,-0.517179098,-0.158644093,-0.378774493,0.488580015,-0.043220703,-1.28699216,-0.909563411,-0.131476363,0.357954125,-0.098605604,-0.656236827,-1.787966671,-0.701380986,0.771311202,-1.430037284,-0.541800428,-0.814411268,-0.841183259,-0.068707198,0.539413081,0.465367901,-0.145603974,-1.479726306,0.000899595,0.681631125,-0.423883694,0.421535288,-1.019154367,-0.129539371,-1.580850456,-0.242581245,-0.242963679,-0.561768103,-0.103473409,-0.727531607,-0.141909246,0.349529476,0.094764576,-0.392746336,-0.228910146,-0.159816702,-0.558791128,-0.290486,0.66808575,-1.187443502,-0.441610555,-0.361974677,-0.95503156,0.311740338,-1.591597994,-0.430321484,-1.114741671,-1.072067733,0.224183011,-0.793851885,1.246428663,1.169536627,-0.617854197,-0.709276563,-0.854490331,0.52087496,-0.455548608,-0.706840508,0.222423292,0.269721747,-1.587676421,0.146867076,-0.083599024,-0.049715592,0.187889361,-0.719491156,-1.210326278,-1.236151703,-0.902634405,-1.4554301,-1.467070671,-1.490766383,-1.489878677,-1.557794679,-0.839098236,-0.327532317,-0.824623543,-1.201642189,-0.496922719,-1.207311706,-0.482562159,-0.481428647,-1.311558015,-0.28103753,0.589230067,0.153836345,-0.322135501,0.183071276,-0.475780282,-0.513161684,-0.969691509,1.484441422,-0.227026079,0.087278008,-0.068278841,-0.927351679,-0.233446444,-0.694748462,-1.39070407,-0.633746837,0.300178664,-1.723166678,0.514857485,-0.701582659,-1.204639693,0.681378197,0.66346087,1.441705416,0.681833421,0.90494663,1.079633322,-1.758518135,-0.861092571,-0.95503156,-1.088265997,-1.169249368,-1.368454443,-2.071473372,-2.311625838,-0.376440429,-1.111697528,-1.56589961,-0.186329578,-1.638866723,-1.773134005,-1.685239626,-1.223155624,-1.87470639,-0.926846246,-0.155484903,-1.030860187,-1.993630885,-1.460586966,-0.492167442,0.573349617,0.147988878,0.189710855,-1.876663976,-0.265790126,1.10856262,1.394882378,1.514181731,-0.914043259,0.409324318,-0.99912901,-0.220521991,-1.416341283,-1.295357366,0.341601914,-0.652005237,0.561214509,-0.885519073,-0.033039854,-2.065933192,-0.130678324,0.830732844,-1.8426318,0.509044038,-1.178955041,-0.28103753,-1.47490702,-1.010601411,-2.505926017,0.982902103,-0.613966383,0.604807649,-0.48694635,1.424625255,-1.284098849,1.274244857,1.471806698,1.700447951,-0.686767574,-0.282362911,0.381172416,0.985966037,0.490724952,-1.002120989,-0.697356025,0.896006389,-0.728359936,2.044293524,0.969945236,0.051548262,-1.311186889,1.285949026,-1.286268047,1.561947903,-0.765287858,-0.382725621,0.052402679,0.053540767,-0.295848662,0.638796586,0.065413139,0.129887261,-0.610461814,1.689172881,-1.33484108,1.461448215,-0.000900405,-0.212450922,-1.022762976,-0.253602759,-0.76507292,-0.804749357,1.148830005,-0.321169917,-0.289951312,-0.731888009,-0.081752502,-0.298945265,-0.7271177,-1.11871296,-1.113218441,0.352486183,-0.770892529,0.786409811,-1.329914028,0.390554495,0.777074641,0.042580448,-1.229290612,-0.434327653,-0.570221834,-0.442077227,0.037488444,1.083498651,0.03411153,-0.535289096,-0.931658209,-0.949330586,0.128393215,0.844493933,-0.758005753,0.023618866,-1.148853505,-1.184823986,-0.4405225,-0.111602177,-1.363750397,-0.330728762,-0.846997905,0.187392014,-0.682602967,-0.957112726,-0.918543267,-0.904115156,-1.275110832,-0.092883128,0.784312418,-1.188755839,-0.465215113,0.089109175,-0.139836945,-1.352472813,-1.109268869,-0.392894451,-1.142564176,-1.654435278,-1.355571189,-0.924574952,-1.114436839,-1.272965676,-1.140372223,0.191529038,-0.230545881,-0.428017513,1.106811913,-0.825993094,-0.699165253,0.153579088,-0.406765954,-0.294236841,-0.399582445,-0.011060947,-1.009777575,-0.339396508,-0.326422901,-1.11932533,-0.702187925,-0.244367188,-1.439273286,-1.326894018,-1.011700917,0.297508633,-0.360539545,0.094036642,-1.160913315,-1.079692404,-1.152013065,0.234202179,-1.823869523,0.300919076,-0.055195636,-1.779040697,0.237440856,-0.183562326,-1.587187304,-0.13375999,-0.685575915,-0.697757793,-1.237529588,-1.365707728,-1.709258248,-0.305846043,1.664796931,-2.383795148,-0.793851885,-1.787966671,-1.03563749,-1.445619827,-1.170215708,-0.865597618,-0.374111801,-0.183562326,0.4152174,-0.829425199,-1.091835304,0.071110628,-2.497384171,-1.149484619,-1.493879572,-0.822572728,-1.815847265,-0.570929548,1.136485941,0.213497174,-1.767261998,-1.98195192,-0.943661929,-1.87993516,1.43615538,-1.278696351,-0.213564577,-0.910060182,-2.009915479,0.171934464,0.469378434,1.309035276,-1.279774518,0.737977133,-0.805868051,-1.234775714,-1.6533898,-1.145075163,-0.116309122,-0.775442423,0.790999581,-1.134757735,0.23285623,-0.799174585,-0.083490311,-0.124769887,-0.219525106,-0.83609419,-0.985105048,-0.48191428,0.083605584,-0.766793721,-0.574475651,-0.553385238,-0.706840508,-0.256183405,-0.37775267,-1.136625731,-1.798784084,0.006876304,-0.70097776,-1.956869989,0.022250609,-1.1858055,-0.846065287,-0.686767574,-1.207311706,-1.250365844,-1.110178925,-1.903808973,-0.577677931,0.833865188,0.249201086,-0.574653287,-0.214555534,-1.014454981,-1.984858899,-1.554003206,-1.162830861,0.699626147,-0.247180129,-0.244878044,-1.166355941,-1.500583508,-1.554949727,1.030476193,0.252857681,-1.008680181,-0.732928051,-1.13103218,1.429258061,-0.998585975,-0.869168625,2.230412171,-1.717023123,0.490663732,0.846254459,-0.954511945,0.005087039,-0.711514838,-0.118220631,-1.639381789,0.285780265,1.146195375,-1.606442404,-1.122700084,0.378984231,-1.121471583,0.311300938,-0.363699559,-1.757937921,-0.018367657,-0.495772821,-0.711514838,0.168814073,-1.840739651,-0.432168491,0.122748465,-0.550606494,-0.8663108,0.550373207,-1.799388496,0.840575315,-0.255925041,0.460016423,-0.098936748,0.725711171,-0.385515433,-0.063365876,-0.395267283,-0.077313103,-0.26918749,-0.068814316,0.43857746,-0.680823431,0.009157938,-0.292627615,-0.516843696,0.539879444,-1.104127469,-0.778705069,-0.84397007,1.318791451,-1.025547718,-0.22614806,-1.197328262,-0.556171726,-0.019488677,0.683450318,-0.120474154,-0.100041354,-0.900663476,-0.691548459,0.633609468,0.719643044,-1.042988385,2.349029651,0.350093333,-0.898450814,0.051168287,-0.275094957,-1.476656801,-0.745282935,-0.282893556,-0.476102188,-1.392714929,0.551698817,-0.322963887,0.165514439,0.450757097,-1.272251645,0.246703816,1.350304423,0.341033248,0.171513358,-1.496109227,-0.656622406,-1.849600469,-1.39513331,-0.980029573,-0.212079979,-0.357818455,-1.247228313,-1.322381035,-2.067512971,-1.704298194,1.282183065,-1.177330873,-1.48236483,-1.515037237,-1.587187304,-1.281934346,-1.115961927,-1.088859997,-1.311558015,-1.999521919,1.499935498,-0.247436244,-0.62064049,0.87771621,-1.504627548,-0.302186759,-1.808498793,0.790319262,0.321793602,-1.649739209,0.96473798,-0.925583779,-0.908322562,-0.551300456,-1.857899272,0.31371525,0.473310655,1.913947603,-1.367668897,-0.27812786,-0.741287556,-1.343618087,0.554689387,-1.955455562,0.195402296,0.506877842,0.015381102,-1.163791015,0.013705647,-0.548873691,-1.122085645,-0.560190953,-2.117766656,-1.148538097,-2.328929068,-2.129472475,0.298696194,-0.955551446,1.717341193,-0.497909399,-0.01399751,0.291624292,-0.234457311,0.752971482,-1.247924692,0.067565186,-1.276185138,-1.152013065,-1.352859585,0.353399586,-1.251064412,-0.885761527,-1.520054351,-0.33086797,-1.54271428,-1.447319063,0.178229864,-1.498343865,-1.749274858,-1.096614286,-0.069993372,-1.168927463,0.016955441,-0.303811454,-0.248717802,-0.031903549,-1.433385969,-0.196623342,0.793535355,0.442439711,1.392350983,-0.256312613,-0.912298711,-1.171828351,-1.008680181,0.013014937,-1.593564563,-0.020917248,-0.734385929,-0.616741849,-1.046684196,-0.929122711,0.315175637,1.478827963,-0.644547511,0.219697621,-1.035074268,-0.717439873,0.028295869,-0.412338677,-0.953214086,0.364156884,0.503921847,-0.832409248,-1.416753569,-0.369760184,-0.95503156,-0.683791086,-0.424495034,-1.300116665,-0.784823969,-0.673148494,-1.580364665,-0.07117382,-0.635255702,-1.013627965,-0.236228791,-0.984301943,-1.169893491,-0.71539279,-1.388296364,-1.657578288,-1.36179689,-1.6533898,-0.711107506,-0.892330094,0.292744238,0.271628907,1.12336994,-1.005395207,-1.631172405,-0.930136139,-0.502361545,-0.304896053,-0.078285918,-0.881889305,-0.842575694,-0.444101992,0.00608147,-0.484345991,-1.166998202,-1.075872802,-1.399582255,-1.031982206,-1.341703478,-0.224769873,0.049932369,-1.201974802,-0.929375971,-0.94160854,-0.750776293,-1.574070769,-1.266912604,-1.415929166,-1.505528449,-0.838172953,-0.261234902,-1.543182117,0.059871397,-1.160913315,-0.014809116,-0.436491487,-0.154200681,-0.762068626,-1.547872557,-0.880441079,0.192601866,-1.174737679,-0.607520095,-1.343234872,-1.240291067,0.214708073,0.911197785,-1.186460379,-0.305303081,-0.247564326,-0.331007197,-0.802292628,-0.981896489,-0.862276144,-1.168605661,-0.827135821,0.712165186,-1.053543325,0.362348817,-1.551640814,0.432626216,-0.332121714,-0.117658044,-0.791201121,0.114756237,-0.543004522,-1.413049098,-0.55809195,-0.129880921,-1.240291067,0.053066721,-0.068064731,-1.5154923,-1.00184862,-1.192703212,-1.525556429,-1.301218189,0.260362262,-1.6321949,-0.739191119,-1.248621556,0.194579454,-1.709258248,0.010841023,-0.697958738,-0.735428573,-0.230671818,-1.252463014,-1.517314624,-0.422509543,-1.045261113,-0.980296062,-1.393923388,-1.265493661,0.646003161,0.912563796,0.739983055,0.176303485,-0.389640973,-1.310445049,-1.116878098,-1.782007178,-0.509992638,-0.043011891,0.876051901,-1.002665948,-1.477532842,-1.209320411,-1.30600553,0.332894415,-1.936554054,-0.457600863,0.709807622,0.291325427,-1.449021191,0.042580448,-1.134446742,-1.561600583,0.655289538,0.026154958,-1.207980826,-0.89452924,-0.463147188,-1.664950622,-1.48943512,-0.114177045,-1.035355839,-0.699769057,-1.33142746,-0.509826123,-1.228265497,-0.956331781,-0.459498997,-0.230545881,-0.500875293,-0.871795492,-1.499687049,-1.582309245,-0.552689828,-0.875148789,-0.880199912,-0.723812595,1.000595115,-0.790539527,-0.820980552,-0.893306896,-1.325011133,-0.697958738,-2.089087919,-1.914605299,-1.259485514,-1.38469564,-0.773489933,-0.220397326,-1.729912066,-1.033948775,-1.586698426,-0.242581245,-1.48236483,-0.423425434,0.910192173,-0.862749965,0.843590999,-1.169249368,-0.641124153,0.582103882,-1.355571189,0.064663513,0.032660782,0.192766815,-0.34418188,-1.08975166,-0.550606494,-0.599292605,-1.569256123,1.066020224,-1.280493942,-0.485320333,0.646317593,-0.043534002,-1.671313316,-0.298406036,-1.735001135,-1.281934346,-1.4867779,-2.704556312,-0.931150595,1.011128073,-0.160638346,-1.229290612,-2.061208773,-2.392509801,-2.782235099,-1.967542449,-1.801809805,-1.496555755,-0.681613945,-1.289530693,-1.088859997,-0.026138658,-0.967320903,-1.866267521,-2.033321606,0.678845396,-2.38705425,-0.587706668,-2.106196279,0.268805017,-1.575519694,-2.187472286,1.057304065,-1.755620423,-0.203340924,-2.040220829,-1.349384007,-2.442997247,-1.504177402,-2.487710577,-2.081844426,-0.948813924,-2.733368009,-0.029325829,-2.375155786,-0.476585241,1.339386175,-1.623536837,0.150658876,-0.573942933,-1.518227032,-0.835632829,0.183404304,-1.976884953,-1.047824122,-1.46793835,-0.586447562,-2.258568208,-0.730018655,1.79787407,-0.305710275,0.104720311,-1.621510494,-1.049536451,-2.538307427,-0.607703699,0.222743471,-1.950520762,-0.745915246,0.027809701,-2.254747764,-0.574120474,0.204083049,-0.207885549,-1.288079314,-1.198653643,-0.323654733,-2.440698395,"EWS"
"15",0.996874831,-1.440961763,-0.996145957,-1.518683549,-0.991283711,0.576613364,1.174832315,-0.390231728,-0.157121756,-0.384486702,1.506385841,-0.436800988,1.292889864,0.585394918,0.036813973,-0.922308804,-0.122619714,0.4158114,0.229682128,0.01133551,0.433598947,1.635359038,-0.470323681,1.485755007,0.750141692,1.710223981,0.596140563,-0.245261357,-0.768517488,-0.279184942,-0.424800844,-0.098715973,-0.009545413,0.957624595,-0.077205071,0.467061806,-0.696753676,-0.173639356,-0.462670582,-1.074700469,0.852839619,0.231667122,-1.085893516,-0.880682304,-0.62064049,-0.209487225,1.250016343,0.88397413,1.420816554,-1.671313316,0.314956715,-0.372514008,0.725275494,-1.444771291,0.328512067,-0.811255269,1.391431145,-1.182211313,0.990135812,1.810728416,1.382512218,1.256612692,-1.020263322,0.654925968,-0.519361955,-0.066567244,-1.580364665,-0.645309851,-0.595476153,-1.591106956,-0.106027405,0.457931048,-1.701005106,-0.904856354,-0.204812595,0.069805874,0.97414446,-0.825764705,-1.844527535,-0.598746505,-1.010876174,-1.441807071,1.105786492,1.431219925,-0.244878044,-1.592089274,-0.272596435,0.387233247,-0.024190239,-0.615445673,0.048027969,0.050407903,-0.867976872,1.055565599,0.170923512,-0.211585603,0.270485048,-1.586209786,0.449928465,-0.854725376,-0.212945726,-0.856136809,-0.907330991,-0.10458304,-0.834710745,-1.040154719,0.604097364,0.550257853,-0.995875211,-1.263015345,-1.267622831,0.267810943,-0.746547957,0.628928608,-0.062088192,0.137324191,-1.138497222,0.669366652,0.368870278,-0.018571386,-0.147572365,-0.179964337,-1.352859585,0.298325233,-0.13868752,-0.162989629,0.658038003,0.317653411,-1.603455841,-0.382285835,-0.431244561,1.535188392,0.68319785,-1.162511015,0.975879523,-0.193463397,-0.162636584,0.082501222,1.059975405,0.326566191,0.566846724,-0.269449304,-0.051188037,0.271324006,0.0329511,0.769784095,-0.847931394,1.345316104,0.560757993,-0.675503745,1.057859736,1.073602126,-0.837710632,-0.951141009,-0.510159179,-0.4272507,-0.797619202,-0.696552974,0.41012092,-1.208315554,0.389335726,0.681732278,-1.064210862,0.282845395,-1.127629238,-1.084413569,-0.851674089,-0.796509694,0.089475006,-0.530518257,0.276873874,-0.768517488,-0.703601639,-1.413049098,-0.929375971,0.508021696,-1.17993081,0.3207783,0.351853339,0.982677544,0.351571946,-0.028605257,-0.606969484,-1.762006511,1.430215548,-0.910060182,-1.331048887,-1.160274949,-0.290887203,-1.255266099,-1.22758267,-0.350408902,-0.972861083,-0.597291695,-0.88213088,0.397634529,-1.438430116,-0.83034242,-0.15665381,1.410425841,-0.074831311,1.494386144,-0.428477882,-0.187535124,0.662430208,0.173196719,-0.367735891,-1.115351613,-0.738353773,-0.531879033,-0.643785751,0.44404459,-0.689752948,1.04865144,0.941022368,-0.036456537,-0.56457808,0.760431927,-0.524924548,-1.353246507,-0.018062143,-0.169484308,-0.213936071,-1.501929705,-1.183516796,-0.614336,-0.355960913,-0.726290399,-1.751001477,0.2038384,-0.821890057,-0.498897053,-1.764338874,-0.968637212,0.658452211,-0.902881045,-0.135819723,-0.403766552,0.433922981,-0.681811671,0.663100259,-1.091537375,-1.385095081,-0.204567166,0.6824906,1.619170398,-0.624927942,0.444749922,-0.050451544,0.8603551,-0.4144554,1.061291104,0.255184707,0.85271175,-1.103222901,1.240921708,0.560815069,-1.748125432,-1.357901287,0.675543135,1.488286711,-0.201259758,0.216320326,-0.455075609,-0.565105831,1.490406598,-0.46808547,-0.023780529,-0.747392195,-0.516843696,-1.093624747,-0.649704623,0.671054934,0.260285182,-0.838172953,1.417405356,-0.516005684,0.35634489,-0.672952473,0.280355297,1.112745279,0.027323296,-0.048035449,-1.130102956,0.539996001,0.237992754,1.493263582,-1.012251123,0.117071672,-1.244447637,-0.394228476,1.342107336,-0.265920581,-0.312931507,0.233489843,0.468565095,1.015158213,0.382196481,-0.969955257,-0.667089646,0.078441426,0.913687346,-1.739546598,0.02849027,0.090297638,0.17479329,-1.293168383,-0.338133616,0.350445582,-0.102032726,-0.886489241,-1.341703478,-1.774902352,-0.646454453,-0.552863635,0.080196542,0.318817301,0.291250697,0.003792798,-0.023882941,0.285930539,-1.031701583,-1.085597352,-0.652005237,-1.000487891,1.020975019,-1.15486523,-1.210661793,1.352504872,1.414930408,1.642001903,-1.228607085,-0.579282924,1.493465736,-0.596746686,0.569679267,-0.117883041,0.384445741,-1.08975166,0.555320864,0.778544756,-0.090034123,-0.008838949,0.204572166,0.405131719,0.301806847,1.453789445,0.50766062,0.058268908,-0.334354481,-0.483048343,0.160416721,0.338541523,-0.183322057,0.9960257,-0.820071874,-1.348998576,-0.549739717,-0.659325632,0.292445708,-0.026652031,-0.34658318,-1.372391456,-0.224769873,-0.292761618,-0.021427947,-1.275110832,0.693647056,0.774358436,0.545111102,0.700023485,-0.228407381,-0.046567636,-0.286482792,0.074736346,-1.422128814,-0.338273859,0.247172529,-0.032729825,-1.129793406,-0.841647189,-0.996687669,0.168222632,-0.506335719,-0.714166548,-0.802069588,-0.652389188,-0.711514838,-0.297732408,-0.533071233,-0.433093275,-0.393931872,-0.363987329,-0.727324632,-1.33408149,0.308293196,0.015282624,-1.109268869,-0.897468978,-0.302322049,0.14988445,1.225215571,-0.356389271,-0.272990524,-0.264225996,0.773666698,-0.412338677,-0.855430844,-0.14989309,-0.978166136,-1.624044065,0.377202798,-1.828216006,-0.731888009,-0.340098805,0.980541712,-1.411817318,0.006677655,-0.180203801,1.153163603,-0.06166266,-0.132046781,0.686726613,-0.14329317,0.691495818,0.092123289,-0.700373226,-1.162511015,-0.761640177,1.453555734,-0.86441011,-0.172688108,-0.603489309,1.173688839,0.020096702,-1.552112846,-1.968258013,-0.045729852,-1.423373369,-0.887946259,-1.123007446,-1.718137329,-1.440961763,-1.5945493,-0.2125746,-0.687761708,-0.43912531,0.601744357,-0.429860265,-1.354408172,-0.148036079,-1.706499625,-0.466968241,-0.708057793,0.047741996,0.279675102,-0.885276678,0.86655412,0.256268802,0.830819986,0.656171944,0.822683102,-1.088265997,-0.186811622,0.550949775,-0.019998647,0.056569352,0.743745233,1.511251601,0.14418692,0.328224028,0.315832116,-0.327532317,-0.557218663,0.615617978,0.03758476,-0.4405225,-0.117433097,0.176638774,-0.146298258,0.293191866,0.375555578,-1.250016743,-0.598564538,-0.21121498,-0.388460509,0.256114003,-0.7271177,-0.231301739,-0.766363243,-0.432014443,-0.341223506,-0.314710745,-1.900458886,-0.463942038,-0.558616288,-0.590410103,-1.982677873,-0.304082494,-0.216292076,-0.482886255,-0.719901918,-1.463175406,-0.085775777,-1.350541191,-1.540378377,0.39285257,-1.64092858,-0.716415808,0.859254664,-1.228607085,-1.002665948,-0.357961486,-0.800287056,-0.069886128,-0.48824907,-1.086486109,-0.750352654,-0.02891401,0.130062884,-0.289817685,-0.302998777,0.155977582,0.559958586,-0.517011383,-1.054978252,-0.555474375,0.235309248,-1.308963018,0.189131649,-0.702591639,-0.13857265,-1.329914028,-1.623536837,-0.950623411,-0.647791479,-1.140998005,1.216750817,0.169827159,1.0758212,1.212268301,-1.413460029,-1.851509474,0.544705175,1.207795489,-0.028605257,0.521231297,-0.872991808,0.592995299,-1.080575926,1.056365669,-0.753534331,-1.348613294,-1.056990614,-0.412036654,-1.883874758,-1.099612789,-0.835863483,-1.384296359,0.2469382,-0.658359355,-0.096951526,0.737881512,-0.490532921,-1.53991185,1.541608649,1.117662999,-0.245133569,-0.024600117,0.286831711,-0.598382604,1.117237753,0.64306368,-0.11272087,-0.835402228,0.351149708,-1.856618042,0.075478461,-1.210326278,-0.142947009,1.165990524,-0.917041013,0.23515117,0.220660471,-1.158043872,-0.559840813,-2.21183073,0.603878713,-0.669821355,-1.159955919,-0.556869562,-0.201749055,0.816514595,0.537077995,0.00468899,0.340891031,0.288781468,0.215595134,-0.14363945,-1.516403047,0.762533308,-0.510492346,-0.293566016,0.675085038,-0.291288568,-1.030579878,-0.053084371,-0.806987997,-0.035419945,-0.655851396,-0.736681183,-0.084469157,-1.16443163,0.329303747,0.803569862,-1.393117587,0.349247428,-1.663366255,0.601086715,-0.765287858,-1.818308805,0.576781889,-0.752260445,-1.217395825,-0.589147591,-1.199316993,-0.58411342,0.029850022,-0.83609419,0.45691839,-1.021373508,-1.689563957,0.373905639,0.447054808,-1.805452796,-0.48824907,-1.220440997,0.65300204,-0.880923588,0.183820433,-0.721135217,-0.856136809,-1.08975166,0.744837896,0.359351359,-0.821207851,0.200243331,-0.6361999,0.929680685,-0.314984755,0.514439087,-0.850502991,-0.662424008,-1.157725553,-0.406765954,-1.430873405,-0.150590359,-0.544727175,-0.24538916,-0.586267819,-0.173163619,0.227454247,-0.38389933,-0.935728426,-0.592216462,-1.299382989,-0.31320503,-0.445506158,0.976482319,0.046788162,0.710446678,0.38580647,0.203512109,0.380899154,0.4626013,-0.447850825,-0.158409737,-0.879235824,0.273380288,-0.790980541,-0.761426021,0.30025273,-1.249667764,0.275660097,0.488948045,-0.083707749,-1.191714907,-0.031181118,-1.355571189,-0.103584316,-0.705827234,0.071203759,-1.937247776,-0.005716307,-0.335892405,0.526383963,-2.335108285,-1.523260216,0.912041718,-1.303056763,-1.417991448,0.002097798,0.346705413,0.470753348,-1.297551151,-0.251028755,0.309321248,-0.56563386,0.204490663,-0.732719956,-1.913927103,0.112256682,-0.741707371,-1.991430664,-1.26940061,-0.446599652,-0.329476762,0.245139849,0.864913223,0.999049747,0.294608033,-0.06240746,-1.690647968,-0.081752502,-0.904609227,-1.436325295,1.455797103,-0.160755779,-0.347432077,1.259937172,0.1919418,-0.593663902,-0.593301846,-0.689752948,1.520956364,-0.184163252,-0.197597644,-1.504627548,0.571431422,-0.619896719,-0.670016763,-1.253863574,-1.471416615,-0.370628993,-1.333701911,-0.547835449,-1.99289694,0.11546925,-1.0336676,-1.09481949,0.552907624,-0.179844627,-0.575008653,-1.13103218,-1.460586966,0.489499837,-1.165072655,-0.267356706,-0.426331301,-0.764428383,0.403195869,-0.737517128,-0.904856354,-1.941420244,-1.437166692,-0.479650006,-1.346689107,-0.538710827,-1.26513924,-0.580354353,-0.416121688,-0.224644677,-0.360539545,0.640906069,1.454256702,0.118849134,-0.030665414,-1.095118399,0.619877319,-0.414001439,-0.673148494,-1.233744963,-1.292439786,0.038258712,-0.616186139,-0.813057477,-0.075693844,-0.688955976,-0.584472164,-0.680033541,-0.528650209,-0.108699417,-0.087411457,-0.929629296,-0.31992982,1.021983192,-0.467766134,-0.132160904,-1.38309947,0.671821394,0.688184889,0.457994305,0.694646057,-0.041759934,-1.282655326,-0.330450404,0.378025392,-0.4405225,0.603769369,-0.67648674,0.75396002,-0.19007151,-0.356103679,-0.97127504,-0.7271177,-0.232184296,0.240826286,-0.660099327,-0.899187824,0.248967231,-0.426331301,0.477413607,-1.12639467,0.555493015,-0.624741148,1.47855444,-1.097812609,-0.147572365,0.995175847,-0.21927604,0.77394345,-0.0062193,-1.284460055,0.373423894,-0.111378588,-0.813959801,0.593271595,0.406398006,0.376585409,-0.242963679,0.053540767,0.801059438,-0.020917248,0.599989682,-0.997229674,-1.296819355,0.238780652,-0.844435295,-0.277995803,-1.558269626,0.181988168,-0.132275039,-0.543521007,-0.224769873,0.546269985,0.169236317,0.146089706,-0.710089901,0.419959554,0.308219724,0.492987466,-0.327671081,0.45152138,-0.190555362,-0.183081846,1.414736035,-1.067404362,-1.049536451,0.596581213,-0.289951312,-1.266202881,-0.054350595,0.349952398,0.509765062,-0.372368881,-0.358390701,0.585005022,-0.773489933,-0.840024376,-1.077633882,0.599770131,-0.834710745,1.025862368,-0.008637193,-0.509826123,1.35025259,-0.823483682,-1.450299691,0.650657129,-1.015006705,-0.452871231,0.234281296,-0.823255866,-0.500545314,-1.048109307,-0.128970381,-0.398688124,-0.235848924,0.509404615,0.268728585,0.934759136,-0.687165109,-0.306253458,-0.931150595,0.041525747,-0.647218249,0.02039069,0.648045207,-1.057854296,0.607752678,0.884056755,-0.297193833,-0.450671701,-1.514582381,0.067565186,-0.391710143,-0.985105048,-0.67648674,-1.260895952,-1.36963392,-0.96233467,0.236967558,-0.162989629,-0.927351679,-0.056147161,-0.098715973,-0.35982275,-1.036764885,-0.472727335,0.232380757,-0.778269434,-1.312300681,0.469253348,-0.822800389,-0.669821355,-0.451456692,-0.759928214,-0.841183259,-1.069441911,-1.633218441,-0.491513313,-0.057311367,0.858449732,-0.406165353,1.085155484,-1.354795694,0.079734968,0.23791393,-0.071710848,0.096854441,1.157069858,-0.133302847,-1.260543156,-0.160168752,0.524255044,-0.104250021,-0.362693016,-0.347715203,-0.508495008,-1.850236399,0.00019998,-0.758432647,0.077053629,-1.387094681,-1.570698084,-0.284354282,-0.352113933,-0.694347901,-0.007125325,0.268193396,0.089383561,-0.852611955,-0.582142623,-0.276939976,-0.105471633,-1.163470861,0.617992507,-0.045101974,1.313401036,-0.257734996,-0.020610954,0.313422916,0.127953364,0.582439059,-0.711311151,-0.374548006,-1.100814712,0.036042591,0.500472212,-1.181885208,0.393257565,1.485370169,-0.211462047,0.061471322,-0.998857456,1.173626993,0.154779054,-0.321583624,-0.729188952,-1.115961927,-0.536314387,-0.445974651,-1.5154923,-1.259837937,-0.949330586,-0.778922958,-0.756939314,-0.925079238,-0.412640792,-0.404815319,-0.705017353,-0.582858827,-0.998043234,-0.273647684,0.146003294,-0.843272639,-0.491186409,-0.46140074,0.093308177,0.287732071,0.307631748,-1.782601531,0.390960422,-0.035005609,-1.621004549,0.184901559,-0.352540645,-0.668649709,-0.059431584,-0.805196684,0.490296333,0.759964354,-0.011060947,-0.894284652,-0.731888009,-0.582858827,-0.68299885,-0.474815186,-0.400776119,-0.537511889,-0.499556032,0.237125349,-0.577856136,0.630952577,-0.722370039,0.027906953,-0.626610657,0.832909123,0.498834011,0.098758772,-1.811554097,0.506516352,0.161523434,-0.941352163,-1.592580795,-1.30933332,-0.097723089,-0.960503887,-0.612858349,-0.59402609,0.264822778,-0.873231242,-1.128556165,0.191033497,1.362872191,-0.258382203,-0.549913013,-0.370628993,-0.617112494,1.333710761,0.666957198,0.863143088,0.299363577,-0.589688472,0.628448647,0.617884696,-0.441455046,-0.488738027,-0.487760351,0.273836666,-1.656005548,0.341672975,-1.135380013,0.453874247,-0.430629082,-0.457758903,-0.219400565,0.415151378,-0.733760863,0.996653388,-0.627546724,-2.970064527,1.267285575,-0.184644252,-0.30911002,-1.364532869,-1.420885806,-0.190676361,-1.947010755,-1.312672221,-1.053830146,-0.93623837,-1.085893516,-0.924827063,-1.895121982,-1.065951506,-0.605136303,-0.870600606,0.714957595,-1.515037237,-0.706637771,-0.893551245,0.980729248,-0.344746373,-0.475136781,-0.052978925,-1.902467591,0.047741996,-0.048245313,0.788275526,-0.015621381,-0.242071561,0.459005875,-1.184497028,-0.562645373,-1.875358493,-0.799841919,-0.78745786,-0.228658732,-0.199427025,-0.722575991,-1.902467591,-1.857258452,-1.257373581,-0.787018396,-1.143818882,-0.912298711,-0.623807703,-0.10458304,-1.10021357,-0.157238776,-0.611751542,-0.026960182,-0.622688717,-0.269711187,-1.45328923,-1.548813291,0.214869415,-0.751836177,0.339182845,0.460142669,-0.899925378,-0.921805913,0.603441268,-2.23305903,-0.405115169,-1.307483181,-0.104805114,-0.529668712,-2.065933192,0.007074914,-0.262274269,-0.717234976,-1.615959129,-1.12639467,0.196553139,0.00059982,0.609602515,0.163818085,0.400519566,-0.815766894,9.9995e-05,-1.491654877,-0.981095955,0.681428788,-0.662617976,-0.689354382,-0.003807238,-2.167180456,-0.596565083,-0.141563564,-0.015722961,-1.732170678,0.337828459,0.675899287,-1.088859997,-1.467070671,0.495549536,-0.873949891,-1.018046641,-0.957633695,-0.690750056,0.096037188,-0.618967782,-0.829196025,-1.65286747,0.826847309,-1.526016304,-0.528480559,-0.710496819,-1.446469084,-0.09376138,0.430807916,-1.904480339,-0.086647807,-1.414282398,-0.707246105,-0.011566636,-0.498567726,-0.682405084,-0.398688124,0.260824618,-0.531538665,-0.347290544,-0.646072773,-0.357246536,-0.444413858,-0.500050551,0.125839385,-0.978166136,-0.95191791,1.086134767,0.611394679,-0.086975014,-2.05494407,-1.304161532,-1.709810887,-1.24897017,0.125663018,-1.139434283,-0.891598119,-0.700373226,-0.380967637,-1.005395207,0.064569771,-1.300116665,-0.011465478,-2.003963081,-0.134446097,-0.807212137,-0.17924629,-0.365571544,0.436123629,-0.875868817,-1.04497674,-0.382139283,-0.810355382,-0.538025544,-1.075286463,-1.378326192,-1.598497972,-0.119234088,-1.043272194,-0.468884256,-0.681416258,-0.709073331,-0.158292579,-0.054033889,-0.668454568,0.038451186,-1.198985263,-0.209487225,-0.682207241,-1.370027389,-0.785043195,-1.684700397,-0.489227224,-0.763998922,-1.592580795,0.030723173,0.529568867,-0.675700267,-0.025728149,-0.879235824,-0.250001006,-0.263314716,0.530451765,-1.928954708,-0.838866835,-0.215671537,-0.875148789,-0.405265128,-0.700574696,-0.272202502,-1.551640814,-0.713758135,-0.280772664,0.027906953,-0.030768534,-0.638469619,-1.272965676,-0.171737763,-0.444257913,-1.37436579,-1.59405681,-1.246880305,-1.158043872,0.799711971,-1.035919219,-0.392302122,-1.359847191,-0.757792374,-0.796953349,-0.640744502,-1.276185138,-0.276544328,-0.515335779,-1.223495471,-0.238891908,0.318453731,0.070178835,-0.460607908,0.544357107,-0.947007705,-1.435064526,-0.28143496,0.064100925,-0.621384814,-0.019794627,-1.041003976,-0.514666323,-0.189950584,-0.196988594,-1.12639467,-0.222393832,-1.156771203,0.733809162,-0.979496808,-0.699970406,-1.252463014,-1.093923299,-1.637323116,-1.422543494,-0.907578791,-0.651429587,-0.483372597,-0.763355076,-1.97256218,-0.456021832,-0.013693327,-0.073754189,0.020292703,-1.252463014,-0.703197516,-0.589868831,-1.22587764,-1.690647968,-0.432476657,1.431052599,-0.568807906,-1.177006356,-0.08872193,-0.078718585,0.494147311,0.159649818,-0.996958635,-0.289149816,0.93413065,0.074272244,-1.593072558,-0.755448207,0.17580034,-1.327271021,-0.367013922,-0.18452398,-1.532476871,-1.211669011,-1.200312844,-0.231049723,-0.357389485,0.325988907,0.610471844,-0.617297868,-1.047539019,-0.867738691,-0.526447005,0.955511445,-0.718464989,-0.716825308,-0.547835449,-0.966531948,1.183963956,-0.917291232,-0.775442423,-0.976571663,-0.808558032,-0.940071261,0.088560177,1.384818272,-0.644547511,1.591110996,-0.726290399,-0.874908894,0.01212618,0.548641505,-0.022143365,0.155806451,-1.112914073,-0.913544506,-1.057278425,-0.213193221,-1.46015621,-1.71981097,0.062693069,-1.759679576,-1.113218441,-1.335981547,-0.05551271,-0.580175702,-1.18678798,-1.010876174,0.417986389,-1.17993081,-1.777856564,-0.512493681,-0.679836167,-0.705219762,-0.913295223,0.443531309,-1.05987246,-0.339256108,-1.155500151,-0.619339253,-0.287015628,-0.682207241,-0.628483667,-0.604038006,-1.158362293,-1.107451237,-0.288082153,0.220820856,-0.011465478,0.079365555,-0.294236841,0.294011996,-0.849099482,0.21398171,-1.405273328,0.122306124,0.296096571,-0.68458395,-1.377532856,-1.326517157,-0.562645373,-1.06479074,-0.539396581,0.521350047,0.283146804,-1.046969056,-1.084117843,-0.33128571,0.232777,-0.727738625,0.001399021,-0.325037859,-0.751412089,-1.158043872,-0.271939966,-0.517346841,-0.841183259,-0.048035449,-0.870600606,0.718668718,-0.670212209,-0.328642966,0.041717593,0.098215048,1.277455581,-0.501370465,-0.644928608,-0.684980618,-0.999944117,-0.567925216,0.303653842,-1.023875943,0.221862731,-0.770244231,-0.674521716,-0.870839469,-0.559840813,0.13496786,-1.169571378,1.03442926,0.320415442,-0.729603718,-0.021019367,-1.068568167,-0.151637175,1.012691226,-0.383459028,-0.029222859,-0.48824907,-1.049536451,0.149712273,-0.564402225,-0.587706668,0.757341893,-0.308020843,-1.308222826,0.32570014,-2.111138628,-0.699567748,-1.519597208,-0.650470906,0.648306706,0.297434364,-1.663894098,-0.884307686,-0.489879859,0.010049336,0.274216822,0.042580448,-0.859910398,-1.290257173,-0.765287858,-0.914791856,1.479124195,0.10625012,0.14384057,-0.463465052,-0.39705061,-0.829654425,0.608569204,1.573458341,0.405598433,-0.105471633,-0.169484308,-0.532900831,0.024887716,-0.192735595,-0.621384814,0.152205933,-0.225145554,-0.838866835,0.118316227,-0.935728426,0.464174171,0.276494727,-0.264225996,0.875926966,0.341459778,0.427878703,1.35387447,0.295724644,-0.621384814,0.60437061,0.422846506,0.542324291,-1.015558734,-1.189741222,-1.63989712,-0.657394011,0.689189359,-1.330292171,0.862172398,-0.139147131,-0.914791856,-1.151380354,-1.011425927,-0.89452924,-0.489553489,0.087736114,-0.990744918,-0.912049738,-1.491654877,-0.290753451,-0.321583624,0.256036595,-0.566162169,-0.608806032,-1.637323116,0.936877366,0.333109446,0.577736329,0.39548211,-0.288082153,-0.280110807,0.335543234,-1.33484108,-0.47320876,-0.278392026,-0.354962126,-0.795844579,-0.236228791,0.574926549,-1.148222789,-0.940071261,0.798542696,-0.724225136,0.359490975,-1.289893867,-0.216043814,-1.406088988,-2.130313872,-1.395536943,-0.207393241,-0.250001006,-0.395267283,-0.28941691,0.954664933,0.407330035,0.207420591,1.104395533,-0.421746941,-0.227277083,-0.307748735,0.382332944,0.164327293,-0.8663108,-1.086189769,-0.185005154,0.07612736,0.531098729,0.549045837,1.331177979,0.919924123,-0.911800827,0.814258006,-1.751001477,0.290129076,-0.262144289,0.440574819,-0.074831311,-0.527463265,0.512763744,1.306872294,-0.2749633,-0.675896827,-1.120857898,0.590671389,-1.792159549,1.316890691,0.606771965,0.79881265,-1.265848208,-0.044160896,-1.249667764,-0.717644812,-0.370339306,-0.363843433,-2.015153052,-0.439901285,-1.897119985,-0.71539279,0.661501703,-2.413516654,-0.715188311,-0.519530064,-1.273680217,0.383355823,0.444878111,-0.891598119,1.042147752,-0.204321797,-1.026384655,0.414623046,-0.559315833,-0.916540763,-0.527632742,0.516887215,-0.435872771,-0.737935363,0.223943232,-0.071603419,0.163393547,0.913486805,0.871335206,-0.365571544,-0.758219177,-1.343618087,0.448396876,0.092579181,-0.488086137,-0.557917231,-0.909563411,-0.053400777,-2.249044326,-0.068492996,-0.466808738,0.214627392,-1.60743991,0.665724595,0.25533965,-1.23031678,-0.303269596,0.530392929,0.250836536,-0.814862939,-1.690105816,0.072599692,-1.585233224,-0.255408512,-0.407667532,-1.208315554,-1.716466485,-1.682008605,-1.320506621,-0.565986035,-1.322381035,-0.341786331,0.906482791,-0.899925378,-1.604450371,0.007571266,-0.578034374,-1.692819521,-0.151171788,0.489254634,-0.654503557,-1.359457707,-0.099488899,-1.26513924,-0.071066448,-0.122280635,0.591059083,-0.556171726,-0.741287556,-0.719080563,-0.408419468,-0.86441011,-0.721958262,-0.956852344,-1.815232825,0.833430726,-1.675577715,0.41534943,0.69429652,-0.049820695,0.736685483,-0.410678675,-0.652773286,-0.186450067,-0.460607908,-0.590410103,-1.213686497,1.147275461,-1.173766962,-0.572523738,-1.251064412,-1.495662898,-0.806987997,-1.798784084,-1.088265997,-0.648747593,-1.268689119,-0.364707116,-0.850268936,-0.416576613,-0.727531607,1.539444541,0.766722868,0.684913376,-0.012983928,0.13155444,0.013212332,-1.161552088,-2.112791521,-1.216382824,0.802763627,-1.153913605,-1.404051083,-0.794294363,-0.937003774,-1.720369473,0.858746361,-0.260845419,0.831995662,-0.689752948,0.049456609,0.225221391,1.098245555,0.344227799,0.828027663,1.335211571,-1.490322432,-0.343899753,-2.811745437,-1.117183674,-0.624741148,-0.34460522,1.587417227,-0.782634347,0.256733054,0.388386767,1.55172405,1.635943515,-0.007326775,-1.030579878,-0.506501652,-0.71539279,-0.022654691,0.47094069,-0.921805913,0.157003749,0.30498157,0.430482871,-0.343194782,-0.96942783,-1.084117843,-0.793630719,-0.681021001,-1.231344001,-1.295722663,-1.167640875,0.002895803,-0.898696424,-0.773273225,-0.617854197,0.34755347,0.624065019,0.488395949,0.680669659,-0.152219213,0.752076248,-0.430629082,-1.671313316,-0.506833603,-1.501032039,-0.373385215,-0.339396508,-0.136851183,-0.157472859,-1.106543659,-0.673932962,-1.576970722,0.260362262,0.12777737,0.415151378,-0.704612659,-2.07544952,1.112021976,-0.55321134,-0.725257235,-0.284221401,-0.03853295,-0.169365846,0.908177912,-0.869645724,-0.657780037,-0.744229971,1.662163181,-0.699769057,1.109057547,0.340393111,0.521053144,-0.941095851,0.877591483,-0.679047056,0.819911981,-0.865835288,-0.544899604,-0.142947009,-0.815766894,-1.004848759,0.552907624,-0.206286434,0.367001442,0.607534825,-0.329337748,0.189297171,-1.423788566,-0.138113302,0.941373512,0.141586364,0.21640087,0.09630968,0.040565962,0.062317306,-0.371208619,0.095401085,0.871502549,0.700371026,-0.127378929,-0.01501212,0.056663847,0.665570413,-0.694748462,-0.057735051,0.329879121,-0.721752438,-0.620454495,-0.892330094,0.306013029,-1.14790758,0.52235886,-0.419158435,-0.747814582,-0.248846049,-0.077853439,-0.785043195,0.417657149,0.612966963,-1.100814712,-0.47320876,-0.300294611,-0.941352163,1.591090626,-0.914292729,-0.122958907,0.042580448,-0.264486515,-0.911551978,-0.454917992,-1.319757837,0.082961521,-0.704005924,-0.352825221,-0.592578126,-1.065951506,-1.86885652,-0.549566452,-0.181162229,1.093599747,0.060624622,0.379326451,-0.357389485,0.56815069,-1.322005871,-1.266202881,-0.834250022,0.466685631,1.430167696,-1.899790213,-0.584651584,-1.893792195,-1.374761125,0.283297474,-1.368061593,-0.1537341,0.176806376,1.156661047,-0.590049223,-1.332185036,-0.939047719,-0.834250022,-1.101115419,0.717839793,-0.17411532,-0.696954419,1.041900834,0.813416013,0.69783617,-2.258568208,0.358373501,0.566392772,0.385058298,1.011928131,-0.663782572,-0.263184601,-0.12499649,0.697786403,-0.632240246,0.592884759,1.519622608,-0.078069655,0.339752565,0.189048878,-0.819844834,0.645741058,-0.617112494,1.502609654,0.461530332,-0.437420279,-1.184497028,0.543950874,0.267810943,0.396222527,-0.342067863,-0.4405225,-1.443923474,-0.511659305,0.257119767,0.607752678,-1.25772526,0.568547212,-1.069150579,0.393257565,-0.466330384,-0.018367657,0.767094426,-1.137249172,-0.679244275,-0.384192973,-1.848964943,0.034884402,-0.496594042,-0.967847219,-1.75157768,-0.969691509,-0.851908473,0.717742227,-2.031032403,-0.322273517,-1.868208641,-1.771956842,-1.030019497,-0.717849793,-0.983766897,-1.295722663,-1.26655768,-0.591132255,-1.544118446,-0.567572358,-1.050679635,-0.258511695,-0.568984538,1.213695387,-0.813057477,-0.819164021,-1.096614286,-1.234432012,-0.535459905,-1.583282955,-1.371997056,-0.232436598,-1.676112046,-0.83378951,0.157345571,-0.695750566,1.109585199,0.001299156,0.13374387,-1.463175406,-1.109268869,-0.625488532,-1.519597208,-1.491210531,-0.484183693,0.336329369,-0.178648311,-1.381505844,-0.143754904,-1.686859059,-0.059325466,-1.798180037,-2.11943055,-0.420071261,-0.973919845,-1.332943186,-1.731605546,-0.978964326,0.97240638,-1.589145209,-0.287415441,-1.317888329,-1.619993426,-0.757152511,-1.833206659,-1.107451237,-2.244316185,-0.918793862,-0.980829253,0.316050847,-0.942378067,0.109213085,-0.591854929,-1.117795108,-1.102018082,-0.13375999,0.248421359,0.147298687,-1.557319958,-1.194352561,-1.083231187,-0.079584479,-0.664365379,-1.097812609,-0.934454703,-1.304898723,-2.244316185,-0.424800844,-1.169893491,-0.502196297,-1.870802677,-2.262403303,-1.378723096,0.915250191,-2.054163735,-1.456716825,-1.303424883,-1.855978042,-1.503277717,-0.93140437,-1.09302791,-0.677864557,-0.201137471,-0.942121492,-1.136002678,-0.486620935,-1.569256123,-1.515947569,-0.46203546,-0.940839605,-0.168300315,-2.338212271,-1.695540612,-1.397153105,-1.720928289,0.405265088,-0.810580278,-1.702101597,0.037199441,-1.10473097,-0.675896827,-2.281802554,-0.863935502,-1.187771425,-1.656005548,-1.491654877,-0.989668202,-0.022450129,-1.56398665,-0.313889165,-1.366491734,-1.172474137,-1.093624747,0.374593444,-1.516858731,-1.843895224,-0.843272639,-1.295722663,-1.514127733,-1.081165375,-1.567816238,-1.000487891,-0.340379862,-1.095417398,-1.317888329,-0.628108784,0.100840315,-0.983232138,0.38206,-1.78557861,-1.852146619,1.335316806,-0.866786537,-1.050679635,-0.203218383,0.016463726,-0.662617976,-1.497002483,-0.821435201,-1.56303154,-1.432966769,-2.147292209,-1.572623939,0.721783227,0.235388278,-0.021121497,-0.533071233,-0.528141346,0.081211255,-0.808109199,-1.818308805,-1.034511363,-0.822345119,0.06241126,-1.561600583,-1.092133323,-1.098412309,-1.164111271,0.021957167,-1.821394274,0.080381112,0.057608313,-0.059962341,-0.91030866,-0.795844579,-2.000260744,-1.14696255,-0.831030888,-1.105636904,-0.610461814,0.050978245,-1.198653643,-0.6919479,-1.430037284,-1.071483621,-0.464419251,0.260131003,-2.212744389,-1.262661801,-1.208650394,-0.395861372,-1.331806176,-1.123314901,-1.187771425,-1.126703169,-1.786175091,-2.638057829,-0.719901918,-1.241674672,-1.638351923,-1.023319305,-0.612304793,-0.294908118,-0.635633274,-0.333656205,-2.061208773,-0.043220703,-0.276676193,-1.461880348,-1.061027528,0.007372754,0.327935906,0.604097364,0.290652656,-1.428367138,-0.388460509,0.313349819,0.231984356,-0.652581219,0.329591476,0.59531382,-0.256054215,0.582718287,0.981066725,-0.87251311,-1.165393322,1.183321017,-0.110149744,-1.304898723,1.535877483,-1.222476276,-0.484183693,0.65736455,-2.122766666,1.483375699,0.163902971,-0.511492513,0.344865486,-0.088394151,-0.674129175,0.21066603,-2.260483917,-1.38469564,-0.506667614,-0.998043234,0.067097744,0.391163323,-1.47359669,-0.065392219,-0.828966904,-1.120857898,-2.365524893,-1.650780876,-1.832581464,-1.81954185,-0.757579041,-1.79275997,-0.817803785,-0.312794773,-0.820298966,-2.033321606,-0.182001608,0.119914097,-1.658103084,-1.625059293,-0.695149183,0.175296942,-1.13227249,-1.760842367,0.714223506,-1.061894706,0.247719084,-1.792159549,-0.405415109,-0.583396317,-2.557477343,-0.347432077,-1.382700826,-0.643024571,-0.109814866,-0.768733168,-2.190149664,-1.224856015,0.229841073,-2.346536981,-1.580364665,0.427617913,-0.560541216,-1.781413177,-0.531028331,-0.408419468,0.077886539,-0.424342164,0.194908672,-0.586267819,-1.793961893,1.70198063,-1.036482917,1.019099996,-0.474654428,-0.835171681,-0.905103543,-0.514331763,-1.439695138,-0.17387731,-0.351118978,-0.517346841,-2.649309706,-0.916040763,0.423370512,-0.895508193,-0.444413858,-1.035074268,0.33131611,-1.533866726,"EWS"
"16",0.722123289,-2.497384171,-0.1030299,-2.049494465,-0.926088574,0.54226615,0.776062681,0.445262578,-0.418398384,0.407995238,1.908104434,-0.626984978,1.488783258,0.744932854,0.194167779,-0.805196684,-0.48694635,0.424286862,-0.052241112,-0.023780529,0.483166616,1.8098122,-0.358104537,1.273517524,-0.137539414,1.815182984,0.494757216,0.004589452,-0.386250889,-0.111266812,-0.398241263,0.068592792,1.096376458,0.481376216,1.364866414,0.58589599,-1.034511363,-0.050451544,-0.55321134,-1.543650172,-1.238219243,1.094336494,-1.64454709,-0.675503745,-0.290084957,-0.372949516,1.760870616,0.615077525,1.061740814,-2.134531508,0.516290663,-0.530178352,0.369699752,-1.666008264,0.163223681,-0.391858105,1.452199136,-1.020540753,0.524018218,1.696807559,1.207227502,1.540430755,-0.468564665,1.289508092,-0.306796936,-0.521212717,-1.547872557,-0.734385929,-0.700776208,-1.359847191,-0.903127745,-0.37353049,-2.20909475,-0.948297528,-0.200892942,-0.563347743,1.040559357,-0.308293026,-2.046393688,-0.610093625,-0.780013114,-1.4554301,0.778039648,1.479215325,-0.982430534,-1.625059293,-0.448790233,0.567640645,-0.064538521,-0.674718045,0.059871397,-0.022552405,-1.757937921,0.756685201,-0.498732376,-0.29813653,0.073900808,-1.836966062,0.791316904,-0.438660013,0.109033761,-0.711922336,-0.531538665,0.045833416,-0.410829471,-0.972332123,0.586341176,-0.369904933,-0.921052049,-1.724848764,-1.242367192,0.03449804,-0.985105048,0.090754363,-0.690949597,-0.643214812,-0.908570609,0.478281771,0.633025557,-0.193827497,0.098668172,-0.145951056,-1.492544161,-0.198572897,0.174961202,0.250058084,0.181904803,0.395078015,-1.462743533,-0.335892405,-0.861565832,-0.517179098,1.147656389,-0.534947566,0.614049859,0.665981513,-0.441455046,-0.199671195,-1.007857925,0.451903302,0.047360571,-0.851908473,-0.878994947,0.560187053,-0.257605605,0.223303539,-1.505979204,1.759287929,0.418381333,-0.557567886,0.888837312,0.286155909,-1.053256587,-1.256319285,-1.132893223,-1.033948775,-0.67766761,-0.774357236,0.192519382,-0.992631965,-0.244111858,0.298473634,-0.365715689,0.642590457,-1.008954417,-0.749294341,-1.085005285,-0.937003774,-0.946749939,0.289305754,-0.09783336,-1.137249172,-0.522055106,-1.891137913,-1.191385689,0.865376313,-1.7567785,0.111541375,0.383764681,0.945033667,-0.364995176,-0.185606948,0.281865187,-2.395797475,-0.832869124,-1.044408235,-1.354020801,-0.707854809,-1.240636789,-1.257022025,-1.580364665,-0.583217121,-0.886974678,-0.804525769,-1.091239534,-0.02081514,-1.520511703,-1.239599982,-0.491676805,1.084885168,-0.783728559,1.296506406,-0.282230294,-0.564226401,0.545922461,0.064944689,-0.46029095,-0.91030866,-0.37164356,-0.430321484,-0.214307703,0.456981711,-0.388607991,0.532273955,0.569622694,-0.465215113,-0.654118794,1.254960552,-1.443923474,-1.056702886,0.249356958,0.187474922,-0.270628318,-1.392714929,-1.108965701,-0.17924629,-0.741707371,-0.520034563,-1.889151815,-0.759714425,-0.837248525,-0.189829672,-1.483245887,-1.388296364,1.012000832,-1.00184862,0.294310059,-1.584257614,0.140804877,-0.862276144,0.820264296,-1.329914028,-0.968110481,-0.174472442,0.538479701,1.729653543,-0.738563044,0.118138528,0.303506208,0.889083961,-1.048109307,1.014143132,-0.055829885,1.203812792,-1.398771883,-0.875148789,1.216454582,-1.32275634,-1.218071729,0.163053786,1.391356527,-0.042072776,0.369907013,-0.345452438,-1.093624747,0.853734245,-0.205058084,-0.353964335,-0.605136303,-0.465533635,-1.723727059,-0.070851741,0.535381642,0.278843124,-0.747603366,-0.15455076,-0.289951312,-0.280507869,-0.963906586,-0.63506697,0.386214329,0.036524775,-0.257993829,-1.610438413,0.286906772,-0.99398204,1.38956401,-1.293897512,-0.628108784,-0.676880208,0.376859851,1.606032119,-0.146529793,-0.407216641,0.037199441,0.540170811,0.997833852,1.169598727,-1.030019497,-1.039871794,-0.092992867,0.813194318,-1.41551722,0.408792898,-0.895508193,0.09803374,-1.415105443,-0.570929548,0.304465441,0.571939538,-1.745257636,-1.1858055,-1.061316504,-0.592216462,-0.192614346,0.356624943,0.333467728,0.480325178,0.341033248,0.269263487,-0.198572897,-0.926846246,-1.921412678,-1.028619917,-1.05641524,0.399782325,-0.269056608,-1.405273328,1.615022291,1.346305353,1.737162478,-1.033948775,0.056096739,1.702527447,-0.781541331,0.473435235,0.011434378,-0.646072773,-1.045261113,0.024107075,0.119825393,-0.000900405,0.005385472,0.003493889,0.252469317,0.94802193,1.418107901,0.552735027,-0.619525041,-0.856372242,-0.867500568,-0.149312403,-0.240925721,-0.733969175,1.149210341,-0.023370986,-1.491210531,-0.447381451,-1.311558015,0.767233724,0.190537712,-0.576787379,-1.174737679,0.023814178,-1.287354413,-0.02081514,-1.443076375,1.05337082,0.797642322,-0.248461359,-0.494952275,-0.574653287,0.198686911,0.372252974,-0.271808723,-1.522343206,-1.130102956,-0.142255048,-0.513997315,-0.602940913,-0.905103543,-1.215708061,-0.383752541,-0.988592644,-0.799174585,-0.687562802,-0.591674212,-0.446287103,-0.124656605,-0.632428446,-0.163342798,-0.939303506,-0.89452924,-0.700171796,-1.610438413,0.362627194,0.109213085,-1.10835964,-0.784823969,-0.709886505,-1.198653643,1.28848857,-0.178767879,-0.453028525,-0.346300375,1.057547209,-0.597291695,-0.202483449,-0.308020843,-1.031701583,-1.12639467,0.455334055,-2.05494407,-0.955551446,-0.030974804,0.629514915,-0.707448965,0.127601345,-0.177095238,0.451776011,-0.424342164,-0.409925039,0.630952577,-0.020508877,0.537545449,-0.682405084,-0.636577829,-1.714798428,-1.351313392,1.759924746,-0.271939966,-0.024805119,-1.197659442,-0.394228476,-0.099047154,-1.119019098,-2.323808729,0.702651868,-0.821662603,-0.589688472,-1.006762635,-0.590771114,-1.331048887,-1.111697528,0.159735058,-0.39630717,-0.760783829,1.647234535,-0.510325749,-1.190727578,0.11680478,-0.888432404,-0.621570982,-0.654888468,0.341033248,-0.11945944,-0.606052474,0.822155861,-0.302457358,0.425398446,0.703938742,0.845868268,-0.882372514,0.090206268,0.412904037,-0.645119212,-0.2338254,0.905876694,1.247204693,0.763512443,0.838631847,-0.018469516,-0.291823972,-1.15486523,1.717035923,-0.059113265,-0.721546655,-0.811255269,0.083789526,-0.707246105,0.234755867,0.037392119,-0.884065585,-0.582679728,-1.796370082,-1.330670457,0.21438531,-0.693947501,0.015774919,-0.753321904,0.200161475,-0.017858518,-0.009747352,-0.769380487,-0.116309122,-0.480296419,0.007273484,-1.995835958,-0.255925041,-0.28595024,-0.596565083,-0.874669057,-1.665479303,0.065881369,-0.889162065,-1.625567294,0.600593199,-1.144446825,-0.321859524,0.901217702,-0.707246105,-0.597291695,-0.050661915,-0.177334015,-0.090581378,-0.651237778,-1.13227249,-1.332185036,-0.515000995,1.609657888,-1.37436579,-1.158043872,0.494574283,0.91944575,-0.970482961,-1.100814712,-0.312111386,0.511025604,-0.309382499,0.513302554,-0.002703652,0.444942199,-1.337885222,-1.415929166,-0.569337895,-0.105360516,-1.006215439,1.598296072,0.807323721,1.465452062,1.45856851,-1.856618042,-1.803629642,0.447566284,1.624149169,-0.235469201,0.925726079,-0.652005237,0.707296604,-1.382700826,1.451332757,-0.688358664,-1.377532856,-1.156453288,-0.231049723,-0.580890498,-1.004848759,-1.168605661,-0.746969987,-0.326145739,0.161012796,-0.199060881,1.524555177,-0.326145739,-2.026469657,1.671736427,1.556859582,-0.661454734,-0.222893583,0.208232939,-0.698762919,0.919086819,0.221221706,-0.230294055,-0.961811247,0.606989984,-0.967584026,-0.173996308,-1.531551374,-0.36672528,1.451754333,-1.196997191,-0.007427516,0.421535288,-1.182537524,-0.092992867,-1.517770724,0.81854559,-0.499556032,-1.555423324,-0.467127769,-0.204076489,0.855776104,0.643851889,-0.016332655,0.464237034,-0.356103679,-0.566162169,-0.810805224,-0.58411342,0.479458788,-0.224144052,-0.69214768,0.722268994,-0.253087428,-0.163225061,0.243181445,-1.612944052,0.080565648,-0.590771114,-0.616371342,-1.079103822,-1.041853955,0.224342832,-0.020202707,-1.3108159,1.128429957,-1.447744323,1.217313421,-0.386250889,-1.241328591,-0.544727175,-0.157004749,-1.931021537,-0.863461118,-1.061894706,-0.527971783,0.350093333,0.107418397,0.405265088,-0.778487228,-1.166998202,-0.093431945,0.35942117,-1.273322883,0.159735058,-0.633181599,0.587619984,-1.37081479,-0.291422392,-0.615445673,-1.818308805,-0.684782264,0.338897864,0.160416721,-0.472727335,0.220901039,-0.730226189,0.946587126,-0.659712405,-0.254634218,-1.063052113,-0.966269102,-0.917041013,-0.880199912,-1.192373669,-0.539053645,-0.683791086,-0.305031711,-0.652389188,-0.06166266,0.085627086,-0.536827426,-0.724018844,-0.298001805,-1.418817553,-0.108030744,-0.463306108,0.828202412,-0.263965546,0.968503603,0.706112763,-0.683592968,0.309174448,0.686525304,-0.291957867,-0.491186409,-0.667089646,0.054677561,-0.542144307,-0.881647788,-0.377023435,-0.492494667,-0.196745078,0.313569093,0.149970527,-1.433805344,-0.453500557,-0.236355445,-0.358104537,-0.877070019,0.024302293,-1.320132159,-0.557567886,-0.905598102,1.094637734,-0.940071261,-1.585233224,0.75165191,-0.3137523,-0.657780037,-0.256571077,0.214627392,0.25487475,-1.00184862,0.433728573,0.099754833,-0.213069466,0.500593453,-0.696753676,-1.241674672,0.113328685,-1.115961927,-1.774312556,-0.611567194,-0.463783017,-0.276939976,0.256887757,0.635676953,0.472375813,1.052812648,0.441282601,-1.671845373,-0.31320503,-0.399135184,-1.534794369,1.64064584,-0.244239515,-0.63412384,0.042676274,-1.036201029,-0.658552536,-0.972861083,-0.107028573,1.603319231,0.374112031,0.224582516,-1.437587656,0.752076248,-0.625301634,-0.539225098,-0.98564081,-0.814637078,0.59603037,-0.849800991,0.38811547,-1.7567785,-0.017858518,-1.00103196,-0.133302847,0.532919741,-0.498567726,-0.861565832,-1.524637311,-0.889162065,0.099754833,-0.413698913,-0.003907625,-0.717644812,-0.985105048,0.075385727,-0.63544447,-1.101115419,-1.536652243,-1.31378767,0.023814178,-1.268333564,-0.374111801,-1.300116665,0.176638774,-0.023268627,0.543312175,-1.149169012,-0.197719499,1.272201384,0.235388278,0.146521653,-0.891354247,0.350516017,-1.018877321,-0.336452237,-0.492985706,-2.018911042,-0.053295297,-1.38309947,-0.670603216,0.566619774,-0.121264088,-0.704005924,-0.13056437,-0.04103035,-0.258641204,0.175213018,-0.87803202,-0.235216133,0.865334223,-0.249102591,-0.139377017,-1.885191414,0.645741058,0.427748316,0.097398906,0.689139159,0.216722984,-0.832639159,-0.876349125,0.472687524,-0.557742544,0.45266671,-0.562820919,0.753771802,-0.111490376,-0.697958738,-0.864647499,-0.696753676,-0.378190466,0.01093994,0.014593002,0.428139425,0.454953441,0.497132297,0.361513221,-0.30164578,-1.789761467,-0.674521716,0.70626082,-0.830113036,-0.084904507,0.856370862,-0.410075721,0.007868958,-0.398539148,-1.745257636,-0.560541216,0.074829141,-0.558616288,0.218251605,0.693297169,0.06363186,-0.483696956,-0.014910613,0.690593924,-0.102697398,0.246469377,-0.758859724,-1.063052113,-0.273384768,-1.468372472,-0.222893583,-0.5730557,-0.045206593,0.267045598,-0.997500787,0.258587912,0.098758772,-0.611382879,0.028684634,-1.219086442,-0.550433078,0.357884213,-0.487434671,-0.458075058,0.101021114,0.007472015,0.106070264,1.655977928,-1.438008797,-0.876349125,1.137865053,-0.45082865,-0.998314567,0.044112575,0.52241817,0.08764451,-0.313341819,-0.267095439,0.38206,-0.840487769,-1.128247094,-1.706499625,0.143407463,-0.726703964,-0.107473858,-0.276939976,-0.885276678,0.975427188,-1.07382212,-1.556845462,1.116091959,-1.086486109,-0.829425199,-0.00080032,-1.019708691,-0.538882222,-0.385368406,-0.678652734,-0.619339253,-0.966531948,0.453429535,-0.324346057,1.003898598,-0.225772003,-0.408569923,-0.753534331,-0.52306691,-0.426331301,-0.240035419,-0.08077631,-1.749274858,0.082501222,1.137833002,-0.131704491,-0.272990524,-1.656005548,0.287882053,-0.606602579,-1.10714862,-0.904115156,-1.196997191,-1.054404034,-0.973655049,0.109661254,-0.122393648,-0.638658995,-0.003305457,-0.296790092,-0.001300846,-1.847695102,-1.117489344,0.38369655,-1.494770838,-0.973125669,-0.018469516,-0.91030866,-0.63544447,0.667265111,-0.04950542,-1.058430499,-1.099612789,-2.055725015,0.144706221,-0.745282935,0.328440065,-0.628108784,0.674015328,-2.11943055,-1.399987688,0.610145934,0.035367144,0.039413002,1.491194771,0.788230062,-1.204639693,-0.287282152,-0.185245828,-0.327393573,-0.423883694,-0.283291724,-0.585369588,-0.624180976,-0.347149031,-0.575364145,0.328871999,-0.716006475,-1.915963073,0.775418173,-0.648173815,-0.14618251,-0.749082813,-0.127492521,0.613237797,-0.723606388,-0.248589573,0.192519382,-0.390970662,-0.171619034,0.128481162,0.129799438,0.250291683,-0.991553216,-0.591493527,0.227613546,-0.231679882,-0.348990261,-0.369760184,-0.086865933,-0.52087596,-0.239781193,0.406198173,-0.778705069,0.67722103,1.847225711,-0.654118794,-0.950623411,-1.189741222,0.596085468,-0.645500527,0.336615084,-1.631683521,-1.08146023,-0.731264503,-0.91130319,-1.535258514,-0.871556401,-1.357901287,-0.103695236,-0.86441011,-1.052396865,-0.554081132,-0.751836177,-0.616741849,-0.269449304,-1.435484605,-1.123007446,0.189710855,-0.998585975,0.012620031,-0.506667614,0.209450224,0.153235976,0.384854154,-0.69174816,0.898167494,-0.388313049,-0.695750566,-0.282495546,0.01064316,-0.322273517,0.039028387,-0.982163476,-0.497415937,0.403863827,-1.021929064,-0.356817811,-0.157824085,-0.567219624,-0.222518747,0.010346292,-0.525939262,-0.569691377,-0.055724149,-0.333516609,-0.510492346,0.573744083,-0.350125013,-0.425718837,-1.15486523,1.434536756,0.405198406,-0.084251552,-1.885191414,0.425855798,0.129184458,-0.688756832,-1.662311402,-1.397153105,0.433858183,-0.07364654,-0.42556578,0.10399959,0.408460617,-0.41581852,-1.717023123,-0.419919065,1.585370604,0.07278567,-0.922811949,-0.056464537,-0.827822084,1.275139312,1.036027414,0.679403163,-0.267487365,0.702305118,0.864660539,-0.686767574,-0.43186042,-0.598018836,-0.185968198,0.532156495,-0.992092445,0.208720031,-0.721340915,-0.042072776,0.834169198,-0.386545223,0.14202026,-0.202728367,-0.008132983,0.794891164,-0.844435295,-1.661257661,1.547902876,0.474369087,-0.908074577,-1.47797115,-0.88116493,0.007372754,-1.179280192,-1.238909374,-0.89452924,-0.776746204,-0.942378067,-1.281213885,-1.311929279,-0.767439785,-1.049822125,-0.690151672,0.58911911,-2.181252808,-1.205974807,-1.715354138,0.809996447,-0.50766396,-1.365707728,-0.047510983,-1.954043132,-0.555474375,-0.351829559,-0.538539462,-0.06240746,-0.0438474,-0.018163971,-1.998783639,-0.861565832,-1.361406646,-0.628483667,-0.920047781,0.05902334,-0.684782264,-0.805196684,-0.93828075,-1.313415716,-0.741917345,-0.364707116,-1.232029402,-0.855901432,-0.915541013,0.197866768,-1.212004976,-0.110596421,-0.613412213,0.213093216,-0.536143432,-0.448946887,-1.613445934,-1.682546384,-0.507830115,-0.378628454,0.763186171,0.483598302,-1.314904365,-0.594569617,0.165683916,-2.27789248,-0.556869562,-0.97127504,-0.894773888,-0.987518241,-1.897119985,-0.799841919,-0.370773868,-0.839792761,-1.325011133,-0.802292628,-0.250900228,-0.22589734,0.126368299,-0.013591954,-0.122958907,-0.721958262,-0.633369977,-1.941420244,-0.944947441,1.20330258,-0.595476153,-0.769380487,-0.562820919,-1.583770166,-0.982697664,-0.461083532,-0.340098805,-0.878994947,0.674270125,0.950382932,-0.56651453,-2.333044301,-0.127947014,-0.125676608,-1.160913315,-1.466203744,-0.643405089,-0.158878505,-1.414282398,-1.567816238,-2.033321606,0.779370747,-1.337123317,-0.220521991,-1.312300681,-1.54928399,-0.662617976,-0.473690417,-1.793961893,-0.679836167,-1.611439915,-0.942891414,-1.385494681,-0.941864983,-0.845832268,-1.322005871,-1.163470861,-0.502692124,-0.84629836,-0.552168587,-0.391562203,-0.489227224,-1.205640861,-0.208131794,-1.927579192,-0.591674212,1.122068365,0.191694163,-0.006319929,-1.863040671,-1.458435039,0.240669078,-1.199648833,0.524373436,-0.734594371,-0.443946095,-0.122958907,-0.097171912,-1.71981097,-0.131134268,-0.794294363,0.273304205,-2.80016549,-0.371933625,-1.175061461,0.601963475,-0.745072253,0.980841753,-1.069441911,-0.655273528,0.150400801,-0.752684893,-0.18224156,-1.483245887,-1.475781528,-0.603489309,0.088834714,-1.041853955,-0.888432404,-0.407216641,-0.874429278,-1.084117843,-0.74675895,-0.819164021,0.299808252,-1.529702944,0.65300204,0.660262353,-0.314026048,-0.899433615,-0.653541926,-0.748448496,-0.222268934,-0.895753081,-0.04845522,0.039413002,-0.961288098,-0.314984755,-0.568984538,-0.277071893,-1.199648833,0.909064687,-2.47693848,-0.740238788,-0.545244551,-0.637712474,-0.587166857,0.021761492,-0.731472295,-1.405273328,0.45767798,-0.539568093,-0.52661631,0.069432775,-0.670603216,-1.229632551,0.377682727,-0.549739717,-1.589635285,-0.013186562,-1.780226233,-1.6321949,0.022934971,-1.220102186,-0.961549638,-2.045619993,-0.067422676,-0.566867015,-0.895018597,-1.680397001,-0.547143886,-0.450201002,-0.923315347,0.306969861,-0.703601639,0.312545402,-0.225020311,0.849381403,-0.876349125,-1.541312083,-0.119234088,0.148333795,0.11439954,0.839971085,-0.203586052,-0.097943644,-0.355960913,0.75235904,-1.065370955,-0.223018559,-0.176498544,1.392897512,-0.824623543,-0.764643182,-0.924070919,-1.891800823,-0.169958298,-0.642644198,-0.805196684,-1.270112607,-0.559140901,-0.691548459,-2.096384262,-0.686966322,-0.562996496,0.270408744,0.108764715,-0.767439785,-2.204551353,-1.154547921,-1.886509806,-1.926892143,-0.858021824,0.489622416,-1.090346544,-1.156135475,-0.438194933,-0.662424008,0.16109792,1.119917055,-1.242020872,-0.386398045,1.342917021,-0.02644665,-2.229334631,-0.081426999,-0.549739717,-1.289530693,-0.775659602,0.034594645,-1.179280192,-0.918042265,-0.469843642,-0.699567748,-0.398688124,0.18015254,-0.083816486,-1.210661793,-1.177330873,-1.575519694,-0.623061573,-0.140182031,-0.134903763,-0.464260155,-0.750140902,-1.456287733,-0.232941394,-0.348140042,-0.9331826,-0.987786734,-0.901894852,-1.044692447,-0.760142049,1.225656015,-0.71355399,-0.012477522,-1.325763861,-0.813508537,-0.237876551,0.505913579,-1.363750397,0.190537712,-0.271939966,-0.431244561,-0.487109097,-0.491186409,-0.825308084,-0.801623657,-0.082295243,-1.197328262,-0.708260818,-0.734594371,-0.277995803,-0.189829672,-0.854725376,-1.354408172,0.925329757,-1.235463471,-1.211333159,-1.048965349,-1.143191332,-1.171182982,-0.016027761,0.302619945,-0.623994322,-0.120135801,-0.616927155,-1.372391456,0.023325825,-0.476263179,-0.170313938,0.47673095,-0.986713196,-1.231001477,-0.057099592,0.232222215,-0.838866835,-0.13995196,0.500775288,0.222343231,-0.59511344,0.419302265,-1.157407335,-0.213688393,0.888179282,-0.119910297,-0.575008653,-0.756939314,0.373148507,-0.62008261,-0.513328754,0.23594131,1.058345695,-0.157824085,-1.015558734,0.558415067,-0.128970381,-0.66067999,-0.520202786,-0.11518641,-0.97127504,-1.1248536,0.640168256,-0.834019739,-0.10325163,0.923504649,-1.057854296,0.64652716,-0.763140552,-0.457600863,-0.352398387,-0.477229674,1.049982112,-0.688358664,-0.394376811,-0.68319685,-1.685779146,0.325266833,0.048790164,-0.36686959,0.281412459,-0.487434671,0.008860628,-0.425871918,-0.388607991,-0.018978967,-0.62008261,1.16108618,0.347624108,-0.385956642,-0.701784374,-0.528310938,-0.792304752,1.781860637,-0.709073331,-0.337152468,-0.992901834,-1.818925137,-0.296117551,-0.458391314,-0.633369977,0.882444351,-0.302863394,-1.361016554,0.398037592,-2.469821012,0.04859967,-1.693907069,-0.876589365,-1.763172012,-1.4554301,-0.565105831,-0.641503947,-0.096731189,-0.221894332,-0.995333939,-0.185366187,-0.496429744,-1.245837008,-1.593564563,-0.850737101,1.820784148,-0.816219178,-0.124203604,0.89146511,-0.48824907,-0.151404454,-1.024711481,0.231825752,0.051738195,0.703938742,0.160161152,-0.439746042,0.523662873,-0.617854197,-0.946749939,-0.278524135,0.055623904,-0.643976137,0.888220421,-1.409767717,0.416405048,-0.618410834,0.122571552,0.840489019,0.572729427,-0.239527031,1.166924929,1.527989217,-0.524586539,0.816160957,1.661650784,0.398641883,-0.540597782,-0.569691377,-0.656815251,-0.678652734,-1.098712294,-1.42129997,-0.334354481,-0.689155159,-1.096015663,-1.345536369,-0.990744918,-1.345920467,0.141846724,-0.956331781,-0.959459227,-0.854725376,-1.103222901,-0.262794357,-0.462829426,0.213658712,-0.873710284,-0.602575482,-0.587526699,1.823435769,0.930588037,0.987419986,-0.732928051,0.217044993,-0.352540645,-0.416273307,-1.491654877,-0.353109878,-0.611382879,-0.2269006,-1.766676689,-0.689752948,-0.767439785,0.171850257,0.013409687,1.24798012,-0.62064049,0.497922738,-0.580533036,-0.701380986,-1.637323116,-1.030299649,-1.297185186,0.472126375,-0.172569265,0.074365082,-0.419310515,0.844021069,-0.822117562,-0.13995196,0.819471414,-1.603455841,-0.729396313,-0.744440475,0.426117048,-0.195406796,-0.588967362,-1.238219243,0.086177696,0.520221345,1.012436926,1.015194447,1.429617226,0.453493077,-0.604038006,0.295278149,-1.600973834,0.035463664,-0.631675859,0.103458708,-0.455390917,0.018625464,0.536434889,0.637951545,-0.604038006,-0.387576075,-1.258077063,0.54696467,-1.274037679,1.0647797,0.39285257,0.448779993,-1.333322476,0.017643435,-1.73556819,-1.428367138,-1.088859997,-0.577143505,-1.674509909,0.055340095,-1.921412678,-0.701179352,1.649369911,-1.734434403,-0.329893921,-0.279713903,-1.010601411,0.153407547,-0.191887162,-0.900663476,0.904622927,0.538187841,-1.090644119,-0.622129693,-0.596746686,-0.662617976,-0.215795614,-0.07117382,-0.521381138,-1.731605546,-0.428631386,-0.983232138,0.210504008,0.998976099,-0.119346758,-0.340660997,-1.517314624,-1.059007034,0.223623436,0.51903186,-1.498791392,-0.22589734,-1.259485514,-0.072355662,-1.447744323,-0.561943495,-0.932166081,-0.478519789,-0.733136189,-0.450985623,0.027128667,-0.86441011,-0.729811165,-0.538710827,-0.399731576,-0.116758561,-1.344001449,-0.032833157,0.077794027,0.110467453,-0.485645325,-1.275110832,-1.907843948,-1.439273286,-1.883874758,-1.15169666,-0.975510092,-0.077961542,-0.423578164,-0.15665381,-1.063341675,-1.201974802,-0.03397052,-2.065144237,0.054866901,1.966566753,-1.007857925,-1.496555755,-0.030046921,-0.844435295,-0.573233084,0.356274864,1.019496929,-0.574120474,0.002696362,-0.055618424,-0.134560493,-0.62064049,-0.56457808,-1.278696351,-1.579393791,-0.934200152,-1.194022474,-0.084904507,-1.818308805,0.807056055,0.033144599,-0.044056386,-0.227653707,0.371563556,-1.569736546,-0.384633599,-1.518227032,-1.452861605,-1.526936691,-0.540254435,-1.345536369,-1.414282398,-0.719696516,-1.403237082,-1.259837937,-0.076773059,-1.375948069,-0.99912901,-0.998043234,-0.257088207,-1.525556429,-1.067986095,-0.394080163,0.623421898,-0.562469857,-0.768517488,-0.929122711,-0.385662481,-1.562554327,-1.252463014,0.621651179,-1.019708691,-1.62964062,-0.486783629,-1.451152934,-1.917322692,0.803301189,-0.403616817,1.258148441,-1.165714092,0.496706415,-0.005113049,0.613941622,1.394560106,0.765839866,1.707779855,-1.708705914,-0.99479296,-1.746977327,-1.328780455,-0.898450814,-0.597473431,1.792475879,-1.066822966,-0.133188594,0.155292884,0.056474847,1.639986516,-1.234088428,-0.524586539,0.197045952,-0.657587005,-0.424036494,-0.668844888,-0.811930717,0.243259855,0.380420767,0.486491947,-0.408720401,-1.176033436,-1.379120157,-0.877070019,-1.302320927,-0.989130278,-1.217058044,-0.650470906,0.322228416,-0.792304752,-0.893062606,-1.741256487,0.60535368,-0.75162411,0.6650563,0.455334055,0.213416396,0.845396053,-0.570044983,-1.600973834,-0.529668712,-1.121778567,-0.258382203,-0.072463172,-0.514164525,-0.192493112,-0.811480368,-1.560171671,-1.608938037,1.057929173,-0.523573197,0.20880119,-0.887703275,-1.243406874,-1.111697528,-0.27628065,-0.823028101,0.317507829,0.12363256,0.105350516,0.9449948,-0.730226189,-0.109033921,-0.586986985,1.078273518,-1.213686497,0.28623102,0.203756838,-0.02644665,-0.196988594,0.312618558,-0.373675786,0.1783972,-0.749717532,-0.558616288,0.031207927,-1.300116665,-0.636766847,1.240719305,-0.297597737,0.602401567,0.338826606,-0.106694739,-0.280640258,-0.840024376,-0.718259881,0.687229707,-0.482076211,0.362139983,-0.542660347,-0.469843642,-0.15082289,-0.35140315,0.39877612,0.557098336,0.992659005,0.029947076,0.142714102,-0.487434671,0.763652241,-0.639037855,-0.372078689,0.342454308,-0.311428466,-0.905103543,-1.216720377,0.224742273,-0.028708164,0.99384419,-0.067422676,-0.916040763,-0.356532097,-0.035938107,-1.186460379,-0.295176754,0.174373387,-0.786359562,-0.445662298,-0.172094037,-1.38469564,1.751614329,-0.384780517,-0.002402885,0.386214329,-0.189225333,-1.674509909,-0.311838162,-0.151055475,-0.270759405,-0.656429598,0.441282601,-0.116983356,-1.27833722,-1.455858825,-1.446893983,-0.592035679,0.539179817,0.56769733,0.901786046,-0.867024491,-0.168418652,-1.418817553,-1.384296359,-0.861565832,-0.18248157,-0.816897988,-1.393923388,-0.966269102,-1.864330162,-1.377136423,0.300993087,-1.293897512,-0.306661039,0.045355702,-0.267226064,0.10327835,-1.344384958,-1.099612789,-1.199316993,-1.763172012,0.529745509,-0.570221834,0.03893221,1.409302629,0.846640502,0.357884213,-1.452434164,-0.131476363,0.576163825,0.567810689,0.580426311,-0.594207233,-0.199671195,-0.458549479,0.950305611,0.278767455,0.493048544,1.390634927,-0.825764705,0.231508468,-0.684385675,-0.615445673,0.202287569,-0.090909875,0.74602422,-0.181641788,-0.01136433,-0.786579125,0.486737828,-0.03635283,0.12804135,-0.32075638,-0.40691616,-1.276901984,-0.213812224,0.590726783,0.800745191,-1.275826908,1.19030989,-0.684980618,-0.158644093,-0.817803785,-0.206901176,0.672995492,-0.481590499,-0.944690206,-0.829883704,-2.139616265,-0.019896632,0.585450605,-0.809905741,-1.214359897,-0.318691259,-1.406905315,0.547716702,-1.11108981,-0.952695414,-0.529159331,-1.452861605,-1.140998005,-0.276939976,-1.945610194,-1.522801606,-0.613227557,-1.226218413,-0.965218406,-1.050679635,-1.020540753,-0.09036244,-1.783196239,0.645373999,-0.583754804,0.201797333,-0.412791884,-0.492331041,-0.632240246,-2.183025858,-0.812381269,-1.057854296,-1.049536451,-0.634500985,-0.078285918,-1.725971729,0.478839478,0.10625012,0.223703395,-1.77608299,-1.628620732,-0.263574997,-1.4867779,-0.968900682,0.017839918,0.432107039,-0.314984755,-1.049536451,0.042676274,-1.600973834,-0.231427771,-1.724287754,-1.968258013,-1.07382212,-0.652581219,-1.658103084,-1.487662856,-0.885519073,0.740030767,-1.035355839,-1.127629238,-0.859674132,-1.843263312,-1.47359669,-1.385095081,-0.827822084,-2.197324582,-1.327271021,-0.976306164,0.135579294,-0.340379862,0.060624622,-1.351313392,-0.652965391,-0.848865756,-0.594932133,0.013311014,0.349881924,-2.245260026,-0.666115842,-1.190727578,0.435088633,-0.048035449,-1.237874356,-0.692947201,-1.180256278,-1.817692851,-1.123622452,-1.254214021,-0.494624244,-1.417991448,-1.281934346,-2.144727008,0.244200294,-2.308603165,-1.985586966,-1.342851803,-0.821435201,-1.578908707,0.097943074,-0.655658736,-0.121941671,-0.777398733,-1.566378423,-1.432547746,0.028976108,-2.125276078,-0.474011651,-0.40691616,-1.763172012,-1.928266714,-1.614450454,-1.791559489,-0.903127745,-1.218071729,1.347501556,-0.42556578,-2.063568193,-0.505174952,-0.825536369,-1.189084192,-2.112791521,-0.649896139,-1.113218441,-1.085005285,-0.978166136,-0.766578459,0.136888252,-1.181885208,-0.050767117,-1.732170678,-1.545055654,-0.809905741,0.233252286,-2.111964733,-1.692276191,-0.814637078,-1.532476871,-1.822631133,-0.973125669,-0.495937011,-1.021651248,-0.519866368,-0.075693844,-1.552112846,-1.008406021,-0.194920592,-1.237874356,-2.459238903,-2.241489994,-1.8426318,0.972746677,-1.605944023,-0.698159722,0.747919416,-0.010757657,0.01960653,-1.680933914,-1.551640814,-1.902467591,-2.102096232,-1.355571189,-2.707550326,0.16135325,-0.818937187,-1.356347285,-0.948555693,-0.575186383,-1.109572129,-0.83609419,-1.875358493,-0.193463397,-0.371353579,0.126632651,-1.439695138,-1.781413177,0.169658383,-0.336872317,0.041909403,-2.025711219,-0.189829672,-0.799619425,-0.106806004,-0.932166081,-1.046399417,-1.437587656,-1.728221448,0.58789777,-1.261248872,0.092852617,0.488886716,-1.585721386,-1.042988385,-0.994252273,-0.341082849,-0.408569923,-0.365283319,-2.144727008,-0.44036716,-1.46015621,-0.709886505,-1.158362293,-0.251157298,-1.650259907,-1.09422194,-1.122085645,-2.432693778,-0.895998029,-0.455864066,-1.283737773,-1.291711719,0.15315018,-0.86441011,0.096128027,0.352486183,-1.219086442,0.007372754,-0.914542261,-1.894456868,-0.897223669,-0.217658621,0.102646837,-0.114513387,-0.813282982,-1.100514096,-1.241328591,-0.289951312,-0.623434568,-1.581822745,0.272086085,-0.46235297,-0.099599365,-0.439590823,-0.659905847,-0.484508315,-0.001801622,1.181911228,0.515813165,-0.604587004,1.544792719,-1.71981097,-0.380821277,-0.017553159,-2.456902453,0.282091474,-0.601845022,0.773251425,-0.46235297,-0.119797564,-0.486458267,0.404264388,-2.805111914,-0.685972977,-0.99912901,-1.156453288,0.833474181,-0.491349847,-1.243406874,-1.088562953,-1.664950622,-0.140527235,-2.03408584,-0.726910811,-2.210917905,-1.65286747,-1.307852935,-1.481044698,-0.838172953,-0.638848407,0.143580729,-1.442229994,0.144360051,0.125574823,-1.806670082,-1.113218441,-1.023319305,0.673862419,-0.51852183,-0.996416776,1.329327106,-1.168283962,-0.136392625,-1.907843948,-0.667089646,-0.456811036,-2.53577898,0.430677911,-0.768733168,-0.392302122,0.199342541,-1.131342113,-1.822631133,-0.929882685,-0.00793137,-2.335108285,-1.274037679,-0.169010543,-0.226649691,-1.747551215,-0.780449509,-0.23597553,-0.116084479,-1.06363132,-0.295579845,-0.819390907,-1.359847191,1.392425527,-0.864647499,0.669161818,-1.267978134,-0.998857456,-0.165228479,-1.821394274,-1.697176827,-0.943148186,0.654146443,0.310054923,-2.847312268,-0.256571077,1.034002654,-1.115046595,-1.082345316,-1.799388496,-0.106361016,-1.37634403,"EWS"
"17",0.614266298,-2.092324168,-0.001701447,-1.512765025,-0.976571663,0.562525835,1.226154951,0.785361665,0.052402679,0.474306857,2.049098307,-0.539053645,1.312701641,0.856328391,0.215998083,-0.721135217,0.268269869,1.078443594,-0.345311185,0.019116117,-0.198694871,2.007515802,-1.17409043,1.153952384,0.578409503,1.474328132,0.291400152,0.649143045,-1.083822203,0.100840315,-1.068859331,0.70383981,-0.864884944,0.450884518,1.342368597,0.896169654,-1.165393322,-0.438660013,-0.75162411,-0.273647683,-0.874429278,0.449354394,-1.210997419,-0.792525625,-0.480619782,-0.003205131,1.659370281,0.718083666,1.307711005,-1.197328262,0.37939488,-0.146066776,0.048027969,-1.070024832,0.560529656,-0.569161201,1.599650168,-1.559220196,1.113993391,1.382587499,1.548710785,1.489527616,-0.527971783,-0.005213567,0.30733763,-1.233744963,-1.773723107,0.13775994,-0.479488468,-0.972596568,-1.115961927,-0.475136781,-1.592089274,-0.845366394,0.775694442,0.644744441,1.389937716,0.045546815,-1.25772526,-0.683394889,-0.796287939,-0.952436179,1.301906812,0.500290322,-0.560716393,-1.023319305,-1.202973304,0.6090588,-0.285551011,-0.694948803,-0.725877005,-0.166881372,-0.731472295,1.09617599,-0.883339632,-0.452085129,-0.011162065,-1.086189769,0.233093882,-0.861092571,0.333825881,-0.959198233,-1.062762636,0.391704193,-0.214307703,-1.028340236,0.703147015,-0.583575544,-0.829425199,-1.333322476,-1.083822203,0.603058346,-0.412187654,0.90494663,-0.878513368,-0.702995517,-1.082345316,0.540170811,0.596250743,0.135491969,-0.27733578,-0.13776893,-0.907578791,-0.230042293,-0.543176654,-0.142716302,0.074921927,-0.280243143,-0.930896884,-0.594207233,0.030141157,0.414623046,0.832735195,-0.71070034,-0.322687682,-0.182001608,-0.269318388,-0.137080541,-0.056887862,0.785452851,1.006460449,0.20880119,-0.914043259,0.425855798,-1.217395825,0.267351806,-1.434224895,1.160303009,0.478033801,-1.455858825,1.011455447,0.792404107,-0.579104465,-0.651813317,-0.823255866,-0.117995558,-0.463306108,-0.054245015,-0.134446097,-0.298540816,0.607262441,0.384105269,-0.249615872,0.147816375,-0.552168587,-0.778051688,-0.968637212,-0.748871329,-0.670407694,-0.904856354,-0.676683455,-1.125161624,-0.628296208,-0.998043234,-0.059325466,1.047389167,-0.94160854,1.24331851,-0.442544116,1.300736473,-0.894773888,-0.169247397,0.370390455,-1.333701911,0.027323296,-1.196004635,-0.637523277,0.225620481,0.111541375,-1.387495082,-1.155500151,-0.071173819,-1.072652187,-0.330311255,-1.07089985,-0.644357016,-0.87275243,-0.758646163,-0.706029806,1.264183223,-0.384339826,1.557281087,-0.765287858,0.313569093,-0.181042375,0.35942117,-0.330033013,-0.320894207,-1.171182982,-0.993441791,-0.287548748,-0.131818575,0.22570028,0.61955446,0.692997169,-0.339677368,-1.063341675,1.418834153,-0.84769794,-0.390675023,0.21107097,0.397970426,-0.621757184,-1.062473242,-0.226398844,-0.69936648,-1.566857465,-1.123930097,-1.215708061,0.457551421,-0.149196306,-0.849099482,-1.415105443,-0.432630776,0.481808675,-1.053543325,-0.214555534,-1.139121832,0.692847136,-0.287015628,0.202369252,-0.80430223,-0.720107362,0.834429705,0.627274436,1.403397269,0.403663486,-0.22151987,-0.601297527,-0.721752438,-1.081165375,1.137031399,-1.477094725,0.924893621,-1.796973036,0.41257312,0.699924165,-2.011409131,-1.17993081,0.438190413,1.15967603,-0.129425547,-0.718464989,-0.283690051,-0.901155844,0.33439866,-1.045261113,0.245296356,-0.689553645,-0.302592685,-1.018877321,-0.793409602,-0.346441768,0.062223343,-0.961549638,0.586897381,-0.43139849,-0.466170983,-0.599839003,-0.525262672,0.571036042,0.158114243,-0.603489309,-1.215370849,0.428334922,0.282242304,1.269367209,-0.6361999,0.255262181,-1.102319151,-0.148152041,1.659370281,-0.837479551,1.150572028,0.592055319,0.49950175,0.781386969,-0.045415864,-0.448163863,-1.316768298,-0.425259735,0.496219471,-1.282655326,0.256036595,-0.777181176,-0.479650006,-1.235119533,-0.963644428,-0.787238104,-0.626423549,-0.511992972,-1.071483621,-0.226022692,-0.076881044,0.221862731,0.679200374,0.801328713,0.557212903,-0.675110818,-0.561592741,-0.170313938,-1.039306183,-0.835632829,-0.424342164,-0.780449509,1.094102133,-0.136048844,-0.218529214,0.980129008,1.155811442,1.151742229,-0.322963887,-0.914292729,1.898668785,-0.465374361,1.629789409,0.488334586,-1.026663789,-0.722575991,-0.811030221,-0.286882392,0.490235086,0.08874321,0.143407463,0.34351878,0.995545437,1.205880983,1.107208568,-0.360109406,-0.671777155,-0.112273242,0.036042591,0.603878713,0.136626598,1.193437502,-0.360969868,-0.840487768,-0.979763155,-0.504015532,0.949299885,0.091940874,0.071483102,-0.804749357,1.307088803,-0.094200795,-0.895753081,-1.031421039,1.302097202,0.108046904,-1.287354413,-0.337432698,-0.27483166,0.509044038,0.299734153,0.34564433,-0.901402119,-0.528310938,0.18015254,-0.781322871,0.616158139,-0.755661086,-0.852846559,0.059777204,-0.529498889,-0.495608658,-0.687363936,-0.204812595,-0.367447041,-0.522729528,-0.59529478,-0.7271177,-0.553385238,-0.209487225,-0.569868164,-1.340174426,0.20880119,0.009653257,-1.322005871,-0.682207241,-0.956071602,0.172692008,0.376104953,0.169911537,-0.375129908,0.38369655,0.963441458,-1.164111271,-0.191766016,-0.56563386,-1.251413879,-0.817803785,-0.685774426,-0.752684893,-0.025625548,-0.681811671,-0.991822794,-0.679441534,-0.449103565,-0.164403056,0.371494589,0.110825555,-0.389788629,0.426639343,0.119736682,0.195402296,-0.424495034,-0.6680644,-0.717849793,-0.902141309,1.786294564,-0.828050943,0.096218858,-1.061894706,-0.775659602,-0.566338334,-1.175061461,-1.540378377,0.436511477,-0.820071874,-1.234432012,-0.706435075,-0.950364712,-0.777181176,-0.292761618,0.548410384,-0.433864583,0.025472796,1.620634991,-0.036767724,-1.101717104,0.171850257,-1.213686497,-0.328087487,-0.441766088,0.337257642,-0.943661929,-0.73334437,0.682440063,-0.717234976,0.848568481,0.001798382,0.759075361,-0.612673796,-0.772190388,0.480881747,-0.583217121,-0.118445755,1.188056814,1.281072725,0.779370747,0.285629968,0.582941613,0.357254776,-1.023319305,0.995064943,-0.026754737,-0.170788321,-0.285284948,0.227613546,-0.840487768,0.252624681,0.435218066,-0.738772359,-0.253602759,-0.384339826,-0.956331781,-0.889162064,-0.27628065,-0.242836185,0.360537475,-0.578034373,-0.267748735,-0.591493527,-1.538047916,-0.136851183,-0.429399258,0.040277846,-1.15169666,-0.724431471,-0.775876828,0.222663436,-0.412640792,-0.551821244,-0.162048452,-1.07089985,-1.072359918,-0.132046781,-1.06479074,0.074457911,1.137352117,-0.70097776,-1.120551196,-0.193706116,-0.910805802,-1.09631493,-1.032262908,-1.148853505,-0.532730459,0.036235493,1.26655316,-0.725463782,-0.416880011,0.954818898,0.364781993,-0.152219213,-0.913793852,-0.687165109,0.483783253,-0.703197516,0.242161557,-0.722370039,0.887808949,-0.2953111,-0.585728784,-0.400477567,-0.587706668,-0.839792761,0.972141625,0.669469053,1.344664749,1.093264682,-1.270468796,-1.253163049,1.256100251,1.870170077,0.588064404,0.516111628,0.045355702,0.4069307,-0.770460284,1.458475478,0.151862349,-1.153596597,-0.708057793,-0.188862905,-0.957894282,-1.036764885,-1.057566319,-0.787238104,0.259128265,-0.832179389,-0.386692423,1.118414916,-0.685774426,-1.54599374,0.510905621,-0.41794263,-0.645691239,-0.306932852,0.063819513,0.041909403,0.655964389,0.076961041,0.086911372,-0.813282982,0.250525228,-1.406497068,-0.368892128,-0.708666992,-0.161930867,0.402193094,-1.323131786,-1.307852935,0.029170377,-0.687562802,-0.826450028,-1.182537524,0.83936649,-0.566162169,-0.011768984,-0.684187439,-0.77414034,1.142437768,0.68521581,0.86655412,0.414160526,-0.49807394,-0.62960916,-0.267487365,-1.072067733,-0.322411553,-0.565457819,-1.04867992,1.371688209,0.342596303,-0.200159715,-0.052030408,-0.916790857,-0.376149054,-0.716006475,-0.787018396,-1.100814712,-0.118896155,0.643956936,0.312106356,-0.821662603,0.707000775,-1.388697246,0.553482733,-0.414606766,-1.454573202,-0.11395288,-0.903621329,-1.255266099,-0.621198681,-0.794958447,-0.455864066,-0.237369259,0.1857324,-0.486133011,-0.437575162,-1.07939807,0.087369646,0.384105269,-1.196335377,-0.547316732,-0.38389933,0.541568191,-0.904115156,0.242867744,-1.409358301,-1.256319285,-0.549913012,0.718863659,-0.405865188,-0.32489946,0.081303451,-0.998314567,0.893758783,0.16509062,0.23483494,-0.686370196,-0.826450028,-0.321721565,-0.704005924,-1.143191332,-0.325176277,-0.001100605,-0.391266389,-0.649896139,-0.302051486,0.011730923,-0.305710275,-0.795622972,0.155378497,-0.635633274,-0.598564538,-0.408569923,0.188883315,-0.327671081,1.389539091,0.853137917,-0.585010522,-0.343758719,-0.347432077,-0.526277728,-0.719901918,-0.201871416,0.313934444,-1.257373581,-0.858729621,-0.982430534,-0.20138206,-0.691348799,-0.177453425,0.412506923,-0.14329317,-0.526955006,0.934287809,-0.958937307,-0.191644884,-0.556346139,-0.827135821,-1.138185064,-0.833329211,0.04018179,-0.756726162,-1.030860187,0.270942748,-0.982964865,-0.982964865,-0.075154674,-0.582679728,-0.600567999,-0.360109406,0.186396576,-0.343617705,-0.885519073,0.066442957,-0.340379861,-1.039871794,-0.034591445,-0.651237777,-1.140998005,-1.175709339,0.021859334,-0.811480368,0.617345467,0.81819267,0.007868958,0.638796586,0.456728402,-1.02945943,0.740650803,-0.284354282,-0.808109199,1.043980093,0.17487725,-0.316767653,-0.427557355,-0.015316704,-0.591132255,-0.484995447,-0.441921645,1.74274428,0.794394248,0.09376353,-0.762068626,0.220098921,0.124162643,-0.480943249,-0.716415807,-0.378628454,-0.164403056,-0.6923475,-0.088066479,-1.080575926,0.236336145,-0.821662603,-0.238511028,0.906199991,-0.539911205,-0.243601393,-0.158761292,-0.723194102,0.412175874,-0.551647618,-0.529329095,-0.048140375,-0.739819589,-0.632052081,-0.391858105,-1.057566319,-1.04072081,-0.619339253,-1.019154367,-1.464472142,-0.357675444,-1.003211204,0.126896933,-0.928363313,0.042963699,-1.126703169,0.653678437,0.256191405,-0.21183276,-0.17697587,-0.916290732,0.602237305,-0.571814895,0.983874611,-0.709479835,-0.906587956,-1.293897512,-0.681416258,-0.309791358,-0.293566016,0.222903523,-0.293431904,-0.681811671,-0.241052972,-1.014179233,-0.005515181,-0.699769057,-0.175187068,-0.007427516,-0.323516525,-0.613042936,-1.249667764,0.65419843,0.885584071,-0.262274269,0.194826378,-0.130222587,-0.264225996,-0.186450067,0.54528502,-0.272465107,-0.739400565,-0.033246594,-0.075478141,-0.044892769,-1.028899676,-0.30870144,-0.214679473,0.218573123,-0.132046781,-0.795844579,0.014494446,0.488518663,0.241140628,0.238229189,-1.1141321,-1.163470861,-0.622316,-0.311565013,-1.080281332,-0.289817685,-1.149169012,-0.585190039,0.715642258,0.504163481,-0.796953349,-0.471925475,-0.406165353,-0.554081132,-0.542316291,1.177947054,-0.415666971,-0.156887756,-0.599292605,1.429401742,-0.576253429,0.322300867,-1.127629238,-0.956071602,0.682389524,-1.38230234,-0.932674211,-0.49200387,0.660830579,0.02508278,-0.273779167,-0.265529268,0.403062223,-0.768948894,0.179651328,-1.019708691,0.395078015,0.389132453,-1.057278425,-0.4167283,-0.539568093,0.355854608,0.548121409,0.360467742,-1.134446742,-0.454602833,-0.198816859,0.030529205,-1.014179233,0.071576198,-0.199671195,0.671259381,-0.737099068,-0.370339306,0.17050198,-0.768733168,-1.310445049,-0.350550877,-0.199549102,-0.609357655,0.560358369,-0.302592685,-0.543176654,0.804599106,-1.59405681,-0.788997506,0.323314625,-0.634312395,-0.395712817,-0.409021424,-0.761426021,-0.738144546,-0.855430844,-1.165714092,-1.069733329,-0.970482961,0.448333008,-0.853081218,0.595038087,-0.001501126,-0.778487228,-1.354020801,-0.73417753,-0.430167721,-1.187443502,-0.161225648,-1.399987688,-0.07192574,0.554746811,-0.646072773,-0.577143505,-0.611567194,0.232301489,0.105530501,-0.834710745,-0.949847515,-1.320881223,-1.313043899,-0.991283711,-0.190676361,-1.078515587,-0.591493527,0.557212903,0.0798273,-0.572523738,-1.340556469,-0.675110818,0.19062036,-1.399176987,-1.184170177,-0.406015259,-0.83171983,-0.673932962,0.640748012,0.444365257,-0.638090975,-0.411885676,-0.88746035,0.360816356,-0.668454568,0.414358775,0.104630249,0.304096614,-1.184170177,-0.459498997,0.277555976,0.745265135,-0.536143432,0.816912288,-0.195528384,-0.499556032,0.322590617,-0.805644212,-0.163931692,0.140718007,-1.387895642,-0.277599737,-1.267978134,0.24247548,-0.549739717,0.054393484,-0.814185509,-1.37634403,0.269950798,-0.348706774,-0.330033013,-0.045206593,-0.160755779,0.754571483,-0.3063893,0.339752565,-0.12081262,-0.299080117,-0.77414034,0.066349381,0.201633868,1.180315156,-0.952436179,-0.466330384,0.058551887,0.035270614,-0.726083681,-0.352113933,-0.577499757,-0.043116291,1.080312531,-0.100704704,-0.729396313,0.191611604,1.165710032,0.432755968,-0.254247296,-1.267978134,0.559672929,-0.850737101,-0.596201975,-0.925583779,-0.702591639,0.161948767,-0.44036716,-0.999672341,-0.40241975,-0.429245637,-0.697155202,-1.313043899,-0.678652734,0.178229864,-0.500545314,0.294310059,-0.327671081,-0.894773888,-0.422967383,0.161438346,-0.360539545,0.132343187,-0.119684843,-0.951658876,-0.525262672,1.174276193,-1.135380013,0.143147509,-0.008637193,-0.623248053,-1.138497222,-0.643976137,-0.976571663,0.126985012,-0.966269102,0.603878713,0.631431339,-0.165700456,-0.304489191,-0.173758326,-0.484833043,0.028781801,-0.014200349,-0.235595759,-0.250900228,-0.054773026,0.332105574,-0.671972945,0.772374171,-0.187052731,0.177476505,-0.783728559,0.62577799,0.803614634,-0.24692408,-1.103222901,-0.028605257,0.197620594,-0.812381268,-1.116878097,-1.386694441,0.719545654,0.550200171,-0.296924654,-0.418246442,0.690443529,0.598671652,-0.813734144,0.272009903,1.561297537,-0.817577259,-0.397794602,-0.361831071,-0.026241311,1.990883515,0.474493535,1.103334455,0.413697793,1.412083933,1.430215548,-0.335332886,-0.21331699,-0.576965426,-0.992901834,-0.178767879,-1.016387348,0.434829717,-1.322381035,0.130062884,0.700569566,-0.293700145,-0.041238748,0.074643543,-0.062088192,0.560301267,-0.025933382,-0.773056564,1.204742508,0.227932068,-0.912796843,-1.087969129,-1.06479074,-0.869645724,-0.039052727,-1.676646662,-1.249667764,-0.661260992,-0.996416776,-1.307852935,-0.942634707,-1.26940061,-0.773056564,-0.724431471,0.982677544,-1.287716798,-1.014730805,-1.158362293,0.646003161,-0.984034384,-0.752048288,-0.157355811,-0.876589365,-1.220102186,-0.151404454,-0.748871329,-0.982163476,0.340891031,-0.829883704,-1.32425897,-0.797175251,-1.09481949,-0.402868482,-1.269756545,0.03758476,-0.420832585,-1.070024832,-0.737726224,-0.948555692,-0.776963667,-0.169010543,-0.825993094,-1.438008797,-1.328780455,-0.587166857,-1.481924592,-0.115747609,-0.389050567,-0.185005154,-0.042490052,-0.558266698,-0.897959775,-1.085005285,-1.354408172,-0.086647807,0.611611693,0.114131934,-1.079692404,-1.236151703,-0.5730557,-1.088562953,-0.420223479,-0.828966904,-0.374548005,-0.380528623,-1.188099455,-0.428477882,-0.641503947,-0.790539527,-0.742547531,-0.644928608,0.085259844,-0.298945265,-0.32075638,0.105440512,-0.484995447,-0.714166548,-0.328365188,-0.877310432,-1.146647738,0.24678195,-0.477390848,-0.357532454,-0.226649691,-0.664171072,-1.032262908,-0.565986035,-1.090644119,-0.625862434,-0.2749633,0.082409136,-0.268664067,-1.734434403,-0.837479551,0.032079893,-0.814637078,-1.212341054,-0.209857207,-0.305574525,-1.233058385,-0.477068527,-1.505528449,0.062505205,-0.948813924,0.020978406,-1.214696768,-1.185478222,-0.385074418,-0.277203828,-0.645119212,0.051738195,-0.59511344,-0.739191119,-0.014301785,-1.304898723,-0.236482116,-0.436646226,-0.499226488,-0.418550348,-0.381553288,-0.345593711,-1.127011763,0.008959741,-1.007036345,0.061095099,-0.928110309,-0.535289096,0.148592404,-0.194799078,-0.240925721,-1.152013065,-0.321169917,0.557785543,-0.711718566,0.954741918,-0.777181176,-0.570752572,-0.583934096,-0.250129416,-0.920549789,-0.110708122,-1.555423324,0.172355392,-1.677181565,-0.148152041,-0.591493527,0.253789141,-0.164992575,0.537779093,-0.350125013,0.305865743,0.299141166,-0.266573109,0.092943746,-0.343758719,-0.461083532,-0.3213078,-0.588787165,-0.375420987,-0.705422211,0.698980136,-1.002665948,-0.495608658,0.323893454,-1.08146023,-1.059295426,-1.353246507,-0.410377152,0.106070264,-0.756513056,-0.096070469,-0.642834367,-0.449887326,-0.067850667,-0.350976923,-0.376586149,0.273456365,-0.343335737,-0.200281882,-0.500875293,0.55204434,-0.4547604,0.101472969,-1.006762635,-0.405265128,-0.549566452,0.159735058,-0.168063685,-0.554255182,-0.531028331,-1.743540897,0.247641023,0.042963699,-0.737935363,-0.250129416,-0.527632742,-0.746969987,0.306675549,-0.569337895,-1.115656723,-1.132582808,-1.533403226,-0.793851885,0.257815473,-0.534094251,0.288706547,-1.471852249,-0.641124152,-0.977634362,-1.027222293,-1.344768614,-0.660292844,-0.271939966,-0.639416858,0.18023605,0.246391218,0.572729427,-0.126130277,0.383560273,-0.346159002,-0.995875211,-0.303269596,-0.16629074,0.734097167,1.839866861,-0.188259149,-0.100262422,-0.75395932,0.586841774,-1.008406021,0.099121091,-0.31525884,0.509464698,-0.613412213,-0.680428408,-0.215671536,-1.012251123,-0.935728426,-0.494788246,-0.328226328,-0.452399495,-0.344746373,-0.327254848,-0.89086668,0.049932369,0.247797139,-0.899925378,0.341601914,-0.747181069,-1.221797389,-0.404365713,-0.748448496,-1.045545568,-0.394228476,1.096042322,-0.879476759,-0.796953349,-0.720723948,0.294831455,-0.473369287,-0.359249684,-0.499061757,0.205793913,0.587508849,-0.188259149,-0.487760351,-0.742757681,-0.169247397,-1.341703478,-0.575541938,-0.086102699,-0.865835288,-0.728567126,-0.136507245,-0.407216641,-0.629233855,-0.123524486,-0.33785319,-0.532560116,-0.191766016,-0.895998029,-0.611382879,-0.232688964,-0.422051912,0.001798382,-0.759714425,-0.458391314,-0.343476711,-0.75395932,-0.788997506,-0.88140633,-0.24910259,-0.823255866,-0.187293898,0.990135812,-0.139147131,0.124162643,-0.869407146,-0.531368525,-0.267356706,-0.171262929,-0.649130295,0.418052224,-0.341364183,-0.807660567,-0.743388397,-0.165700456,1.009890359,0.309761518,-0.655658736,-1.066532395,-0.356246464,-0.500215445,-0.347290544,-0.792083928,-0.690550555,-1.210997419,0.886120143,-0.682602967,-0.571460662,-0.285151943,-1.043272194,0.107867371,0.648097512,-0.286349627,-0.530688253,0.481129012,-0.214555534,-0.413850165,-0.069564463,-0.820071874,-0.128174339,-0.00793137,-0.431244561,-0.730226189,-0.29961971,-0.41581852,-0.811255269,-0.464260155,-0.213440776,-0.264747101,-0.262144289,-0.629046255,-0.436027414,-0.262274269,-0.400626831,-0.210103938,-1.210661792,-0.758646163,-0.810355381,-0.431706419,-0.876829663,-0.157706996,0.726098281,-0.667089646,-0.687960654,0.443916294,-0.001400981,-0.619153501,-0.285284948,-0.022347864,-0.638658995,-0.290753451,0.26589648,-0.209610537,-0.441455046,-0.041551427,-0.268925744,-0.039156715,0.050502982,-0.46029095,-0.3315643,-0.483696956,0.342241278,-0.402718882,-0.702591639,-0.222768622,-0.973919845,-0.077961541,-0.357389485,-0.445350042,0.152549398,-0.508993969,-0.742547531,-0.938536341,-0.64055473,-0.329476762,-0.422814746,0.788548265,0.547311832,0.093854575,0.283674051,-0.598928505,-0.177931208,0.983201437,-0.275621758,-0.427097408,-0.636766847,-1.204973305,-0.667479434,-0.452713961,0.231191083,0.67187247,0.09121088,-0.303269596,-0.357675444,-1.288079314,-0.450671701,-1.032824548,-1.032262908,-1.240636789,-1.107753947,-0.858021824,-0.673148494,-0.105582763,-0.129425547,-0.671385689,-0.279317156,-0.334075112,-0.905598102,-0.562996496,-0.440677864,1.953396343,-0.377460912,0.330310435,-0.36686959,-0.388755495,-0.755022584,-0.594388409,-0.122958907,0.728369526,-0.457916968,0.063162575,0.097671027,0.17923346,-0.37164356,-0.712533894,-0.188621359,0.119115481,-0.201015199,0.585060731,-0.475297618,0.251225535,-0.450514777,0.158370336,0.820748525,0.321358599,-0.03759803,0.507901352,0.493414934,0.122394608,1.096142575,1.21250629,-0.232562773,-0.237496058,-0.306661039,-1.071775635,-0.932166081,-0.472727335,-1.172797187,0.144100344,-0.435872771,-0.553907113,-1.28916765,-0.469843642,-0.659712404,0.105980324,-0.723194102,-0.354819523,-0.992362169,-0.925079238,0.163223681,-0.547143886,-0.325176277,-0.367880348,-1.438851612,-0.778487228,1.521677164,0.648515856,0.574251026,0.176387317,0.345573551,-0.265659688,0.294384561,-0.84304027,-0.268794897,-0.800287056,-0.381992752,-0.735011385,-0.592578126,0.005087039,-0.380528623,-0.008334637,-0.022859294,-0.73459437,0.286831711,-0.518018094,-0.906587956,-1.136937403,-1.127629238,-0.560190953,0.369768843,0.088102448,-0.018978967,-0.8703618,1.505143495,-0.754597143,0.28231771,0.177895108,-0.589147591,-0.921303274,-0.388018195,0.295278149,0.847154993,-0.372078689,-0.93140437,-0.576431381,0.670697052,-0.097943644,1.308738143,0.707198004,0.618908431,-1.054691102,0.607316924,-1.159636991,-0.320618573,0.035270614,-0.124769887,-0.576075509,-0.221270307,1.092527145,0.495610458,0.025472796,-0.242071561,-0.647982629,0.187889361,-0.879717752,0.604807649,-0.050451543,0.390622161,-0.507497834,-0.599656837,-0.601479992,-1.129483952,-0.416576613,-0.678652734,-0.503188197,-0.293431904,-2.064355904,-0.370194494,1.699863455,-1.261955087,-1.108056747,-0.91130319,-1.74869998,0.166700176,0.119736682,-1.242367192,0.653366311,0.768301034,-0.792083928,-0.533923675,0.197045952,-0.847464541,-0.306117635,-0.33086797,-0.527293816,-0.778051688,-0.591854929,-0.685972977,-0.618410834,0.658607494,-0.477552047,-0.815088851,-0.467766134,-0.518689799,0.869492582,-0.550086338,-0.449887326,-0.749505914,-0.394376811,-0.639227339,-1.188755839,-0.835402228,-0.996958635,-0.2749633,-0.381406843,0.003693172,0.458373764,-0.458549479,-0.997771974,0.456221592,-0.812832024,-0.686568865,-0.561943495,0.601251166,-1.288441961,-0.558616288,-0.615445673,-0.845599304,-1.442229993,-0.960242619,-0.846997905,-0.536998498,-0.312521362,-0.148964153,-0.349273828,-0.491186409,-0.803855303,-0.336872317,-0.477229674,-0.931150595,-0.317316878,1.264748003,-0.211462047,-0.906092907,0.037006726,-0.591493527,-0.382285835,-0.664948526,0.549565452,-0.568631306,-0.701179352,0.175045148,-0.367158274,-0.668259465,0.165683916,-0.658359355,-1.427533109,-1.384296358,-1.150748043,0.358443379,-0.91030866,1.250703707,0.474617967,0.266126409,0.092032085,0.167461694,-0.556346139,0.006379607,-1.297917251,0.543254091,-1.059583902,-0.053084371,-0.747603366,-0.603489309,-0.42007126,-0.356674944,-0.194070304,0.39628981,-1.090941782,-0.454287773,-0.374257181,-0.244878043,0.007372754,1.933041994,0.575657852,0.87007924,0.083053555,-0.571283593,0.235309248,-0.858021824,-1.3108159,-1.282294771,-0.47868117,-1.180256278,-0.968900682,-0.529498889,-1.098712294,-1.177655496,0.85942404,-0.412338677,1.094336494,-0.703399557,0.10192462,0.500169044,1.102836687,0.91924636,0.318235525,1.464689559,-0.390822831,-1.105636904,-0.784604791,-1.061316504,-0.192493112,-0.269711187,1.669120915,0.033918218,0.333396082,-0.199304962,-0.614890683,0.966793714,-0.449887326,-0.15466748,-1.050679635,0.152978565,-0.163578314,-0.842111334,0.454889991,-0.239908298,0.744647953,0.005982072,-0.104805114,-1.010052112,-0.901402119,-1.192373668,-0.84629836,-0.480458087,-0.13857265,-0.25334506,0.284878145,-0.398688124,-0.409021424,-0.605502671,0.417854706,-0.544382407,-0.003807238,0.738072744,-0.553559166,1.129626342,-0.086429728,-0.8703618,-0.781104459,-0.453028525,-0.36686959,-0.183922838,-0.847464541,-0.20138206,-1.084413569,-1.044408235,-1.142877705,0.911720303,0.160672225,-0.725877005,-0.546452801,-0.753321904,-0.083599024,-0.074615793,-0.054033888,1.286391149,-0.03978087,-0.094750337,1.341480033,-0.580711751,-0.510658971,-0.054984308,-0.897959775,-0.863698282,0.008166563,0.167715404,0.396087946,-0.484508315,0.036621183,0.273304205,-0.725257234,-0.644357016,-0.073431278,0.363044614,-0.610830138,0.211394804,1.035068828,-0.338835026,0.972935681,-0.395564283,0.445134439,0.223543471,-0.888675565,-0.638658995,0.757763824,-0.065605757,0.383560273,-0.614151174,0.270408744,-0.563699113,0.154522039,0.581097677,1.11932953,0.134705703,0.837593785,0.847797735,-0.725463782,0.372873044,-0.697757793,-0.782196997,0.130150684,-0.603855073,-0.690750056,-0.730641385,-0.081861026,0.005982072,1.039003817,0.444365257,-0.99047563,-0.639985632,0.061753396,0.817044817,0.246860078,0.276798056,-0.39734814,0.621436333,-0.410075721,-0.852611955,1.668178407,-0.409925039,0.556811861,0.893267725,0.142367241,-1.293897512,-0.384780517,-0.217285742,-0.519530064,-0.347007539,0.056569351,-0.368747525,-1.041287222,-1.127011763,-0.889162064,0.17008027,-0.029325829,0.45989016,0.162033812,-0.804525769,-0.224895084,-1.035919219,-0.919295241,0.460079548,-0.782415648,-0.023575737,-1.115046595,-0.886974678,-1.125777957,-1.401204974,0.418183881,-0.986713196,-0.204199135,-0.203218383,-0.878994947,-0.279052746,-0.928616382,-0.641314032,-0.37353049,-1.16315081,0.741984963,-0.191523768,-0.153151179,0.724161234,0.221061385,0.65023968,-0.990744918,-0.023985363,0.375624266,-0.177095238,-0.128629143,-0.840024376,0.021957167,-0.528141346,0.358652986,-0.455075609,-0.29289564,0.562240911,-0.999400639,0.433922981,-0.16110816,-0.913793852,0.695095282,-0.555125883,-0.178648311,0.28442678,0.139066048,-0.51232675,0.645321551,0.595644599,-0.534606152,-0.358676947,-0.651429587,-1.051824127,-0.30151058,0.301954732,0.575995196,-0.456968951,-0.208624465,-0.953992599,0.136452123,0.110377907,-1.081755172,1.159550587,-0.6314878,-0.599839003,-0.809007067,-0.450044152,0.52532007,-0.347432077,-0.923818998,-0.797619202,-0.824395467,-0.600021203,0.421141587,-1.201309687,-1.115351613,-0.87803202,-1.206308864,-0.993171776,-0.658939009,-0.880682304,-0.798507696,-0.599110539,-0.612120342,-1.029739424,-0.926088574,-0.400328324,-0.343194782,-0.693147181,-0.480943249,-0.659519,-1.16860566,-0.99479296,-0.293834292,-0.758432647,-1.47797115,-0.291288568,-0.834710745,-0.490369615,-0.787897517,-0.705017353,-1.301953213,1.142118677,-1.047824122,-0.116309122,-1.381505844,-1.442653095,-0.409623743,-0.934709317,-1.220102186,-1.002938539,0.518198378,-0.863461118,-1.406905315,-1.211333159,-1.46967597,-1.292439786,-1.619488248,-0.557917231,-0.679244275,-0.461083532,-1.790959789,-0.831949583,-1.077046511,-0.551647618,-0.656429598,-0.873710284,-0.76035593,-1.006215439,-0.840487768,-0.729811165,-1.077927697,-0.59293992,-0.832869124,-0.877070019,0.247094425,-0.340239323,-0.122506674,-0.659325632,-1.4867779,-0.775225292,-0.534606152,-0.395267283,-0.794294363,-1.086189769,-0.935473551,-1.238564249,-0.918292735,-0.238637972,-0.771541248,-0.866073016,-1.105636904,-0.74675895,-1.018600351,-0.644357016,-0.572701027,-1.244447637,-0.785920581,-1.178629997,0.843203777,-0.780013114,-0.995604539,-1.510950966,-0.675110818,-0.961288098,-1.336361992,-0.313478627,-0.985105048,-0.891842051,-0.72216413,-0.907826653,-0.971539206,-1.195013063,-0.897223669,-1.25772526,-1.228265497,-1.327648166,-1.367276355,-1.022206957,-0.863698282,-1.08975166,0.205793913,-0.41113113,-0.882614206,-0.197719499,-0.740448454,-1.082345316,-1.175385347,-0.952954716,-0.926593625,-0.988055298,-0.864172778,-0.66650525,-0.501865882,-1.474033275,-1.031140574,-1.435064525,-1.250016743,-1.260190484,1.134365458,-0.984034384,-1.037611267,-1.060161102,-1.34822816,-1.038740892,-0.795844579,-0.580890498,-1.165393322,-0.931912113,-1.189412653,-1.0761661,-1.114436839,-1.345152418,-0.983232138,-0.844202655,-1.063052113,-1.208315554,0.432171951,-1.072067733,-1.285544458,-0.956852344,-0.651429587,-1.393117586,-1.235463471,-1.209655587,-1.190398684,-1.503277717,-1.147277461,-1.306374738,0.521112532,-1.258077063,-1.393117586,-0.848865756,-1.038458366,-0.685575915,-0.247436244,-1.220440997,-0.954511945,-0.768733168,-0.32628431,-1.186460379,-1.291347884,-0.216043814,-1.088562953,0.128217298,-1.712578671,-0.719491156,-0.802515718,-0.442388462,-0.895998029,-0.928110309,-1.458005209,-0.945462109,0.378710371,-0.899679466,-0.996687669,0.433209968,-1.264784944,-0.748025842,-0.887703275,0.29334103,-0.150009267,-0.636577829,-1.169571378,-1.18678798,-1.164752091,-0.819844834,-0.757579041,-0.727945686,-1.332943186,-0.805420423,-1.090644119,-1.982677873,-0.534435489,-0.508162506,-1.284098849,-0.8495671,-1.274752986,-0.960242619,-0.735219957,0.568490576,-1.285906187,0.162883863,-1.05641524,-1.864975532,-0.611751542,-0.779140894,-0.158761292,-0.278259934,-0.979496808,-0.852377406,-0.207762449,-0.696954419,-1.580364665,-1.429619486,0.150314761,-1.300483705,0.278994444,-0.798507696,-1.422958345,-0.466170983,-1.166034965,-0.740238788,-1.099913134,-0.598746505,-0.07612539,-1.15486523,-0.306253458,-2.034850658,-1.800598418,-0.196379914,-0.953733027,0.075849312,-0.406015259,-1.171505614,-1.527857925,-0.509326748,-1.407313728,-1.160274949,-1.106241316,-1.350927217,0.735871365,-0.122167634,-0.904362161,-1.220779923,-1.075872802,-0.212698293,-2.358097803,-0.967847219,-2.112791521,-1.24098263,-0.591674212,-0.763355076,-1.294262276,-1.263015345,-0.440988664,-1.414282398,0.056663847,-0.136965855,-1.059583902,-1.17409043,-0.553559166,0.40726349,-0.387134151,-1.136937403,0.595038087,-1.102319151,-1.154230712,-1.477532842,-0.931912113,-0.735637232,-2.036382052,-0.528141346,-1.103524333,0.021076326,0.460016423,-0.905598102,-1.937941979,-0.708260818,-0.622129693,-1.444771291,-1.023875943,-0.932420114,-1.10262031,-1.4929891,-0.908570609,-1.544118446,-1.063341675,-0.728359936,-0.151404454,-0.757792374,-0.678258568,-0.295848662,-0.920800887,0.574251026,-0.969164221,-1.191056579,-0.630923837,-1.096614286,-1.161552088,-0.090581378,-0.698159722,-0.163107338,-1.583770166,-1.120857898,0.297285809,-1.059295426,-1.031701583,-1.049822124,-0.818256992,-0.895508193,"EWS"
"18",0.998423561,-1.712024501,-0.700373226,-1.382700826,-0.743598724,1.178931881,1.908771838,-0.287282152,-0.287815415,0.043634037,1.938165954,-1.000759889,1.701871231,0.806743687,0.256114003,-0.59293992,0.068499416,1.005216941,-0.702995517,0.147471279,0.663254823,2.030408848,-0.034798506,1.383966654,0.871460716,1.725851121,0.305718435,0.318962692,-0.354391838,0.586062958,-0.442855497,0.217286432,0.351290474,0.53608393,1.930071085,0.94004632,-0.908818717,-0.427404016,-0.400477567,-0.966006324,0.324255053,0.906361601,-1.402017322,-0.49265832,-0.221769496,-0.121828708,1.795867686,1.100144448,2.039946791,-1.520511703,1.017835979,-0.200281882,0.290129076,-1.190398684,0.947944426,0.212769931,1.837385904,-0.901155844,0.835471056,1.45856851,1.391431145,1.72192696,0.107777592,1.219678817,0.503377959,-1.28916765,-1.54458694,0.27626717,-0.609909582,-1.002938539,-1.29974976,-1.373970611,-1.812166279,-1.323131786,-1.612944052,-0.476907406,1.337209153,-0.323102018,-1.114436839,-0.500875293,-1.32425897,-1.257373581,1.157258484,0.774773249,-1.438851612,-1.658103084,-1.242713633,0.387640523,-1.263015345,-1.210326278,-0.611198598,-0.438504962,-1.589145209,0.844150054,-1.338647708,-1.051537881,-0.645881988,-0.993171776,0.91904693,-1.468372472,0.019998687,-1.075872802,-1.019985968,0.280204183,-0.609541597,-1.250715067,0.752641752,-0.814637078,-1.16315081,-1.442229993,-1.51367329,-0.053717283,-0.929375971,0.00039992,-1.187115687,-0.765502843,-1.083822203,-0.60495317,0.626686814,0.07362214,0.024399887,-0.210967975,-1.040437725,-0.202728367,-0.050030934,0.235467301,-1.56589961,0.049266241,-1.432966769,-0.889648801,-0.311291938,-0.473369287,0.820924551,-0.70623242,-0.06272683,-0.413850165,-1.325763861,-0.350976923,-0.252701104,0.600209185,-0.196258223,-0.02809088,-1.580364665,0.14721238,0.060059756,0.862932148,-1.232372279,1.867686025,0.376722639,-1.386694441,1.88684235,0.568603845,-0.948813924,-1.220779923,-1.127320453,-1.021373508,-1.197659442,-0.306253458,0.114667075,-0.993441791,0.757529439,0.923703192,-0.596746686,0.603113058,-0.99047563,-1.010601411,-1.013352445,-0.778269434,-1.068277089,-0.550953415,-0.589327852,-1.656005548,-1.14790758,-1.263722809,-0.757792374,0.673811444,-1.209320411,1.206330024,0.194250128,1.535855956,-0.116758561,-0.36658099,-0.335892405,-1.587187303,-0.050661915,-1.30933332,-1.46403971,-1.018323457,-0.391266389,-1.204306193,-1.443076375,-1.40283033,-0.834019739,-1.067113622,-1.216720377,-0.718054816,-1.706499625,-0.975775379,-0.894773888,1.171955683,-0.935728426,1.851882004,-0.005414633,-0.316081547,0.789184369,0.817618908,-0.647791479,-0.773273225,-0.739819589,-1.088859997,-0.370194494,0.194661769,-0.545589616,0.759636922,0.920242912,-1.407722309,-0.950623411,0.796154931,-1.077633882,-1.784982485,-0.717234976,0.154436353,-0.642454066,-1.116267224,-1.362577835,-0.446130865,-1.680933914,-1.042137442,-1.491654877,-0.528989594,-1.630661549,-1.57358826,-1.628111178,-1.017493237,0.437028373,-1.183190265,-0.297059234,-1.54271428,-0.639985632,-0.870839469,0.503196597,-1.105939064,-0.875868817,0.11439954,0.156576307,1.547711434,-0.619525041,-0.503519049,-0.185245828,-0.195528384,-1.210661792,1.476820388,-1.525096764,1.338599847,-1.033386504,-0.84769794,0.112614144,-1.760842367,-1.417166025,0.570301351,0.876301724,-0.379651173,-0.725463782,-0.31814128,-1.214359897,1.697119065,-0.425871918,-0.099157572,-1.212341054,-0.247052096,-1.161871628,-0.778051688,0.320052452,-0.170906952,-1.197328262,0.338327657,-0.400328324,-0.442077227,-0.60495317,-0.210721031,1.197099235,-0.24910259,-1.01252634,-1.523719037,0.06165938,-0.267618041,1.044930178,-1.521885015,-1.394326533,-1.608938037,-0.310200384,1.791942786,-0.918543267,0.171260609,0.164496972,0.78353618,0.980016423,0.505250109,-1.164111271,-1.415105443,-0.294908118,0.667521633,-1.016387348,-0.103140759,-1.307113563,-0.331982331,-1.028619917,-1.366099654,-1.229632551,-0.240671268,-1.604450371,-1.373575589,-1.105334834,-0.567925216,0.153922082,0.294310059,1.119133612,0.444749922,0.010841023,-0.192129498,-0.522223669,-1.598992655,-1.603455841,-0.577856136,-1.114436839,1.192709612,-0.479165471,-1.542246663,1.616314216,1.419100313,1.45077038,-1.085301275,-1.147277461,1.679654035,-0.833329211,1.566363383,-0.487434671,-1.020263322,-1.373180722,-0.148268017,0.726243408,0.137324191,-0.3063893,0.317435031,-0.097282123,0.53608393,1.563058839,0.976971823,-0.832409248,-1.281934346,-0.858021824,0.028198654,0.572108852,-0.18452398,1.517892636,-0.46203546,-1.204639693,-1.083526651,-1.119631656,1.253448448,-0.02306394,-0.530008443,-1.082640519,-0.252829862,0.343731538,0.021076326,-1.27833722,1.273405579,0.438254931,-1.505979204,-0.447068658,-0.200159715,1.017980519,0.292445708,-0.775008207,-1.366491734,-1.090346544,-0.107919342,-0.986176859,0.250447386,-0.964431107,-1.641444709,0.160757379,-1.63989712,-0.972332123,-1.147277461,-0.707651867,-0.445350042,-0.046567636,-0.53034829,-0.963644428,-0.897714346,-0.237749704,-0.511992972,-1.420471813,0.876593105,-0.323792959,-1.611439915,-1.366099654,-1.228265497,-0.14363945,1.371713576,-0.245005798,-0.116084479,-0.45870767,1.005070544,-0.899679466,0.048980622,-0.541972353,-1.198985263,-1.072359918,-0.378920553,-1.749850066,-0.353964335,-0.87275243,-0.80833359,-1.021929064,0.21446601,-0.509493179,0.186147562,-0.75098818,-0.549393217,0.925527937,-0.336592244,0.555263473,-0.566690757,-0.717849793,-1.574553511,-1.000487891,1.890004731,-0.745282935,0.01498713,-1.201642189,-0.502857454,-0.197597644,-1.326894018,-1.501032039,0.095946341,-0.752472647,-0.667869373,-0.875868817,-1.295722663,-1.133514341,-1.275826908,-0.126697653,0.239331812,-0.785262469,1.65196086,-0.593844979,-1.368061593,0.246234883,-1.508236032,-0.83034242,-1.340174426,0.115914625,-1.206643033,-0.855901432,1.025826519,-0.932420114,0.625350022,0.425725147,0.723967323,-1.071775635,0.205061044,-0.020202707,-0.663394222,-0.858729621,1.110606734,1.940438062,0.475612868,0.859762708,0.028004196,-0.455864066,-1.556845462,0.62486834,0.231984356,-0.884549846,-0.392746336,-0.117658043,-1.481484548,0.194332469,0.386350244,-0.897959775,-0.520034563,-0.825536369,-0.991822794,-0.149312403,-0.309791358,0.127337248,-0.129539371,-0.099157572,-0.111155049,-1.196004635,-1.317888328,-0.863224011,-1.132893223,-0.249615872,-1.430037284,-0.922308804,-0.976571663,-1.109875481,-0.862749965,-1.264784944,0.445839002,-1.013352445,-1.071191693,0.536551848,-1.341320995,-0.954511945,0.608405952,-0.742757681,-1.196335377,-0.837941765,-1.342086106,-0.623434568,-1.03817592,-0.98564081,-0.964955904,-0.33785319,1.872939991,-0.940839605,-1.063052113,0.005385472,0.14418692,-1.262661801,-0.823939471,-1.021929064,0.88961816,-1.114741671,-0.107585211,-0.849099482,0.283297474,-0.537169599,-0.903621329,-0.818937187,0.333969106,-1.026384655,1.473434896,0.828202412,1.660701206,1.601224273,-1.292075686,-1.327648166,1.586312571,1.629946173,0.536844186,0.98972705,-1.420885806,0.406464608,-1.447319063,1.526273671,-0.100815305,-0.954252238,-0.745915246,-0.358390701,-1.174414002,-1.031982206,-1.239599982,-0.850034936,0.37939488,-0.544899604,-0.206655234,1.512860931,-0.665726585,-1.809719795,1.855954181,0.516051943,-0.262924421,0.640273691,-0.478519789,-0.280110807,0.0329511,-0.430321484,-0.555648667,-1.034511363,0.4869222,-1.099913134,-0.221395081,-1.476656801,-0.768733168,1.355886699,-1.188755839,-0.913295223,0.363809433,-0.738563044,-0.866073016,-1.650259907,0.869702142,-0.457600863,-1.350541191,-0.947007705,-0.8663108,0.372046199,0.768764727,-0.198938863,0.282694656,-0.384633599,-0.865360003,-0.527463265,-1.311558015,-0.051503843,-0.561943495,-1.329536027,1.004191713,-0.122958907,-0.150474113,0.087461276,-1.449873343,-0.721752438,-0.934709317,-1.147592471,-1.352472813,-0.626236475,0.449354394,-0.089268468,-1.165393322,0.523603636,-1.469241282,0.806966817,-0.521718065,-1.726533684,-0.736681183,-1.276901984,-1.634243031,-1.012251123,-1.300850879,-0.870123051,0.330382302,0.067471715,-1.137249172,-0.627921396,-1.481044698,0.356344889,0.554746811,-1.630150954,-0.495772821,-0.602940913,0.221942831,-1.020263322,-0.00250313,-1.38469564,-1.567336736,-1.450299691,1.066743153,-0.383165601,-1.082345316,-0.648556297,-0.887217484,1.074661068,-0.236988958,-0.454287773,-1.367276355,-0.776528789,-0.964693471,-0.839792761,-1.205640861,-0.310200384,-0.303540488,-0.360252765,-0.883339632,0.016857117,-0.615445673,-1.031701583,-1.199316993,-0.014707629,-0.785481792,-0.673148494,-0.706435075,0.077423897,-0.758646163,0.233806499,1.974358765,-0.34757363,0.388251127,-0.492494667,-1.391507928,-1.090644119,-0.971539206,0.059306106,-1.552585101,-1.051537881,-0.758005753,-0.290753451,-0.55582299,0.768022715,-0.508162506,-0.029634805,-0.503519049,0.035849653,-0.901402119,-0.654695994,-0.760142049,-1.666008264,-1.707602161,-1.432966769,0.560358369,-0.997229674,-1.450726221,0.413367138,-0.887946259,-0.918292735,-0.021938908,-0.650854268,0.400787519,-0.534094251,0.270256119,0.037295785,-0.867976872,0.439351104,-0.671972945,-0.757792374,-0.191644884,-1.200645014,-1.300483705,-1.335981547,-0.520371037,-0.678652734,0.099754833,0.426574071,0.318453731,-0.522223669,0.712802738,-1.428784413,0.413102535,-0.612304793,-1.514582381,1.930782008,-0.113840816,-1.541779264,-1.191714907,-0.550953415,-1.005121946,-1.030579878,-1.173443599,1.656741258,0.371080681,0.082409136,-1.08915713,0.909346678,-0.424495034,-0.94803943,-0.634312395,-0.645309851,-0.500050551,-1.697176827,-0.386545223,-1.106846094,-0.147108865,-1.351313392,-0.511492513,0.446287103,-0.69615169,-1.071191693,-1.113827454,-1.192044233,0.020978406,-1.828838477,-1.445619827,-1.144760945,-0.101479169,0.174541369,-0.693547261,-1.036764885,-1.316768298,-1.104429174,-0.258252728,-1.228265497,-0.660292844,-1.385894441,0.131466763,-0.671190013,0.015282624,-1.687940141,-0.028296599,0.659848895,-0.390527236,-0.447225042,-1.205974807,0.802360266,-1.117489344,-0.28941691,-1.075872802,-1.506430162,-0.340942212,-1.025826619,-0.997500787,-0.232688964,0.568773726,-0.50071029,-0.632804952,0.142107017,-0.445974651,0.037295785,-0.995063413,-0.71273783,0.331100693,-0.562469857,-0.708666992,-1.483245887,0.709709269,0.603605332,-0.101479169,0.17580034,-0.021223636,-1.263722809,-0.741707371,0.56155676,-0.328365188,0.065694103,-0.245900538,0.99927066,0.082869478,-1.33142746,-0.594932133,-0.176856517,-0.24551698,-0.266442569,-0.784823969,-0.603855073,0.463608222,0.026349775,0.517066111,-0.984837274,-0.960242619,-0.591854929,-0.142255048,-1.512311202,-0.846065287,-0.771973961,-0.854725376,-0.463942038,0.280506389,-1.499687048,-0.506003933,0.215433908,-1.109875481,-0.735011385,1.174245288,-0.149660775,-0.091128933,0.004091618,1.425202525,-0.374693449,-0.142600969,-0.835402228,-1.275468806,-1.06479074,-1.57358826,-0.904115156,-0.014910613,1.012291582,0.01350835,-0.799174585,-0.132046781,-0.136048844,0.013607003,-0.027576768,-1.34822816,0.406730973,-0.330589573,-0.491349847,-0.59529478,-0.087084107,-0.076989042,-0.150125459,1.49716467,-1.172797187,-0.858965665,0.711919866,-0.305031711,-1.146647738,0.342525308,0.356134798,-0.168773744,-0.905103542,-0.934454703,0.180319554,-1.254915283,-1.543182117,-1.409358301,-0.315670109,-0.911551978,-0.303946965,-0.262144289,-1.042988385,1.105488593,-1.687940141,-1.027501661,1.232764322,-0.814411268,-0.297597737,0.111630816,-0.486458267,0.295203714,-0.620826519,-0.611198598,-1.165072655,-1.013352445,0.880207492,-0.415666971,1.368003091,-0.107139876,-0.957633695,-1.698815724,-1.394326533,-1.07089985,-1.056127677,-0.128174339,-1.671845373,-0.27812786,0.492315361,-0.220771367,-1.000759889,-1.411407062,0.113775014,-0.324761081,-0.780886095,-1.173766962,-1.379120157,-1.595535007,-1.561600583,-0.560541216,-0.450044152,-0.224269185,-0.351829559,0.480077715,-0.466968241,-1.401611065,-0.880923588,0.420616412,-1.365315955,-0.541284831,-0.723400224,-0.644547511,-1.36335939,0.307264087,0.212527399,-0.691149178,-0.67648674,-1.512311202,0.274140802,-0.329337748,0.60273001,-0.55582299,0.660159005,-1.25772526,-1.293897512,0.399379964,0.435735631,-0.201871416,1.53598511,0.563095441,-0.577856136,-0.295848662,0.168729603,-0.190676361,-0.003205131,-0.533753128,-0.074831311,-1.38309947,0.350727292,-0.126243727,0.166192175,-0.992901834,-1.470110847,0.173280812,-0.606969484,-0.636577829,0.045164552,0.333252774,0.210989995,-0.730849048,-0.683394889,0.160246349,-0.402270217,-0.625301634,0.081026839,0.01242252,0.461845442,-0.682207241,-0.695349604,0.487659346,0.58221562,-0.440833252,-0.491513313,0.180570024,-0.010151351,0.327503567,0.482796451,-0.878272665,1.096576885,1.825709909,0.049075838,-0.628671161,-1.180581852,0.868150357,-0.17411532,-0.232562773,-0.921052049,-1.193692495,-0.783728559,-0.525600909,-1.700457311,-1.220102186,-1.328402883,-1.062762636,-1.23031678,-0.851205485,-0.706029806,-0.733552595,-0.572169254,-0.830113036,-0.977900214,-1.01721665,0.578409503,-0.922811949,0.187143247,-0.49053292,0.436446846,0.396087946,0.842558074,-1.002120988,0.697587309,-0.035627178,-0.88213088,-0.318553736,-0.654888468,-0.950882177,-0.446130865,-1.430455257,-0.51852183,0.653574405,-0.643785751,-0.390822831,-0.733969175,-1.160594081,-0.004409708,-0.418398384,0.149195566,-0.499391246,-0.448163863,0.512224645,-0.652389188,0.87007924,-0.133302847,-0.094860281,-0.688955976,1.199090907,0.488825383,0.382401169,-1.268333563,0.199178674,0.2169645,-0.718259881,-1.523260216,-1.534794369,0.287131921,-1.39513331,-0.947781399,-0.591312875,-0.155835432,-0.389345726,-1.241328591,-0.324484379,1.798139076,-0.255279421,-1.222476276,-0.446287103,-0.967847219,-0.068921445,0.577624089,0.507118762,0.097580328,1.530264827,1.233871355,-0.185366187,-0.472246142,-0.6806259,1.173781602,0.068406033,-1.624044065,0.704235478,-1.488991759,-0.163696093,-1.34822816,-0.670407694,-0.214307703,-0.194556094,-0.085557888,1.367493732,-0.589327852,-0.867976872,1.364815329,-0.266573109,-0.953473523,-1.404051083,-0.950623411,-0.552516051,-0.60531947,-0.837248525,-0.61452086,-0.489227224,-1.51367329,-1.722046857,-1.462311848,-1.428784413,-1.560647748,-1.807279281,0.540636821,-2.173312757,-1.583770166,-1.576970722,0.308219724,-1.395940738,-0.924827063,-0.846764669,-1.651302117,-0.893795654,-0.750564451,-0.680428408,0.630792939,0.852498599,-0.589688472,0.078718755,-0.749082813,-1.471416615,-0.350550877,-0.842343487,-0.144216851,-0.304353607,-0.719696516,-1.424619475,-0.732928051,-0.858021824,0.128744956,-1.267267655,-1.762006511,-1.206643033,-0.583934096,-1.530626732,-0.373239961,-0.721958262,-0.310200384,-1.006215439,-0.804749357,-1.295357366,-1.670781543,-1.213686497,-0.993171776,0.350516017,0.137672805,-0.88116493,-0.676683455,0.151346752,-1.273680217,-0.454602833,-1.261248872,-0.588787165,-0.700776208,-1.556845462,-0.456811035,-1.072944542,-1.712024501,-1.226559303,-1.327648166,-0.222893583,-0.292627615,-0.115523091,-0.155017722,-0.462988294,-1.302320927,-0.707246105,-1.276185138,-1.050965635,0.355083679,-0.30924625,-0.553385238,0.050978245,-1.39472984,-1.6321949,-0.42694414,-0.449887326,-0.714779481,0.27482477,0.721831814,-0.814411268,-1.857899272,-1.154230712,-0.661454734,-1.220779923,-1.581822745,-1.510950966,-0.192371893,-1.296453657,-1.135691297,-1.373970611,-0.008838949,-0.133417113,0.063538021,-1.236151703,-0.851908473,-0.8495671,0.202287569,-1.417578651,-0.658359355,-1.26513924,-0.968373812,-1.181233317,-0.841647189,-0.850268936,-0.919295241,-0.110708122,-0.748025842,-0.999672341,-1.229290612,-0.756299996,-0.230168166,-0.492985706,0.355083679,-1.415929166,-0.280375497,0.489928798,0.410717954,0.212203931,-0.967584026,-1.106543659,0.214627392,-0.663200104,0.268193396,-0.62008261,-0.918543267,-0.607520095,0.271705118,-1.520511703,-0.776746204,-1.348613294,-0.805868051,-1.587187303,0.251069954,-1.036482917,-0.200892942,-0.01501212,0.96842767,-0.593844979,-1.025547718,0.544473143,-0.848164903,0.047360571,-1.177006356,-1.115351613,-0.828050943,0.016463726,-0.75162411,-1.076459484,-0.028296599,-0.713758134,-0.405715139,0.30638115,0.506636863,0.049456609,-1.017493237,0.566222487,-0.328504067,-0.726910811,-0.606052474,-0.927098931,-0.852846559,-0.267618041,-1.060449828,0.323965785,0.05921186,-0.479488468,-0.691149178,-1.311558015,-0.296252023,-0.588787165,0.983725056,-1.574553511,-0.122506674,0.452793888,-0.390675023,-0.328642966,-0.827135821,-0.129653208,-1.648178741,-0.200037563,-0.580711751,-0.775008207,-0.427710717,-0.955291469,-0.865360003,0.090936995,-0.206532286,-1.420471813,-0.653926467,-1.152329571,-1.29974976,1.086269765,1.64329813,-0.11867093,-1.838851077,-0.735011385,-1.202307525,-0.40661577,-1.641444709,-0.94032731,0.776430785,-1.320881223,-0.102697398,-0.566162169,-0.00471108,-0.265268478,0.311447426,-0.717030121,-1.257022025,-0.727945686,0.15083089,-0.273121921,1.331283639,-0.363124268,0.065225785,-0.377169239,0.481685134,-0.887217484,-0.219898821,-0.35939292,0.861073961,-1.11871296,-0.861802547,-1.250365844,-1.7837913,-0.751836177,-1.099612789,-0.978432128,-1.292075686,-1.38230234,-1.00184862,-1.541779264,-0.087084107,0.08782771,0.38601042,-0.056993722,-0.918292735,-1.618478657,-1.319757837,-1.54271428,-1.528318861,-0.693347201,1.178931881,-1.176033436,-1.075872802,-0.59529478,-0.342349474,-0.231805962,0.010742097,-0.523404406,0.11546925,1.01808891,1.048721519,-1.267622831,-0.408269035,0.451903302,-1.483245887,-0.456495279,-0.262144289,-1.511857584,-1.243753674,-0.193584749,-0.654311157,-0.717234976,-0.330033013,-0.059856167,-1.152646177,-0.794515675,-1.258781041,0.044973366,0.084616846,-0.488738027,0.37183938,-1.232029402,-1.16219127,-0.652389188,-0.775225292,-1.152329571,-0.887217484,-1.0761661,-1.396344697,-1.044408235,0.853436125,-0.050767117,0.201061528,-1.203639527,-1.226218413,-0.805196684,0.029170377,-0.999944117,-0.003706862,-0.445818462,-0.75587401,-0.550779939,-0.028605257,-0.2714151,-0.477229674,-0.334354481,-0.506335718,-0.69214768,-0.647409289,-0.541113025,-0.493149439,-0.771108722,-1.055552799,1.205132132,-0.977634362,-1.172797187,-0.95010608,-1.411407062,-0.887703275,-0.476263179,-0.39630717,-0.699769057,0.048885398,-1.578908707,-0.08762975,-0.342912933,-0.49446027,0.624547089,0.058551887,-1.206643033,-1.386694441,0.342454308,-0.2338254,-0.362693016,-0.545072062,0.409058644,0.002397125,-0.463624022,-0.264225996,-1.232029402,-0.613042936,0.594982932,-0.017451394,-1.25456459,-0.829425199,0.104810364,-0.355675444,-0.56651453,0.329519551,0.822155861,-0.947007705,-0.793630719,0.4896837,0.565995395,-0.917041013,-0.760569857,-0.575008653,-0.980296062,-1.065080805,0.096400494,-0.715188311,-0.655851396,0.495975911,-0.864647499,0.256733054,-0.426484475,-0.435872771,-0.499061757,-0.506833602,0.242789304,-0.123411345,-0.327254848,0.02039069,-0.162048452,0.317653411,0.71069236,-0.503519049,0.239174368,-1.024154378,-0.429552904,-0.657587005,-0.605502671,-0.477713272,-0.717030121,0.736781218,0.806966817,-0.0927734,-0.827364523,-0.958415658,-0.322825775,0.884676218,-0.832179389,-0.612673796,-1.097812608,-1.269756545,-1.200312843,-0.798507696,-0.337292573,0.880290428,0.11064652,-0.912049738,0.102646837,-1.239945465,-0.553907113,-1.198985263,-1.040154719,-1.565421027,-1.714243027,-0.50385001,-1.544118446,-0.321032052,-0.268010173,-1.147592471,-0.721546655,-0.714575128,-0.999672341,-0.936748574,-0.398837122,1.494700235,-0.122732765,0.033628181,0.514080321,-0.265268478,-0.758432647,-0.514666323,0.883726217,0.760946006,0.220740667,-0.030768534,-0.319654452,-0.493804639,-0.177453425,-1.626584071,0.258665123,0.697238798,-0.838866835,0.042676274,-1.115046595,0.520934358,-0.343053848,-0.261234902,0.725711171,0.134530893,0.135142594,0.676865348,1.237707342,0.162543929,1.256726532,1.978252867,-0.073538903,-0.515168373,-0.539739634,-1.396344697,-1.03732906,-0.861329174,-1.486335715,0.02644717,-1.103222901,-1.259837937,-1.550226053,-1.039588948,-1.743540897,-0.43139849,-1.134757735,-1.255266099,-1.237529588,-1.223495471,-0.218529214,-0.756513056,0.33439866,-0.322411553,-1.135691297,-0.479165471,1.96412889,1.440545776,1.514445682,-0.688358664,0.293713845,-0.748025842,-0.355675444,-1.385894441,-0.261624538,-1.058430499,-0.219774234,0.850962566,-1.366099654,-0.227026079,-0.994252273,-0.636388847,-0.015418253,-0.609541597,0.464488449,-0.774357236,-0.956331781,-1.415929166,-0.528819887,-0.585010522,0.23625719,-0.008032172,-0.133074354,-0.511992972,0.431977203,-0.617854197,0.150916885,0.290727431,-0.882372514,-1.177980224,0.162118849,0.402594325,0.623636318,0.199670195,-0.952954716,-0.117433097,0.975389484,0.768903793,1.258290521,1.519119254,0.327143141,-0.387723427,0.644901868,-1.188755839,0.089109175,0.216320326,-0.180084062,-0.876589365,-0.190555362,0.14721238,1.089470631,-1.010326724,-0.55739326,-1.076752954,0.216722984,-1.039871794,1.128753446,0.096037188,0.244670182,-1.015282681,-0.129425547,-1.431291727,-1.11078609,-0.475297618,-0.848865756,-0.578034373,0.4127055,-1.304898723,-0.160051388,2.038892947,-1.243753674,-0.347149031,0.009653257,-0.586267819,-0.223143551,0.140804877,-0.816897988,1.631492903,-0.119572135,-1.290984181,-0.722781986,-0.260585847,-1.008406021,-0.681613945,-0.432476657,-0.538368127,-1.056990614,-0.730641385,-0.710089901,-0.312521362,0.893390512,-0.52661631,-0.05847693,-0.636766847,-0.835171681,0.610471844,-0.096180558,-0.27010414,-0.513161684,-0.336592244,-0.021121497,-1.530626732,-0.336172282,-0.776311422,-0.064111945,-1.115961927,-0.763140552,0.085443482,-1.219086442,-1.098712294,-0.267356706,-0.724225136,-1.024154378,-0.680033541,1.207436798,-1.420471813,-0.921554562,-0.746547957,-0.531708835,-1.434644622,-0.579997083,-1.475781528,-1.144132804,-1.373575589,-0.053084371,-1.25772526,-0.700574696,-0.703399557,-0.583575544,-0.323931205,-1.451152933,-0.407517212,1.392574599,0.684862961,-1.459295254,0.762253379,-0.897223669,-0.43912531,0.281865187,0.99768637,-0.396158549,-0.875388741,0.54927681,-1.060449828,-0.514833645,-0.367447041,-1.105939064,-1.607939036,-0.774574179,-1.496109227,0.552159487,-1.110178925,-0.918292735,0.233014671,-0.101700555,-0.778269434,-0.032523192,-0.963644428,-0.618967782,-1.134135845,-0.345593711,-1.076752954,-0.677470701,-0.898205264,-1.272965676,-1.192703212,-1.27833722,-0.840487768,-0.858257701,0.315759195,-0.93623837,-1.07382212,-0.024497632,-0.546452801,0.154093535,-0.369615455,1.182892161,-0.638280279,-0.572878348,-0.740867917,-0.154434053,-1.441384327,-1.449447176,0.310054923,-1.120551196,-0.983499482,-1.043272194,-1.582795981,-1.233058385,0.953817704,-1.014454981,0.81257331,-1.072359918,0.412109651,0.777809968,0.938600019,0.63700002,0.453238883,1.861751841,-1.129174594,-1.179280192,-0.906340401,-1.071483621,-0.589147591,-0.724844267,2.016608233,-1.296088093,0.243808552,-0.271677498,0.045355702,1.188605327,-1.263722809,-1.209990877,-0.263965546,-0.328504067,-0.373094728,-0.248461359,-0.164992575,0.099030523,0.59525868,0.072599692,-0.267226064,-0.796731497,-1.243753674,-0.914292729,-0.667479434,-0.85143976,-0.761640177,-0.759073331,0.180319554,-0.756299996,-0.801623657,-1.193692495,-0.393783603,-0.825993094,0.344936315,0.813283002,0.369215975,1.148576367,-0.513997315,-0.939559359,-0.974979728,-0.64055473,-0.073216062,-0.560190953,-1.088859997,-0.495608658,-0.968900682,-1.212341054,-0.953733027,1.545944179,-0.290619716,-0.02040681,-0.895753081,-0.831949583,-0.164874643,-0.717644812,-0.357103607,0.608786832,-0.807436327,-0.255795884,0.535966916,-1.11078609,-0.653734178,-0.286749174,0.125839385,-1.395536942,-0.168418652,-0.213812224,-0.220397326,-0.979230532,-0.371208619,-0.524079739,-0.177095238,-0.780667778,-0.154434053,-0.215423428,-1.042421009,-0.375275437,1.06546907,-1.143818882,0.109302735,-0.421137278,0.107777592,0.005683816,-1.357901287,-0.757579041,0.451839659,-0.785920581,0.191363885,-0.838404193,-0.22614806,-0.923567141,-0.451613764,-0.250386288,0.826234725,1.033042124,0.306749135,0.531157523,-1.083822203,0.722754525,-0.494624244,-0.953214086,0.134268621,-0.698964066,-0.770028225,-1.333701911,0.093854575,-0.643405089,0.506215011,0.514319513,-1.298283484,-0.664171072,-0.295983097,-0.685972977,0.324833338,-0.280243143,-1.170538028,0.025765208,-0.559140901,-1.031140574,1.816907263,-0.671581403,-0.149080223,0.427748316,-0.16511052,-1.09422194,-0.195406796,-0.47096409,-0.700373226,-1.00184862,0.223943231,-0.315670109,-1.455858825,-1.918003196,-1.481044698,-0.257864404,-0.310336763,-0.248076818,-0.325314714,-1.282294771,-0.432014443,-0.773706688,-1.178305058,-0.127151786,-0.436646226,-0.06443186,-1.067986095,-0.683989243,-1.411817318,-1.282655326,0.653106131,-1.061316504,-0.689553645,-0.282628198,-1.544118446,-1.207980826,-1.605445891,-0.959459227,-0.611567194,-1.509140191,1.265481741,-0.412036653,-0.406165353,0.551814004,-0.401971219,0.572503808,-1.635268672,-0.48694635,-0.401224114,0.323459364,0.092943746,0.31990722,-0.010555514,-0.307748735,0.178146185,-0.203218383,-0.14792013,1.155433609,-1.338266392,0.162118849,-0.663006024,-1.151380354,0.372528608,-0.891842051,0.358932394,0.001399021,-0.333237474,-1.026105598,-0.089705913,-0.686966321,-0.609173747,-1.357123984,-1.140998005,-1.769019982,-1.155500151,-0.707651867,0.733761153,-1.025547718,0.676916167,-1.031701583,0.38390093,0.001998003,-0.709683149,1.259369668,-0.741497442,-0.69214768,-1.127629238,-0.997500787,0.603605332,0.633131748,-0.697958738,-0.798729943,-0.020304753,-0.650662569,-0.223643676,-1.953337665,-1.087375657,-1.329536027,-1.223495471,-1.234432012,-0.538196821,-1.608938037,-1.272251645,-0.706637771,-0.877070019,-0.938536341,-1.071483621,-0.962596485,-0.272071225,-0.343053848,-0.109480101,-0.51232675,-0.224519497,-0.461083532,-0.146066776,-0.470643834,-1.608938037,-0.937003773,-0.878754128,-1.331048887,-1.016111067,-0.3063893,-1.429201862,0.991398204,-0.760783829,0.349811444,-1.732170678,-1.17409043,-0.170313938,-1.355183366,-1.261248872,-0.364563117,0.478839478,-0.291556234,-1.366883968,-0.477390848,-1.074114817,-0.62511477,-1.462311848,-1.116267224,-0.501535577,-0.387281438,-1.210997419,-1.285906187,-0.650662569,0.662430208,-0.666115842,-1.127320453,-1.05641524,-1.184497028,-1.171828351,-0.953473523,-1.574553511,-1.720369473,-0.823255866,-0.73459437,0.332392497,0.324110429,0.235704333,-0.987249821,-0.854020406,-0.619710862,-0.576431381,-0.320618573,0.666649189,-0.751200112,-0.689553645,-0.736263472,-0.258511695,-0.196258223,-1.362577835,-0.788557365,-1.21402314,-1.683084453,-0.998585975,-0.763998922,-1.258781041,-1.385894441,-0.741287556,-1.190069899,1.099578488,-1.516858731,-1.516403046,-1.191385689,-1.027222293,-1.516403046,-0.166645077,-0.467766134,-0.396158549,-0.766578459,-0.801623657,-1.10835964,-0.305167387,-1.443923474,-0.238384101,0.22218309,-1.670250052,-1.290620611,-0.792967516,-1.431710225,-0.508162506,-0.274568433,1.928386067,-1.235119533,-1.636809109,0.06165938,-0.326838788,-0.535118316,-0.996687669,-0.737935363,-1.113827454,-0.920549789,-0.257734996,-0.677273831,0.34344785,-1.044692447,0.45412828,-1.302688777,-1.700457311,-0.716415807,1.08960518,-1.301585633,-0.873470735,-0.073538903,-1.127938118,-0.908570609,-0.030459207,0.21390097,-0.66087362,-0.953473523,-0.737935363,-1.823250136,-0.639985632,-0.052241112,-1.480165577,-1.508236032,-1.611439915,-1.250016743,0.671361588,-1.36179689,-0.396753168,0.504042671,0.11546925,-0.032833157,-1.05010788,-0.760783829,-1.120244589,-1.442653095,-1.317888328,-1.810330855,0.816602984,-0.333377032,-1.223155624,-0.989668202,-0.721340915,-1.554003206,-0.158526908,-0.95972029,0.13058957,-0.811030221,0.130326262,-0.843272639,-0.806315879,0.163138737,-0.434790937,0.4152174,-1.167962367,-0.662811981,-0.674521716,0.719058562,-0.500050551,-1.125469743,-1.424203934,-1.382700826,-0.027988037,-0.949072221,0.518674739,0.742889272,-1.179280192,-1.03563749,-1.017769901,-0.360826406,-0.749505914,0.131729771,-1.300116665,-0.281567471,-1.463607464,-1.125161624,-1.308592853,-0.929375971,-1.73556819,-0.216416231,-0.455390917,-1.693907069,0.061847403,-0.105916226,-1.95970486,-1.079986825,0.155720875,-0.571106555,-0.012578782,0.200079612,0.034304804,0.353891073,-0.682207241,-1.806670082,-0.73459437,-0.501040323,-0.419462618,0.349317947,-0.629233855,-1.221797389,-1.039023497,-0.269973139,0.111899092,-1.329536027,0.361164849,0.403262685,0.220339624,0.115380151,-0.688756832,-0.063365876,0.498834011,1.072542061,0.951078557,-0.012680053,1.856688539,-1.242713633,-0.713145827,-0.898696423,-1.804236991,0.251692135,-0.160873226,0.03854741,-0.731888009,-0.121941671,-1.042704657,1.32855931,-1.332185035,-0.228156093,-0.766578459,-1.09631493,0.331675034,0.069432775,-1.26513924,-0.732928051,-1.276185138,-1.038740892,-1.822631133,-1.578908707,-1.72878467,-1.116267224,-0.817803785,-1.224856015,-0.877550904,0.220419845,-0.211585602,-0.598200703,0.103819329,-0.038013442,-1.973281346,-1.390302383,-1.559695821,0.321793602,-1.384296358,-1.215033752,1.030690272,-1.052683357,0.108136659,-1.474907019,-0.462988294,-0.399582445,-1.362968536,0.115380151,-0.598382604,-0.302186759,-1.637323116,0.136539364,-2.289668868,-1.386694441,0.499137584,-1.595535007,-1.54928399,-0.014606152,-0.303946965,-1.072944542,0.068779515,-0.077853439,-0.307204739,-0.80609194,-0.482562158,-0.59529478,-1.114436839,-0.112273242,-0.973919845,-0.771757581,-0.756299996,-1.597509342,-0.447068658,-0.932166081,-1.334461212,0.385466462,0.298399436,-0.010050336,-1.387495082,-0.164520932,0.524373436,-0.306253458,-0.153267736,-1.576486812,-0.282760868,-0.557917231,"EWS"
"19",0.856753019,-2.53577898,-0.272596435,-1.677716753,-0.875388741,1.037410417,1.603540557,-0.400179104,0.0605305,-0.010050336,1.893608828,-0.307612708,1.581305892,0.639429898,0.266203041,-1.083231187,-0.069993372,0.89023419,-0.852142912,-0.378336441,0.738837306,2.032520255,-0.391710143,1.250646445,1.113303837,1.691128492,0.527269676,0.189297171,-0.43139849,0.001698557,-1.06363132,0.172776144,0.706014046,0.282543895,1.271220153,1.303102951,-0.80430223,-0.457284857,-0.698561813,-1.258781041,-0.422967383,0.405931666,-1.38230234,-0.736681183,-0.520034563,0.056096739,1.72044247,1.348540572,1.915657106,-2.259525604,1.461216288,-0.154084015,0.410916887,-1.664950622,0.357814295,0.064100925,1.811300624,-1.500583508,1.128429957,1.555973843,1.52690377,1.576708088,-0.423578164,1.457847286,0.371494589,-1.938636665,-2.709050701,-0.882855956,-0.967847219,-1.939331834,-1.30933332,-1.833206659,-2.139616265,-1.474470052,-1.655481851,-0.155835432,0.986562785,-0.509659637,-2.663554961,-0.46808547,-2.33407576,-1.89578754,1.177331043,1.96442343,-0.46968368,-2.365524893,-1.184497028,0.021859334,-1.039588948,-0.968373812,-0.653157532,-0.428017513,-2.319731252,1.010036052,-0.093871216,-1.186460379,-0.251285857,-2.015903521,1.098845595,-1.128247094,-0.027782381,-1.239254618,-1.207311706,-0.636577829,-0.889162064,-1.357901287,1.340485997,-0.861565832,-0.834710745,-1.943513024,-1.976884953,-0.15082289,-1.054404034,0.027031339,-2.22192719,-1.290620611,-2.00619108,-0.291823972,0.794394248,0.24043322,-0.181282097,-0.15455076,-1.901797574,-0.262274269,-0.225521376,0.564802315,-0.035627178,0.121066528,-1.95970486,-0.329754849,0.048027969,-1.109875481,1.392972016,-0.984301942,0.087461276,0.090663035,-0.985908799,0.088285565,-0.30924625,0.54598039,-0.403167749,-0.609909582,-2.582298996,0.16279889,0.060812839,0.019802627,-2.034850658,1.617247339,0.288106982,-1.968974089,1.994673102,0.858831096,-1.11108981,-1.495216768,-0.662230078,-1.62455155,-1.569256123,-0.126470664,0.111273002,-1.39070407,0.459700736,0.437803216,-0.867262501,0.679251075,-1.054117049,-0.985105048,-1.399176987,-1.220440997,-1.359068375,-0.728774358,-0.094750337,-1.655481851,-1.066241909,-1.707050741,-0.564929883,0.831647458,-1.670250052,0.864871114,-0.183322057,1.606413343,-0.72216413,-0.358247608,0.156319754,-1.897786874,-0.824395467,-1.228607085,-1.547402522,-0.418550348,-1.214696768,-1.697176827,-1.764922815,-1.301585633,-1.11078609,-0.863935502,-1.654435278,-0.278524135,-2.093134869,-1.253163049,-0.237242476,0.938013084,-2.32995629,1.9750389,-0.163107338,-1.24897017,0.783399135,0.468377308,-0.310609577,-0.887946259,-0.845366394,-1.14696255,-0.270366195,0.3723908,-0.907826653,1.217461423,0.99299248,-1.303056763,-0.71070034,0.855308546,-1.262308381,-1.855978042,-0.495772821,0.131291386,-0.658359355,-2.058854908,-1.49923912,-0.577143505,-2.569158202,-1.318261951,-1.672377712,-0.710293339,-2.245260026,-2.288682188,-2.360214206,-1.683084453,0.458753078,-1.818308804,0.007074914,-1.884532869,-0.158878505,-1.032262908,0.87200441,-1.479726306,-1.144446825,-0.085775777,0.743887822,2.110310165,-0.557742544,-0.545762194,-0.377315065,-0.155017722,-1.98195192,1.933114345,-1.662311402,1.303320278,-0.986713196,-0.5407695,-0.433247489,-2.3330443,-1.465770563,0.435412184,0.401925518,-0.50385001,-0.773056564,-0.600932697,-1.738977284,1.479670854,-0.711718566,-0.035938107,-1.52924137,-0.384046141,-1.583282955,-0.868691753,0.243495048,-0.164638822,-1.512311202,0.196635291,-0.753746803,0.279070096,-0.735011385,-0.151753555,1.333183627,0.223783347,-1.050393716,-1.989966535,0.45139404,0.136277618,1.275111372,-1.508236032,-0.40167231,-1.848329821,0.59751695,1.972259924,-0.678849876,0.595534352,0.265052954,0.726340148,1.3379441,1.196706468,-1.974001029,-1.699909816,-0.231932057,1.216750817,-1.384296358,0.206200831,-0.702187925,-0.201749054,-1.323883101,-1.637837387,-1.621004549,-0.308293026,-2.223773913,-2.041760475,-1.783196239,-0.872034641,-0.242708707,0.324544237,0.975012368,0.596415992,0.017250353,0.057985849,-0.693947501,-1.60743991,-1.763755273,-0.645119212,-1.541312083,1.658209029,-0.953733027,-1.5847453,1.535683724,1.507737358,1.138762057,-1.358290165,-1.393923388,2.084217618,-1.151380354,1.792092747,-0.36686959,-1.458005209,-1.48943512,-0.336452237,0.427422275,0.264669298,-0.308020843,0.021076326,0.687833086,0.261209752,2.079529038,1.243087743,-0.250257844,-0.798285499,0.039124555,0.637951545,0.840143759,-0.033039854,1.522441081,-0.6919479,-2.203645145,-0.735428573,-1.590125601,1.406146007,0.139761942,-0.541628533,-1.063052113,0.003294567,-1.622523152,-0.398390194,-1.65286747,1.010436598,0.276646403,-0.500545314,-0.627172192,-0.748237147,1.642601859,0.237283115,-0.398688124,-1.859182146,-1.045830103,0.007074914,-1.167640875,-0.093871216,-1.455001559,-1.915283956,0.249279025,-0.035627178,-1.577939245,-1.347843175,-1.05641524,-0.585190039,-0.71355399,-0.284753033,-0.589688472,-0.327532317,-0.350408902,-0.957112726,-1.631683521,0.388251127,-0.496265472,-1.742969305,-1.635268672,-0.873231242,-0.747814582,1.430598287,-0.37571215,0.125133731,-0.362261951,0.736733351,-0.75395932,-0.323792959,-0.542660347,-1.246880305,-1.548342813,-0.904362161,-1.73556819,-0.638658995,-0.886974678,-1.812778836,-0.809456303,0.228807481,-0.735011385,0.292669614,-0.83034242,-0.657394011,0.647678993,-0.263705163,0.87559373,-0.568278199,-1.284821392,-1.926892143,-1.506881324,2.07839099,-0.692747261,-0.174591511,-1.909192566,-1.593072558,-0.428477882,-1.627092848,-2.104554242,0.061847403,-1.00758399,-0.981629573,-1.071483621,-1.623029866,-1.537117251,-1.165072655,-0.262144289,-0.004610613,-0.825079852,1.535080678,-0.555997342,-1.506881324,0.129799438,-1.864330162,-0.816219178,-2.003221516,0.371218669,-1.388697246,-0.989937272,1.170808912,-1.194022473,0.703048005,0.252857681,0.971536206,-1.100814712,0.501744515,-0.32406947,-1.049536451,-0.563172104,1.485211664,2.035254517,0.987531741,0.714908672,0.396558899,-0.271546291,-1.087969129,0.6917462,0.355153788,-1.308963018,-0.083599024,0.151088854,-1.308222826,0.04964694,0.490173836,-0.963644428,-0.3013754,-1.29974976,-1.277978218,-0.296790091,-0.442855497,-0.327532317,-0.321997503,-0.524924548,-0.530858278,-0.801177925,-2.076246651,-0.816219178,-1.053830146,-0.079692769,-1.857258451,-0.858021824,-1.292439786,-1.087969129,-0.917041013,-1.641961104,-0.200648473,-1.478848343,-1.449873343,0.609874261,-1.422543494,-0.52239226,0.633184839,-1.03563749,-1.145075163,-0.273384768,-2.391416307,-0.684980618,-1.003483944,-1.371997056,-1.251413879,-0.070315174,1.415877435,-1.719252778,-1.609938037,-0.524755529,-0.063152815,-1.519597208,-1.677716753,-1.253863574,0.578970135,-1.998045903,-0.065285467,-2.137918471,0.045833416,-0.364563117,-1.398771883,-1.183190265,-0.768948894,-0.786579125,1.654984727,0.253711553,1.758047555,1.70765296,-1.718694898,-2.026469657,1.054416554,2.08323434,0.078348966,1.282793227,-1.269756545,0.799037556,-1.7418271,1.852274281,-0.666310527,-1.540378377,-1.000759889,-0.798507696,-2.577021939,-1.156453288,-1.235463471,-1.123930097,0.484461114,-1.095417398,-0.089815304,1.539165651,-0.450514777,-2.308603165,1.871540604,0.139674982,0.07723878,0.922193278,-0.15665381,-0.402270217,1.4140068,-0.011566636,-0.27089051,-1.62964062,0.206607583,-1.532476871,-0.361256853,-2.029509173,-0.816445397,1.384542828,-1.343618087,-0.519866368,0.54696467,-0.818256992,-0.920800887,-2.130313872,0.933344486,-1.003211204,-1.442229993,-1.062183932,-0.636010989,0.511445432,0.658089789,-0.257088207,-0.300294611,-0.112049504,-1.452006904,-0.432168491,-1.407313728,-0.404215889,-0.548873691,-0.117433097,1.437676402,-0.310746012,-0.384192973,-0.048350261,-2.015153052,-0.401971219,-0.23597553,-1.305267522,-2.285727976,-1.297185186,0.631963027,-0.738563044,-2.087473713,0.414755155,-2.292634762,0.553252729,-0.359536176,-2.692669099,-1.068568167,-1.290257173,-2.266253164,-1.627092848,-2.265289308,-0.973655049,0.246156706,0.233093882,-1.96254779,-0.262014326,-1.560171671,0.178982656,0.482673032,-1.847695102,-0.333377032,-0.949847515,0.483906534,-1.136937403,0.210098838,-1.603455841,-2.152442435,-1.419644341,1.295192813,-0.46029095,-1.093326284,0.015676479,-0.798729943,1.354416622,-0.117995558,-0.240925721,-1.26513924,-0.882372514,-0.467127769,-1.660205029,-1.552112846,-0.555474375,-0.2424538,-0.49200387,-1.567336736,-0.482724194,-0.425871918,-1.111697528,-1.395940738,-1.248621556,-1.840739651,-0.328365188,-1.042704657,0.359909706,-0.696352312,-0.74675895,-0.1889837,-0.124090385,0.607044482,-0.076989042,-1.474470052,-1.361406646,-1.337123317,-0.220148042,-0.905598102,-1.078221599,-0.854255341,-0.390675023,-0.88673193,0.531451442,-0.724225136,-1.161232651,-0.241434821,0.055434707,-1.223835433,-0.634689611,-0.665142984,-1.835711357,-1.712578671,-1.615959129,0.413830024,-1.167319487,-2.635264531,0.414160526,-2.050271164,-1.125161624,0.272847583,-0.720723948,-0.111378588,-1.159955919,-0.41143288,0.157431008,-0.693147181,0.057419491,-1.616462527,-1.41551722,-0.247180129,-1.648178741,-2.659260037,-1.600973834,-0.267879445,-1.915283956,0.537545448,0.372804166,1.158766211,-0.562996496,0.685719665,-2.113618993,0.73164648,-0.468884256,-2.013653801,1.806664502,-0.119121431,-2.057288737,-1.712578671,-0.910805802,-1.591106956,-1.193362625,-0.836555764,2.098005657,0.537779093,-0.13079229,-1.102018082,0.351712652,-0.562820919,-0.70097776,-1.609938037,-1.051537881,-0.724225136,-1.584257614,-0.485157877,-1.445195469,0.27748021,-1.723727059,-0.60495317,0.307190539,0.152034156,-0.758219177,-0.818483672,-1.926892143,0.488027715,-2.281802554,-1.07557959,-1.197990733,-0.72505073,-0.218529214,-1.117183674,-1.679860377,-1.729912066,-1.784386715,-1.56303154,-1.760842367,-0.828050943,-1.746977326,-0.072140678,-0.250643225,0.226099179,-2.159350925,0.833169958,1.194740316,-0.166054584,-0.840487768,-1.091537375,0.538071073,-1.474033275,-0.283026261,-1.526476392,-1.964685304,-0.262924421,-1.317514846,-0.63714499,0.298028365,0.031401763,-0.301645779,-0.655273528,-0.444569828,-0.588066704,-0.357389485,-1.528318861,-0.779140894,-0.097502581,-0.373385215,-0.458391314,-1.485893726,1.063192343,0.609221946,0.30417039,0.660314023,0.120268832,-1.121471583,-0.509659637,0.671003816,-0.164756726,0.42199441,-0.234078116,1.274915773,0.020096702,-1.459295254,-0.786798737,-0.740867917,0.425006263,-0.343899752,-0.902387827,0.352486183,0.745692191,0.05287704,0.578072973,-1.393520406,-0.983232138,-0.923315347,-0.213564577,-2.032557956,-0.693747361,-1.780226233,-0.390675023,-1.301585633,0.347906614,-2.044846897,-0.604220971,-0.022961612,-1.522343206,-1.142877705,0.862045717,-0.067850667,0.297657155,-0.549046837,0.536259425,-0.404665428,0.572165284,-0.994252273,-1.938636665,-0.172688108,-2.048718369,-0.837248525,-0.929629296,1.525055803,-0.367447041,-0.858965665,-0.226022692,0.721102757,0.771126222,0.135666611,-1.942117351,0.33611503,0.143753964,-1.042421009,-0.528819887,-0.012680053,0.054961558,0.387911949,1.302205981,-2.319731252,-1.084117843,0.686374296,-0.213564577,-1.479726306,0.095491981,0.413631671,0.368939427,-0.430475271,-1.102319151,0.880083075,-1.720369473,-1.634243031,-1.681471115,-0.041864204,-1.053830146,0.47100313,-0.489064132,-1.249318906,1.382010197,-1.251413879,-1.292439786,0.947091481,-1.367276355,-0.407667532,0.102195512,-0.815766894,0.235467301,-0.694748462,-0.401821753,-0.938791997,-1.255968099,0.811196847,-0.007830579,1.000705407,-0.552516051,-0.776528789,-2.305589602,0.323169865,-0.428324402,-0.640175296,0.540869745,-2.53451715,-0.040093094,0.86907333,-0.018469516,-1.136937403,-1.432966769,0.652012637,-0.186570571,-1.281213885,-1.047824122,-2.350725468,-0.844435295,-2.034850658,0.017643435,-0.442699795,-0.074615793,0.114131934,0.102105223,-1.103825856,-2.3892329,-1.078515587,-0.01501212,-0.682207241,-0.594932133,-1.937941979,-0.511992972,-1.556371191,0.850193663,0.273684563,-0.791642427,-0.686568865,-1.659153505,0.033628181,-0.746126105,0.464551292,-0.816445397,1.000668644,-2.121097217,-1.677181565,0.486614895,0.776660781,-0.991553216,1.323327937,0.107687805,-0.849333264,-0.13079229,0.295799041,-0.237115709,0.309174448,-0.808109199,-0.527632742,-1.743540897,0.30638115,-0.067101804,0.379189577,-1.221797389,-1.928954708,-0.147108865,-0.696753676,-0.713349888,0.204083049,0.239331812,0.156063136,-0.840951375,0.807814256,-0.197475805,0.053730322,-0.763998922,0.461593362,0.197866768,1.296615794,-0.968900682,-0.945977042,0.317944511,0.021565778,-0.378044513,-0.851908473,-0.25747623,-0.395564283,-0.041551427,0.37163252,-0.810355381,0.704383812,1.479556992,0.057230633,0.059777204,-1.207311706,1.322928485,0.037681067,-0.214803427,-0.724225136,-1.191385689,-0.863461118,-0.350834887,-1.799993274,-1.463607464,-0.964168812,-0.926088574,-1.767261998,-1.309703759,-0.498238508,-0.47545848,-0.796953349,-1.115046595,-1.317141502,-1.258781041,0.144360051,-0.952436179,0.131729771,-0.351118978,0.338185055,-0.183201944,1.000300943,-0.647027245,0.991954636,0.315613337,-1.002393431,-0.072678225,-0.355818168,-0.571283593,-0.229287386,-2.061994628,0.396424363,0.552159487,-0.359966068,-0.761211911,-0.719491156,-1.335221091,-0.71273783,-0.462829425,0.453238883,-0.524586539,-0.410377152,1.006277677,-1.006489,1.080380427,-0.160403521,-0.216913002,-0.889162064,0.919804551,0.072413681,-0.024395157,-2.191938573,0.010247316,0.139240067,-0.924827063,-1.985586966,-1.686318957,-0.081101601,-1.987044692,-0.997229674,-0.738353773,-0.046148656,-0.166054584,-2.090704734,-0.39630717,2.023453031,0.26174869,-1.100814712,-0.629233855,-1.497896538,-0.268664067,0.717693441,1.119623336,0.214950076,1.695670653,1.137993245,-0.271546291,-0.83378951,-1.037046933,0.022543964,-0.21815601,-1.936554054,0.577848556,-2.27789248,-0.582679728,-1.557794679,-0.865835288,-0.267748735,-0.171856507,-0.112273242,0.670134406,-1.15518264,-1.294992203,1.465013116,0.166022784,-1.143191332,-1.924148657,-1.850872734,-0.318416232,-0.570221834,-1.25281297,-1.066822966,-0.666115842,-1.673976434,-2.675099101,-2.275943162,-1.935860813,-2.099644249,-1.748125432,0.788093658,-3.208925494,-2.073061935,-2.429282746,0.634086959,-1.452006904,-0.998043234,-0.823711551,-2.400197922,-1.330670457,-0.62008261,-1.39513331,0.388996915,0.453429535,-0.365715689,-1.737271284,0.119647962,-1.597509342,-0.606786015,-1.335601247,-0.71233,-0.577499757,-1.127629238,-2.081844426,-1.552112846,-0.784823969,-0.781104459,-0.837941765,-2.067512971,-1.932401799,-1.205640861,-2.310617265,-0.545589616,-0.942121492,-0.272596435,-1.16315081,-0.759073331,-2.324830702,-1.989235274,-0.506169812,-1.254214021,0.519507824,0.099121091,-0.792304752,-1.014454981,0.353188875,-2.095570924,-0.562820919,-1.639381789,-1.020818261,-0.642644198,-2.791975436,-0.334075112,-1.319009614,-1.975441952,-2.268183666,-1.256670593,-0.271283927,-0.506003933,-0.269973139,-0.003506139,-0.413245295,-1.801203928,-0.677470701,-2.60775248,-0.517682411,0.267351806,-0.574475651,-0.970482961,-0.598564538,-2.365524893,-2.115275995,0.072506691,-0.339256108,-1.726533684,0.277177088,0.222583394,-1.717023123,-2.210917904,-2.234926445,-0.786579125,-1.833832246,-2.217325249,-2.362335097,0.056474847,-2.439550948,-1.061605563,-2.336141877,0.394134492,-1.359068375,-0.18224156,-1.555423324,-1.930332119,-0.620826519,-0.168300315,-2.168928708,0.075849312,-1.65652952,-0.715597309,-1.357901287,-1.014179233,-1.171828351,-1.187115687,-1.332943186,-0.786579125,-0.864647499,-1.62049886,-0.676290063,-0.767009029,-0.584472164,-0.053400777,-1.98195192,-0.851205485,0.686021856,1.420647477,0.346705413,-1.980501594,-1.597509342,-1.966827397,-0.889648801,0.23039718,-1.149169012,-0.846065287,-0.251285857,0.366308393,-2.012156795,-0.548700576,-1.926892143,-0.826450028,-1.942117351,0.345290385,-1.080870607,-0.451142622,0.028198654,1.088730289,-1.201974802,0.05704174,-0.56124211,-0.657780037,-0.537511889,-1.457146102,-0.904609227,-1.364924335,-0.603306477,-1.307483181,-1.272251645,-0.822345119,-0.944433038,-1.01721665,-0.29289564,-1.033948775,0.284050486,-1.478848343,0.196963834,-0.773273225,-1.091537375,-0.705219762,-1.26940061,-0.936493439,-0.530178352,-1.399176987,-0.131476363,-0.008536331,-0.918543267,-0.840024376,-1.777856564,-0.417031744,-1.066532395,0.844450955,-2.561355822,-0.602940913,0.481438007,-0.078610401,0.345502767,-0.93623837,0.521824909,-2.110313205,-0.056782014,-0.043429558,-0.790319092,-0.552342304,-0.730226189,-1.326894018,0.196799576,-0.48207621,-1.406088988,-1.118406916,-2.164563795,-2.293625352,0.87563539,1.843371046,-1.810942289,-1.362187286,-0.816219178,-1.631172405,-0.28143496,-2.146436411,-0.901155844,0.729238001,-1.635268672,-0.268140917,-0.146993024,0.085076172,-0.50120538,0.533506458,-0.842111334,-1.915963073,-0.48694635,0.436705344,-0.040405415,0.997501987,-0.532560116,-0.201626708,-0.081752502,-0.015418253,-0.704208128,0.154864711,-0.565986035,1.006789355,-1.310445049,-1.020818261,0.218492753,-2.286711744,-2.190149664,-0.796287939,-1.14790758,-1.295357366,-0.845599304,-1.084117843,-1.839480205,-0.334494194,0.184319559,-0.07396952,-0.101036544,-1.301585633,-1.854699269,-1.178955041,-1.560171671,-2.234926445,-0.646072773,1.425995728,-1.916642651,-1.206643033,-1.269756545,-0.424495034,-0.457126891,0.386961637,-0.569691377,0.050407903,1.357431816,0.719594351,-1.90851803,-0.991283711,0.521468784,-1.878625402,-0.147456469,-0.648365038,-2.009915479,-1.341320995,-0.6361999,-1.024154378,-1.023597585,0.027809701,-0.180922536,-1.581336482,-0.689752947,-1.836338513,-0.399582445,0.135142594,-0.436646226,-0.140527235,-1.648178741,-1.328780455,-1.353633579,-1.170860453,-1.561124052,-0.698964066,-0.849333264,-1.618983325,-0.433555988,1.287771526,0.215514524,-0.002904213,-1.537582475,-1.062473242,-1.151380354,-0.245772669,-1.495216768,-0.73168013,-0.91130319,-0.917291232,-0.649130295,0.013212331,0.240747685,-0.746547957,-0.515503213,-1.195343478,-1.087375657,-0.958676448,-0.064111945,-0.342490309,-0.804078741,-1.350155315,0.837463951,-1.226559303,-1.200977295,-0.881647788,-1.777265023,-0.818483672,-0.525093596,-0.49200387,-1.060738636,0.388725784,-0.591312875,-1.342086106,-0.71396232,-0.339115728,0.185233978,-0.580354353,-1.202307525,-1.377929445,-0.095850326,-0.084469157,-0.633746837,-0.369760183,0.248577353,0.449354394,-0.674914412,-0.422662133,-1.964685304,-1.173443599,0.309394639,-0.318691259,-0.810355381,-1.843895224,-0.21121498,-1.20764621,-0.373094728,0.443787982,0.367555535,-1.496109227,-0.146761381,0.589341012,0.489070692,-1.362577835,-0.477229674,-0.522898205,-0.98564081,-1.172797187,-0.077961541,-0.591854929,-0.840951375,0.224103091,-1.020540753,0.333181113,-0.750564451,-1.293532881,-0.479004011,-0.316355933,0.502833774,-0.328226328,-0.505506462,-0.31525884,-0.777398733,-0.220771367,0.038258712,-0.71355399,0.207908079,-1.381107834,-0.302457358,-1.231001477,-0.580890498,-0.420832585,-1.765507098,1.033575866,1.167485153,-0.345169952,-0.403616817,-1.438851612,-0.099820335,0.917809578,-0.969164221,-1.087969129,-0.902634405,-2.155027529,-0.798507696,-1.152646177,-0.010151351,1.035565987,0.295427003,-1.236495996,-0.20911738,-2.044846897,-0.864884944,-1.587187303,-0.91130319,-1.826972225,-2.272055888,-0.896978421,-1.28157405,-0.473529839,-0.163225061,-0.577856136,-0.555474375,-1.184823985,-1.538979449,-1.517770724,-1.193692495,0.943905899,-0.618782099,-0.154200681,0.630473586,-0.258770729,-0.477068527,-1.614450454,0.527800728,0.791135589,0.586897381,0.477537677,-0.741287556,-0.298001805,-0.141678778,-2.079441542,0.110019645,0.023814178,-0.967320903,0.41177847,-1.101416216,0.418776122,-0.322825775,-0.439435628,0.885295298,0.464425601,0.384922207,1.17167686,1.200265942,-0.643214812,1.580441552,2.109970747,-0.111490376,-0.499556032,-0.83034242,-1.34822816,-1.227924025,-1.790360448,-2.479322271,0.642590457,-1.271894821,-1.769606665,-1.619993426,-1.466203744,-2.326877786,-0.453185844,-0.356532097,-1.573105983,-1.38469564,-1.787966671,-0.245644817,-1.502828177,0.435153352,-0.522729528,-1.415929166,-0.741917345,1.871340532,1.423975428,0.975427188,0.172355392,0.149798365,-0.755448207,0.611503192,-1.405273328,-0.249615872,-1.272608597,-0.048980182,-1.397153104,-1.795767491,-0.037286585,-1.991430664,-0.718670138,0.766258227,-0.907083251,0.644744441,-0.796731497,-1.199648833,-1.308592853,-1.615455985,-2.044846897,0.228648372,-0.481266822,-0.868691753,-0.723194102,0.153922082,-1.869504818,0.408792898,0.314664744,-1.428367138,-1.598497972,0.067097744,0.034787825,0.297508633,-0.378920553,-1.07382212,0.373010785,0.951735093,0.545922461,1.508711089,1.569365637,0.807591315,-0.648747593,1.016099867,-2.054163734,0.359770149,-0.014707629,-0.099930839,-0.730433765,-0.268402458,0.452921049,0.781981894,-1.201309687,-0.853315933,-1.526936691,0.471315269,-1.766676689,1.485709739,0.280808504,0.452221459,-1.65286747,-0.404965233,-2.260483917,-2.191938573,-0.319103942,-1.295722663,-0.921554562,-0.026549335,-1.854060495,-0.700373226,2.175762574,-0.850034936,0.150572858,-0.122393648,-0.871556401,-0.928616382,0.593989609,-1.219424909,1.74241165,0.123102197,-1.668126909,-1.143818882,-0.331982331,-1.131342113,-0.606786015,-0.742967876,-1.040154719,-1.520969264,-0.449730524,-0.976306164,-0.158761292,0.799082531,-1.08146023,-0.37164356,-0.975510092,-0.24538916,0.642695637,0.449800922,-0.727531607,-0.429706572,-0.759286983,-0.062833309,-2.168928708,0.978701992,-0.435408984,0.405931666,-1.470545914,-0.609173747,0.641590694,-1.835084594,-1.474907019,0.140718007,-0.506667614,-0.814637078,-0.919796871,1.124962064,-0.653541926,-0.86654864,-0.307204739,-0.907578791,-1.994365369,-1.616462527,-1.690105816,-1.154547921,-1.124545671,-0.687960654,-0.364851135,-1.08975166,-1.656005548,-0.541800428,-0.604220971,-1.477094725,-0.867738691,2.146586039,1.184545307,-1.446893983,-0.008233805,-0.579997083,-0.372514008,0.662687973,0.820220263,-0.731056754,-0.292761618,0.117516333,-1.407313728,-0.882614206,-1.162511015,-1.307113563,-1.960414835,-1.36335939,-1.968974089,1.195375957,-1.826972225,-1.296453657,0.329231802,-0.226022692,-0.939303506,-0.203586052,-0.232184296,-0.631299777,-1.823869523,-1.293897512,-1.840739651,-0.96942783,-1.812778836,-1.922779732,-1.124237836,-1.77254525,-1.345920467,-1.147592471,0.739839909,-1.26513924,-1.043556083,0.429116528,-1.554476354,-0.850034936,0.026154957,1.123760082,-0.579818495,-0.668649709,-1.02443289,-1.523719037,-1.784982485,-1.335981547,0.83364798,-0.834019739,-1.768433644,-1.393520406,-1.446893983,-1.710917081,0.974370943,-0.534264855,1.013635205,-1.402423743,-0.017247893,0.411248353,1.476454941,0.672587267,0.073715038,1.870755475,-1.312300681,-1.92004749,-1.633730605,-1.461880348,-0.337292573,-0.408870901,2.07182511,-1.532476871,1.054416554,-0.269842154,-1.315649522,0.778315193,-1.440539376,-1.208650394,-0.283291724,-0.596201975,-0.524248644,-1.282655326,-0.00250313,-0.042907501,0.501441732,0.186728499,-0.544554777,-1.107753947,-1.606442403,-0.902634405,-0.77414034,-0.871556401,-0.977368581,-1.554476354,0.249746533,-1.234088428,-0.942121492,1.29806406,0.045355702,1.99287552,0.267275263,1.186317869,0.849210316,0.877341982,-0.792304752,-1.461880348,-1.068277089,-0.968110481,-0.07763727,0.042101176,-0.723400224,-0.311155429,-0.573233084,-1.47840965,-1.206308864,1.496940881,-0.097392346,0.254332093,-1.189412653,-1.920729851,0.264362267,0.29684001,-0.590590592,-0.812606621,-1.158362293,0.523485153,0.559272872,-1.106543659,-0.166408838,-0.378920553,-1.303056763,-1.585721386,-0.206778197,0.071389996,-0.268271679,-1.490766383,-0.437110586,-1.426699776,-0.388460509,-1.197659442,-0.185005154,-0.21418381,-2.096384262,-0.333935457,0.913486805,-1.085005285,0.65736455,-0.032006796,-0.053822807,0.4225844,-1.686859059,-0.180323554,0.07862632,-0.365571544,-0.038325114,-0.584651584,0.160075948,-1.079692404,-0.818710404,-0.038636884,0.974295454,0.169995907,0.447885824,0.664490471,-1.501480771,0.616536078,-0.628296208,-0.899187824,0.519983562,-0.714166548,-0.752260445,-1.873403458,0.172860273,-0.738563044,0.501865602,0.511925019,-1.200977295,-1.020818261,-0.285284948,-0.971539206,0.340748793,-0.196866828,-1.950520762,0.054014588,-0.385515433,-1.427533109,2.058549822,-0.869407146,0.185400146,0.376173603,0.478033801,-1.733867991,-0.684385675,-0.471124257,-0.655273528,-1.029739424,0.672229932,-0.234204499,-0.514331763,-2.034850658,-1.909192566,-0.394821948,0.811507827,-0.194677579,-0.178767879,-1.691190414,-0.688557728,-1.126703169,-2.302585093,-0.27746775,-0.841879234,-0.627921396,-2.015903521,-1.470545914,-2.078641862,-2.24243117,0.524610179,-0.824851672,-0.747392195,0.232697764,-2.139616265,-0.778269434,-2.137918471,-1.123622452,-0.085340047,-2.009915479,0.967630025,-0.378482437,-0.652389188,0.918847461,0.394471567,0.793218734,-2.392509801,-0.456179623,0.307631748,0.395886042,0.130326262,-0.24041688,-0.376731889,-0.679441534,-0.119572135,-0.436800988,0.346564,1.193740634,-1.710363831,1.118872328,-0.566162169,-2.155890714,0.76033843,-1.054691102,-1.470981169,0.764257808,-0.122280635,-1.654958428,0.322735461,-0.389050567,-0.230168166,-1.504177402,-1.987774353,-1.787369121,-1.654435278,-0.069028586,1.106084304,-0.897959775,0.583443915,-1.364141556,0.354803193,-0.219525106,-0.906092907,0.895148808,-0.741917345,-0.005917474,-1.618478657,-1.810942289,0.359979478,0.317798971,-0.493149439,-1.141624179,0.072041553,-0.814862939,-0.186570571,-1.994365369,-0.879717752,-1.709258248,-1.934475771,-0.867024491,-0.966269102,-2.273997636,-1.368847448,-1.03423003,-1.088859997,-1.007857925,-2.090704734,-0.850502991,-0.541972353,-1.485893726,0.13251838,-0.442388462,0.328296045,-0.690351093,-0.3213078,-1.125161624,-2.469821012,-0.833099141,-1.063921049,-1.442653095,-1.262308381,-0.227026079,-2.722656353,1.050227043,-0.695349604,0.319689331,-2.410170304,-1.42129997,-0.702793558,-1.86885652,-1.54928399,-0.138228119,0.679453853,-0.589868831,-1.585233224,-0.598382604,-1.744112816,-0.724225136,-1.680933914,-1.662311402,-0.118333187,-0.600203435,-1.856618042,-1.302320927,-0.571637763,0.708183565,-1.423373369,-1.47797115,-1.258077063,-1.856618042,-1.520054351,-1.148538097,-2.439550948,-1.866914143,-1.082345316,-1.28916765,0.162118849,-0.590049223,0.05230778,-1.249318906,-1.178305058,-0.992092445,-0.379797361,-0.158292579,0.374180818,-1.332185035,-1.056702886,-0.847464541,-0.270366195,-0.050556724,-1.765507098,-1.221458119,-1.663894098,-1.625567294,-1.477094725,-1.289893867,-1.544118446,-1.989235274,-0.929882685,-1.7567785,0.928495944,-2.028748427,-1.602462299,-1.718694898,-0.986713196,-1.974001029,-0.487923231,-0.898942094,-0.536998498,-1.025826619,-1.36179689,-1.196997191,-0.846531487,-2.082646673,-0.442232832,-0.281567471,-1.530626732,-2.219163485,-1.159636991,-2.238671767,-0.699970406,-0.580354353,1.605208983,-1.340174426,-1.704298193,-0.337572842,-0.334913452,-1.608938037,-1.814618763,-0.491186409,-1.605445891,-0.957373177,-1.01694014,-0.399582445,-0.063152815,-0.950364712,0.883808862,-1.756199294,-1.96254779,-1.083526651,-0.234330897,-1.895121982,-1.97256218,-0.696753676,-1.135691297,-1.958995389,-0.667479434,-0.120248573,-0.543004522,-1.136314156,-0.75395932,-1.878625402,-0.358963274,0.015479571,-1.132893223,-1.976884953,-2.204551353,-0.822345119,0.426835134,-1.481484548,-0.388460509,0.280430846,0.260053905,-0.374838915,-2.012156795,-0.946492241,-1.205640861,-1.973281346,-1.341703478,-1.988504547,0.652012637,-1.268333563,-1.52924137,-0.491349847,-0.558965999,-1.062762636,-0.440056553,-1.065951506,-0.05108279,-1.21874809,0.020586634,-1.308963018,-0.863698282,0.135317297,-1.056990614,0.178229864,-2.081042823,-0.319103942,-0.6003857,0.362766354,-0.679441534,-1.147277461,-1.661257661,-1.53433044,-0.558791128,-1.153913604,0.298028365,-0.645881988,-1.30600553,-0.554777511,-1.784982485,-0.385515433,-0.928110309,-1.018600351,-1.60743991,-0.585728784,-2.021927635,-0.262014326,-1.308222826,-1.259133216,-1.599487582,-0.250386288,-0.989668202,-2.722656353,-0.375566558,-0.665532014,-1.710917081,-1.184823985,0.007074914,-0.783947545,-0.151869949,0.362279211,-0.773923491,-0.046462874,-0.822117562,-2.012156795,-1.113522901,-0.58250066,0.755934169,-0.337432698,-1.016387348,-1.591106956,-1.234432012,-0.420832585,-0.593120866,-1.364924335,0.260824618,0.077794027,-0.271939966,-0.525431776,-0.621757184,-0.110931561,-0.016129382,0.624225735,0.541800898,-0.700776208,0.458436993,-1.422128814,-0.415970093,-1.804236991,-2.283763339,-0.02388294,0.25278002,0.017938145,0.398507628,-0.132275039,-1.55353028,1.109651136,-2.709050701,-0.749505914,-0.643214812,-1.736703263,0.459511277,0.481623358,-1.623029866,-1.01252634,-1.720928288,-0.957373177,-2.845589615,-1.918684163,-2.707550326,-1.569736546,-0.418550348,-1.397153104,-1.718137329,-0.551474022,0.155292884,-1.857899272,-0.025522957,0.447821924,-2.373007557,-1.155817762,-1.795767491,0.260516404,-1.234775713,-1.794563397,1.337104117,-1.238219243,-0.14363945,-2.366590423,-0.785701162,-0.981095955,-3.148883453,-0.069242903,-0.522055106,-0.150706617,-1.590616158,0.182571526,-2.032557956,-1.151380354,0.581489099,-1.579393791,-1.840739651,0.299734153,-0.348848508,-1.29974976,-0.485482816,-1.25842899,-1.040437725,-0.975510092,0.355784548,-0.525770071,-1.446044366,-1.276185138,-0.986444992,-0.388607991,-0.739400565,-1.879280067,0.524077429,-1.135691297,-2.287696481,-0.416576613,0.363670418,0.610471844,-2.20909475,-0.214431611,0.643379038,-1.779040697,-0.273384768,-1.109268869,-0.725257234,-0.935728426,"EWS"
"20",0.657053573,-1.378326191,-0.554255182,-1.998045903,-1.08975166,0.953008315,2.002924902,0.304244161,0.569339785,0.351149708,1.315147386,0.053919842,1.067121622,0.909950676,0.031983046,-0.627921396,0.213416396,0.252935336,-1.616966179,0.079457921,1.211583767,1.937287365,-0.616556578,1.678796051,1.348047174,1.826289712,0.525024343,-0.14064233,-0.850034936,0.388454579,-0.699165253,0.030044121,0.728321256,0.406664389,1.098445608,0.727596915,-0.413094135,-0.363411872,-0.523742016,-1.544118446,0.700519935,0.159649818,-1.471852249,-1.829461336,-0.272202502,0.106969221,1.295931921,0.357044876,0.644901868,-0.677077,0.524491815,-0.853550702,0.203593692,-0.718259881,-0.279449388,-0.475780282,0.820440406,-1.612944052,1.093264682,1.382060411,0.629461629,2.900547586,-0.762926075,0.517781376,0.109392377,1.047389167,-1.526016304,1.772219807,-0.079476202,-1.458435039,-1.005668543,-1.054691102,-1.755620423,0.168645126,-0.326977455,-1.696631124,0.882816675,-0.452399495,-1.071191693,-1.234432012,-1.076752954,-1.621004549,0.695195082,1.09051291,-0.247564326,-0.385956642,-1.042704657,1.0636412,-0.646836278,-0.239145909,-1.408131056,0.53180403,-0.972332123,1.091486964,-1.23065907,-0.828279855,0.009752291,-1.632706539,0.373699205,-0.800064463,0.708528283,-1.033386504,-0.442699795,0.6138875,-0.368169323,-1.490322432,-0.237369259,-0.873949891,-1.146647738,-1.878625402,-1.307852935,2.050849147,-0.968637212,0.457994305,1.625370315,-0.710903902,-0.964955904,-0.072248164,-0.174948802,0.447885824,-1.381904013,-0.853081218,-1.540845121,-1.336742582,-0.311974765,0.618423634,1.152500547,-0.17805069,-1.495662898,-1.02443289,-0.34658318,1.978515623,1.160866954,-0.898450814,1.006021741,-0.424495034,-1.130722343,0.031595562,-0.586088108,0.681175809,2.165653641,-0.029737818,-1.259837937,-0.356103679,-0.195285223,2.294976219,-1.476656801,1.260646101,0.565200166,-1.123622452,2.252354392,0.98842533,-0.11171399,0.323386997,-0.901402119,0.121775057,1.062916024,-1.074993423,-0.05794696,-1.354020801,0.566449528,-0.429860265,-1.411817318,-0.118108088,-1.332564039,-1.214696768,-0.319103942,-0.706029806,-0.287415441,-1.128556165,-0.586807145,-1.335601247,-0.593844979,-0.995604539,-1.278696351,0.578409503,-1.709810887,0.461215123,-0.384927457,1.096810667,-1.095716486,-0.473690417,-1.435484605,-1.184823985,-0.551126921,-0.075909594,1.561549342,-0.162871933,0.224742273,-0.529668712,-0.794294363,1.224980587,0.171766043,-0.850971266,-0.020610954,-0.122054646,-1.646620704,0.74933846,-0.389640973,0.661346868,0.611177618,1.172389254,0.009752291,-0.892818376,0.385194371,1.094269539,-0.387134151,-0.700373226,-0.347715203,-1.134446742,-0.189225333,-0.364419139,-0.787018396,0.741699221,0.913246102,0.582829956,0.132781111,0.639957352,-0.390527236,2.197702241,-0.611014351,0.058646195,0.228489238,-2.050271164,-1.600478171,-0.892818376,-1.084117843,-0.711311151,-1.349384007,1.214586282,0.973842402,-1.302688777,-1.456287733,0.485446275,1.981553041,-0.923818998,-0.597837001,-1.567816238,0.016857117,-1.140685065,0.714712958,-1.086189769,-1.278696351,-0.280375497,-0.170669704,1.9016298,-0.133074354,-1.023597585,-0.468564665,-0.559140901,0.419039228,1.752550756,-1.350541191,1.420502532,-1.942117351,0.660159005,-0.564929883,-1.216382824,-0.502031076,0.096400494,1.848218565,-0.855901432,-0.785701162,-0.284088537,-0.888918785,1.540966334,-1.405681075,-0.727531607,-1.242713633,0.000299955,-1.65652952,-0.861329174,0.101743984,0.221462139,-0.647218249,2.109946498,-0.437110586,-0.776528789,-0.496594042,-0.355104749,0.024595047,-0.272596435,-1.086486109,-1.591106956,0.058929068,-0.2424538,0.195649017,-1.477094725,-0.183081846,-1.267978134,-0.502692124,1.654277426,-0.20911738,-0.735219957,-0.585369588,0.084524955,0.803883222,0.906119177,-0.260585847,-1.724848764,-0.018265809,0.704729842,-1.124545671,0.055245474,-1.047824122,0.139674982,-1.106543659,-0.790980541,-1.231001477,-0.332400537,-1.816462082,-0.217782945,-1.616462527,-0.934454703,-1.343618087,-0.586986985,0.259745454,1.089470631,-0.39630717,-0.473048259,-1.006489,-1.681471115,-1.082935809,0.017545179,-0.20911738,1.35387447,-0.680823431,-1.426699776,1.989380063,1.239909284,2.035359029,-1.46403971,-0.699970406,1.914625859,-1.299016353,0.218894537,-0.639796005,-0.285151943,-1.907843948,-0.159464775,0.188303628,-0.312248026,0.180903886,0.284502021,0.207989304,0.319834595,0.852455963,1.078545627,-0.435099913,-0.413547684,-0.089487167,0.795929375,0.61605013,-0.240671268,1.11635397,-0.520202786,-1.64454709,-1.171828351,-0.928363313,1.393468565,-0.597655199,0.907976262,-1.139121832,-0.318553736,-0.9331826,-1.045830103,-1.809109108,-0.008132983,-0.040405415,-0.495280412,1.771675802,0.04964694,-0.714983875,-0.259288998,-0.327532317,-1.149484619,-0.64226397,-0.470003629,-1.284098849,-0.641693899,0.634564223,-1.755620423,-0.471124257,-0.426025022,-0.815540829,-1.633218441,-1.721487416,-1.267622831,-0.753321904,-0.604403971,-0.611198598,-0.945462109,-0.47176518,-0.708260818,-1.695540611,0.350727292,-0.262534279,-1.690105816,-1.487662856,-1.397153104,-0.355390055,1.746936426,-0.895508193,-1.523719037,-0.294371061,0.890480495,-1.254214021,-0.984034384,0.165768643,-1.197659442,-0.829883704,-0.804078741,-1.892464173,-0.728774358,-0.939047719,1.247089763,-0.965743616,-0.543693227,-0.723194102,0.081764302,-0.700574696,-0.580175702,1.166644699,-0.275358323,0.80428597,-0.744651023,-0.407216641,-1.682546384,-1.187115687,1.239011709,-0.272202502,-0.789217649,0.16398785,1.330728796,-0.424495034,-1.324634981,-1.188427593,0.43586498,-0.91030866,-1.683622811,-1.059007034,-0.637523277,-1.174737679,-1.618983325,0.502349805,0.142887488,-0.829883704,1.116222973,0.303653842,-1.198322133,0.624439983,-0.670994376,-0.930389656,0.707937266,-0.221644675,-0.205917771,-0.911800827,1.063882808,-1.32915817,0.194908672,0.083605584,0.267198714,-1.342468882,-0.166881372,-0.549566452,-0.769164667,0.338398951,1.049316997,2.134071762,0.452412305,0.767837126,0.955357587,-0.485807861,-1.117795108,1.134719185,-0.374402583,0.145744014,-0.409322538,-0.072678225,-1.366099654,0.16135325,0.192601866,-1.081165375,-0.853081218,-1.824489294,-1.786771928,-0.835171681,-1.144132804,-0.859910398,-0.969164221,-0.822117562,0.050217716,-0.719080563,-0.863461118,-0.411885676,-0.915291232,-0.046672408,-1.612442421,-0.845366394,-0.911054465,0.830602116,-0.857786003,-1.64506509,-1.10714862,-1.878625402,-1.757937921,0.084065375,-0.559490796,2.021136883,0.392717535,-0.591674212,-0.678061543,0.32995102,-0.387723427,-0.889892258,-1.088265997,-1.249667764,0.430677911,-0.101811266,1.77710258,-1.306744082,-0.330172124,0.3801473,1.053789245,-0.952954716,-0.063046302,-1.47797115,0.681023991,-0.977368581,-0.259677876,-1.025547718,0.410651635,-0.050977555,-1.726533684,-0.824167443,-1.345920467,-0.737099068,1.463556283,0.832387248,1.760113991,1.635612353,-1.563508981,-1.034511363,0.280128617,1.674101426,0.695095282,1.169288188,-0.419919065,0.739123867,-1.435484605,1.891921496,-0.930136139,-0.89452924,-1.09631493,-0.564929883,-1.899121988,-0.705624702,-0.472727335,-1.055265484,-0.18248157,-0.136851183,-0.172925835,1.484849271,-1.321630848,-0.745915246,0.037103088,1.491712375,-0.410377152,0.140718007,-0.184764538,-1.061316504,2.010707565,-0.579818495,-0.730433765,-0.422356976,0.231429131,-0.879476759,-0.801400766,-1.434224895,-0.264747101,1.262147368,-1.565421027,-0.721958262,0.237598572,-0.269580237,-0.285817146,-1.483245887,0.652012637,-0.549739717,0.023228126,-1.093923299,-0.965218405,1.367646567,-0.206532286,0.1194705,0.478281771,-1.07089985,-0.516843696,-0.794515675,-0.89037935,0.333109446,-0.254118356,-1.081165375,-0.565986035,-0.746969987,-0.889162064,-0.135819723,-1.179605448,0.137324191,-0.809007067,-1.703748592,-0.947265536,-0.935728426,-0.085884739,-0.319654452,-1.685239626,0.706112763,-1.414282398,0.426835134,-0.565457819,-1.728221448,-0.717849793,-0.940839605,0.139153061,-0.674521716,-1.452861605,-0.787238104,-0.345593711,-0.867262501,-0.566690757,-1.211669011,-0.485157877,0.097035963,0.196963834,-1.758518135,-0.225020311,-0.780667778,0.48396817,-1.614953093,-0.204689873,-1.85342213,-0.611014351,-0.884307686,0.279599496,-0.813734144,-1.06479074,-0.27089051,-1.759679576,0.59812196,-1.527857925,0.056663847,-0.888432404,-0.932674211,-1.497896538,-0.518185978,-1.04497674,0.558186195,-1.354408172,-0.179007056,0.112435429,0.085443482,0.314007498,-0.588607001,-0.95998142,1.848439065,0.016758784,-0.665532014,-0.595476153,0.156747306,-0.559140901,0.411579709,2.176330021,0.217769135,0.72783842,-0.395712817,-0.750140902,0.022446189,-0.624741148,-0.816219178,-0.534435489,-0.798952239,0.780700078,-1.420471813,-0.255150347,0.17050198,-1.493434237,0.200652513,-0.077313103,-1.441807071,-0.727738625,-1.028899676,-0.643595402,-2.3330443,-1.54458694,-1.513219055,0.551526011,-1.887169654,-2.093134869,0.543428332,-1.370027389,-1.505979204,-0.968637212,-0.765717873,0.215514524,-1.445195469,0.24826534,-0.591674212,-0.679047056,-0.146761381,-0.778705069,-1.318635713,-0.356103679,-0.936493439,-1.205640861,-1.141624179,-1.151380354,-0.720107362,-0.304624793,0.80428597,0.763092931,0.807814256,0.53362376,-1.846426871,-0.11272087,-0.558791128,-0.434327653,1.052673057,-0.379797361,0.237677421,1.099944734,-0.516005684,-0.517514612,-1.013352445,-1.045545568,2.270939615,-0.392746336,0.267581401,-1.770781063,0.192519382,-0.977102871,0.405331766,-1.526476392,-1.623029866,-0.209980565,-1.187115687,0.009554213,-0.707651867,0.23625719,-0.83378951,-1.023875943,1.21399244,-0.285551011,-0.226649691,-1.753885817,-1.685779146,1.139146242,-1.289893867,-0.730226189,-0.213440776,-1.132582808,-0.461083532,-1.375156617,-1.505077897,-1.940027486,-0.351118978,-1.77254525,-1.192373668,-0.806987997,-1.488105627,-0.214927397,-0.209363928,0.136626598,-1.804844709,0.424613927,0.497922738,-0.502857454,-0.228156093,-1.124545671,-0.065605757,-0.798063351,-0.55809195,-0.410678675,-0.889892258,-0.765502843,-1.319009614,-1.497896538,0.61334611,0.546269985,-0.541456667,-0.852142912,-0.11272087,-0.786359562,-0.198816859,-1.196666229,-0.521886571,-0.524417577,-0.449260268,-0.772406862,-0.568454737,0.661966063,0.355434175,-0.419919065,0.018527305,0.178982656,-0.639416858,-0.300969967,0.523485153,-1.49744941,-0.198085152,-1.362187286,0.870330559,-0.312111386,-0.558266698,-0.95217701,0.114221144,-0.435408984,-0.398986142,0.336043573,-0.463783017,-0.01308524,-0.005213567,-0.430321484,-1.277978218,1.191343388,-1.204639693,0.578577726,-1.294262276,-0.430321484,-0.240925721,-1.435484605,2.603385739,0.157516438,-1.366099654,-0.517346841,-0.914043259,-1.314531995,0.089657872,0.33611503,0.211718534,-0.334913452,-0.432939085,0.761413121,-0.602758181,0.322735461,-0.760997847,0.339111608,0.429311835,-0.296386513,-0.887946259,-1.04611472,-0.139491979,-0.304082494,-0.735845935,0.188055089,0.627754962,-0.979496808,0.106519843,-1.10714862,0.266279666,0.4740579,-1.091239534,-0.991822794,-0.426331301,-0.282097694,-0.59511344,0.631590875,-0.885519073,-1.461017907,-0.506833602,-0.615630738,-1.413871129,-0.201259758,-0.348281695,-0.123750807,-0.686171567,-0.667674385,0.739792188,-0.6267978,-1.567336736,0.599715236,-0.758432647,-1.2772606,0.030723173,0.084433056,-0.485157877,0.388454579,0.122040626,-1.404458332,0.454699618,-1.773723107,-1.596521687,-0.369036751,-1.740116236,0.134181181,-0.695951108,-0.890622985,-0.914292729,-1.03423003,-0.189467025,-0.274700038,0.822551318,-0.435408984,-1.125777957,-1.604450371,1.134912073,-0.854020406,-0.604220971,-0.098605604,-0.629046255,0.311081166,0.985219601,-0.552689828,-1.012251123,-1.241328591,0.131291386,-0.549220012,-1.190069899,-1.373180722,-1.68848112,-0.193948893,-0.36658099,0.181904803,-0.039260714,-1.334461212,-0.554255182,-1.590616158,-0.77479117,-1.906497147,-0.947781399,0.50095709,0.201715604,-1.350541191,0.696092838,-1.136937403,-0.607703699,-0.057523186,-1.328402883,-1.392312433,0.333037774,-1.953337665,0.672689339,0.103548876,0.674321076,-0.938536341,-0.166408838,-2.259525604,-0.769812265,0.094309679,-0.125790006,-0.649896139,0.925290116,0.458500218,-1.333701911,1.065916906,0.075756612,-1.022206957,-0.942378067,-1.399987688,-0.132845913,-1.786771928,0.43424691,-1.026384655,-0.058052931,-1.328780455,0.559330033,0.20571251,-0.908074577,-0.942891414,-0.013794711,-0.01501212,0.15495036,-0.084033996,-1.405681075,0.097489621,-0.363555705,-1.573105983,0.645845907,-0.781104459,0.468690267,0.207583113,-0.954511945,0.199178674,0.634882272,-0.949330586,-1.355959161,-1.285544458,-0.873470735,-0.114289146,0.45596809,-1.73556819,-0.054033888,0.916090712,-0.176617854,-0.418854345,-0.889162064,1.308305792,0.731020833,-0.652197194,-1.079103822,-0.955551446,-0.800955133,-0.057629113,-1.782601531,-2.058071516,-1.10021357,-1.317888328,-1.613445934,-1.111393623,0.479706405,-0.611198598,-0.284088537,-1.060449828,-0.50120538,-0.893062606,-0.341786331,-1.741256487,-0.73334437,-0.914791856,-1.219086442,-0.712941808,0.201143311,-0.976040736,0.256733054,-0.205794913,-1.673443242,-0.284620098,-0.07980107,-0.449416996,0.160246349,-1.04497674,-0.007125325,0.258973908,-0.213936071,-1.281934346,-1.433385969,-1.332564039,-0.415970093,-0.667089646,-0.406015259,-0.700776208,-0.496101228,0.562981546,-1.037046933,0.379189577,-1.490322432,-0.372078689,-1.891137913,0.219697621,-1.561600583,-0.510492346,-1.753308283,-0.443166975,-1.035919219,-1.458435039,-1.522343206,-1.794563397,-0.497087098,-1.381505844,-1.015006705,-0.791201121,-0.028193734,0.102646837,-0.976306164,-0.279184942,1.639967117,-1.171182982,-1.24098263,-0.764428383,0.371218669,-0.249744233,0.248577353,0.366932158,-0.124543335,-0.248204982,0.872882061,1.712589991,-0.177453425,-0.009444459,-0.656622406,0.216239775,-0.941864983,1.164368818,-1.127629238,1.504366244,-0.400029906,-1.040437725,-0.635822114,-0.094750337,-0.793409602,-0.583575544,-0.40241975,-1.403643999,0.874468237,0.242867744,-0.527802248,-1.965398826,-0.07278577,-0.532389802,-2.021927635,-1.610438413,-1.761424269,0.227055888,-0.189225333,-2.364460497,-0.95581149,-1.769019982,-1.698815724,-1.566857465,1.052777752,-2.006934851,-1.911218909,-0.944175935,0.45062966,-1.745257636,-0.949330586,0.945111398,-1.625567294,-0.606786015,-0.773489933,-0.80923166,0.204409153,-0.488412029,-0.521886571,-1.151380354,-0.887946259,-1.677181565,-1.777265023,-1.10835964,-0.235722334,-0.426790895,-1.319383656,-0.944690206,-1.276901984,-1.058142356,1.249815773,-1.204639693,-1.799993274,-1.722606611,-0.407667532,-1.830708219,0.048027969,-1.172151192,-0.17840922,-0.823483682,-1.076752954,-1.91189527,-1.530626732,-0.226775138,-0.693347201,0.289754923,0.149626174,-0.815540829,-0.489879859,0.598836501,-2.043302495,-0.513328754,-1.059007034,-1.001576326,-0.188742125,-1.930332119,-0.434945413,-0.902634405,-0.780886095,-1.133514341,-1.958995389,-0.55809195,-0.618410834,-0.547835449,-0.48207621,-0.643024571,-2.080241862,-1.136625731,-1.089454351,-0.621943422,-0.086211697,-1.347843175,0.097217451,-0.47545848,-2.221005106,-1.357123984,-0.546280105,-0.942634707,-2.166307475,0.601853922,0.765607367,-0.980562622,-1.922095971,0.01093994,0.47100313,-1.126086266,-1.57987911,-1.422543494,-0.876829663,-0.989130278,-0.943918899,-1.49923912,-0.027782381,-1.517314624,-0.593844979,-1.600973834,-0.083599024,-0.518185978,-0.126016841,-1.92346396,-0.603489309,-1.439695138,-0.1889837,-0.768517488,-0.789217649,-0.368169323,-1.144132804,-0.352825221,-0.67766761,-0.999944117,-1.563508981,-0.613781625,0.303137027,-0.961026626,-0.251800261,-1.385494681,-0.702995517,0.230317755,-0.364419139,-0.044892769,-0.348140041,-1.314159763,-1.548813291,-1.637837387,0.527505734,-1.056127677,-0.430167721,-1.075872802,-0.150009267,-1.987044692,-0.32462272,-1.087375657,0.37183938,-1.762006511,-0.256312613,-0.365571544,-0.237369259,-0.562996496,1.232560261,-0.003907625,0.017250353,-0.012275031,-0.517514612,-1.133514341,-1.024711481,-1.568775931,-1.368454443,-1.128247094,-1.449021191,-1.569256123,-0.898942094,-1.685779146,-1.109572129,-0.756513056,-1.550697417,-1.350155315,-1.611439915,-0.944690206,-0.097171912,-0.758219177,-0.496265472,-1.599487582,-1.16315081,-0.718670138,-0.966531948,-0.253087428,-0.818256992,-1.045545568,-0.643024571,-1.092729626,-0.320894207,-1.266912604,0.70902053,-2.191938573,-1.660205029,-0.220896079,0.539762874,-0.62942149,-0.788557365,0.022446189,-1.161232651,-0.486133011,-0.593844979,-0.632428446,-0.578390943,-1.333322476,-1.876663976,0.001199281,-0.991014278,-2.270117903,1.054102949,-1.651823629,-1.258077063,-0.012275031,-0.702389762,-1.864975532,-1.09481949,-0.560541216,-1.28880474,-0.863698282,-2.1086644,-0.670212209,0.880663554,-1.687399454,0.014790085,-0.577677931,0.096763668,-1.074114817,0.508983929,-1.199980783,-1.139121832,0.006478966,-0.18572735,-1.533403226,-1.301953213,-0.118333187,-0.21331699,-0.204689873,0.198112882,-1.474033275,-0.014707629,-0.607152987,0.501623413,-1.185478222,-0.590410103,-0.466170983,-1.184823985,-1.686859059,-1.485010334,-1.525096764,-1.560647748,-0.347007539,-0.989399204,-0.622316,-0.606969484,-0.419766893,-0.936493439,0.085627086,-0.371498559,-1.717023123,-0.367880348,-0.599474705,-2.18213894,-0.989937272,0.877591483,-1.111697528,-1.780819529,-0.706029806,1.36079705,0.039893564,0.232222215,-1.501929705,-0.719080563,0.579026181,-0.05287349,-0.717030121,-0.513161684,0.154264959,-2.018158313,-0.546625528,-0.55809195,-1.195013063,-1.771956842,-0.799841919,-1.345536369,-1.724287754,-0.495772821,-0.913544506,0.600593199,-1.129174594,-1.635268672,-0.9105572,0.184402723,-1.002665948,-1.128556165,-0.334214787,-1.39472984,0.568603845,-0.860619535,-1.658103084,-1.00758399,-0.963906586,-1.488991759,-0.676290063,0.948603021,0.786136487,1.090008717,-1.803022662,-1.592580795,-1.289893867,-0.554429261,-0.59529478,-0.781759839,-1.720369473,-1.579393791,-1.316395234,-1.385095081,-1.920729851,0.046215424,-0.553037473,-1.092729626,-1.072359918,-1.108056747,-0.183081846,-0.367013922,-1.373970611,-1.79275997,0.840704745,-1.442229993,-1.854060495,-0.690550555,-1.107753947,-1.823250136,-1.346689107,0.302619945,-1.5154923,0.052497569,-1.724287754,-1.009503114,0.269950798,-0.335752496,0.018527305,-0.739610055,-0.627172192,-1.386294361,-0.148848097,-0.471444667,-0.664754106,-0.345876317,0.147471279,0.890767775,-0.687165109,-0.190555362,-1.899790213,-0.143062383,-0.184043038,-0.919546025,-0.660099327,-1.271538124,0.022739487,-0.723606388,-1.105939064,-0.171856507,0.115112807,-1.041287222,-1.336742582,0.368455282,-0.17304472,-1.064210862,-0.992092445,-0.683394889,-1.004575647,-1.255617037,-0.091348039,-1.538513574,-1.061894706,0.537603865,-1.812778836,-0.729811165,-0.878994947,-1.067404362,-0.963644428,-1.346304713,-0.438660013,-0.837248525,-1.441384327,-0.336312249,-1.956162526,-1.287354413,-0.916040763,-1.296453657,0.133218844,-0.695550065,-1.028619917,-1.537582475,-0.816219178,-1.271181554,-1.39070407,0.23396479,0.31918074,-0.226398844,-0.298271274,-1.429619486,-0.744861616,0.01202738,-1.659153505,-0.920800887,-1.648698626,-1.480165577,0.069805874,-1.221797389,-1.348998576,0.406464608,-0.975510092,-1.706499625,0.254021871,-2.150722744,-1.467504417,-1.936554054,-1.071775635,-0.608254714,-0.651237777,-1.598003535,-1.385894441,-0.237622873,-0.506833602,-0.764213629,-0.713145827,-1.206308864,-1.696085719,-0.770676383,-1.065080805,0.517244976,-0.113728765,0.033241334,0.081764302,-1.350541191,-0.49446027,-1.164752091,-0.805644212,0.286306126,-0.029840842,0.219055205,-0.601845022,-0.834480357,-0.230168166,-0.144679011,-0.175544573,0.448779993,-0.682800889,0.928258828,-0.528819887,0.318744598,0.056380333,-0.333237474,0.413367138,-0.478519789,-0.403916308,0.530569426,1.04788024,-0.927351679,0.263363765,1.213665676,0.439930945,0.127601345,0.1194705,-0.295445463,-1.400799047,-0.714166548,-1.862396549,0.667829373,0.019998687,0.315759195,-1.555423324,-1.282655326,-1.513219055,-0.214555534,-0.736054682,-0.858021824,-0.778922958,-1.21976349,-1.337123317,-0.173639356,-0.289550484,-1.268333563,-0.432939085,-1.063341675,1.602433438,1.333473585,1.670777573,0.01064316,0.299437703,-0.685575915,-0.098495247,-1.631172405,0.259745454,-1.018600351,-0.789658081,0.983201437,-1.157089218,-0.50120538,0.412308307,-0.491022996,0.146003294,-0.579997083,-0.032213322,-0.793630719,-1.310074335,-1.331806176,0.648254412,0.580202422,-0.202850848,-0.95972029,-0.248974311,-0.449887326,0.472562852,0.455397477,-0.066139803,-0.118558336,0.013607003,-1.317888328,-0.359536176,-0.398837122,0.01133551,-1.17993081,-1.360236827,-0.347998408,-0.333795821,0.940983344,0.565825042,0.862721165,-0.271939966,-1.335981547,0.355854608,-1.786771928,-0.390822831,-0.346159002,-0.420832585,-1.033105486,-0.725670372,0.539121493,1.111495608,0.884800065,-1.378326191,-1.829461336,-0.336172282,-1.710917081,0.811641075,-0.272071225,0.416536922,-1.339029169,-0.565809932,-2.085862109,-1.7333019,-0.876829663,-1.210997419,-1.486335715,-0.750140902,-0.976306164,0.627541423,0.440446077,-2.294616923,-1.336742582,-0.904362161,-1.120857898,-1.08915713,0.187060311,-0.655466114,1.498506352,-0.122958907,-1.233401615,-1.120857898,-0.237115709,-1.534794369,-0.685774426,-0.78329073,-1.386694441,-0.368458382,-0.783947545,-1.294992203,-1.069441911,0.120002792,-1.015558734,-0.485807861,-1.183516796,-1.710917081,-0.611567194,-0.70097776,-1.583770166,-0.830571856,-1.877971166,-0.895263365,-2.233992302,-1.15486523,-0.945204742,-0.065178726,-0.860856025,-0.593663902,-0.459498997,-0.810130536,-1.605944023,-0.809456303,-1.109572129,-1.320132159,-1.993630885,0.143580728,-1.729348209,-1.173120341,-0.522729528,-1.648178741,-1.991430664,-1.201974802,-1.401204974,-1.505979204,-0.927604492,-0.223268559,-0.108365025,-0.469363834,-1.351699716,-1.315649522,-1.086189769,-1.134757735,0.975992575,1.662599461,0.17302851,-1.838851077,-0.410829471,-1.806061254,-0.848164903,-0.075046874,0.778407025,-0.964431107,-0.788337368,-0.258252728,-0.781978394,-0.845366394,2.019160611,-0.603855073,-0.441299561,0.641643338,-0.773056564,1.653818368,-0.296521021,0.425855798,0.639588163,-0.727324632,-0.154084015,-0.06049338,-1.8426318,-0.612304793,0.491398126,-1.387495082,-1.180581852,0.119026706,0.683601768,-0.208994128,-0.690151672,-1.156453288,0.340108475,-0.603855073,-0.697356025,-0.110373057,-0.358676947,1.19346782,-0.659905847,-0.093102618,-0.918793862,0.474617967,-0.384780517,-0.006722546,-0.917041013,-1.49923912,-0.2269006,-1.852784171,0.03893221,-1.392714929,-1.304898723,-1.338266392,-1.496555755,-1.315276874,0.147126065,-0.65027928,0.697288593,-1.245489485,0.452412305,-0.259548233,0.787911757,0.862510136,-0.303811454,2.315905975,-1.571660548,-1.297551151,-1.774902352,-0.514666323,-0.926088574,-0.116870952,2.402122688,0.580090458,0.498530346,0.286456322,1.128138728,1.982724122,-1.056990614,0.633609468,-0.535972506,-0.921805913,-0.868215109,1.743461684,-1.069733329,-0.358247608,0.546443701,-0.280375497,-0.049715592,-0.493149439,-0.982964865,-0.285151943,-0.13056437,-1.550697417,1.289563172,-0.905845474,0.834429705,0.145398203,-1.128865332,-0.947265536,0.278389026,-0.054773026,1.21749102,0.485138517,0.537487029,0.750802693,-0.425718837,-0.744229971,-0.575719764,-1.12639467,-0.167945391,-0.400029906,0.49950175,1.190887565,-1.032824548,-0.85143976,-1.793360751,1.25053191,0.227613546,0.724645848,-1.243406874,-1.873403458,1.275753785,-0.110484733,-0.695750566,2.9589023,0.282393111,-0.000500125,1.088393588,-1.108965701,-0.635066969,0.060624622,1.786947912,-1.195013063,0.052782185,-0.221894332,-0.188621359,-0.924070919,0.75584025,-0.67766761,-0.763569645,-1.326894018,-1.134757735,-0.897714346,-0.578034373,-1.218071729,1.00872405,0.27482477,0.292594984,0.00796817,0.425267735,0.290353501,0.544415127,-0.755022584,0.809195379,-0.705017353,0.717107818,-1.556371191,-0.01572296,1.107076367,-0.930389656,0.337043502,0.151002874,0.324399655,-0.03448793,-0.991822794,-1.318261951,0.223943231,-0.771757581,-0.625488532,0.428595525,-0.601479992,-0.364419139,-1.058718725,-0.050241216,0.430352824,1.109123518,0.378984231,-0.854255341,-0.358104537,-0.551126921,0.341672975,-0.073538903,-0.184644252,1.054625569,-0.624367665,-0.885276678,-0.303946965,2.723208071,-0.797397202,-0.543521007,0.355153788,-0.315121788,-1.196004635,-0.441299561,-0.184163252,-0.65508098,-0.069564463,0.254564696,0.075014704,-0.73459437,-0.662424008,-1.662311402,0.239646623,0.23174644,0.278994444,1.943464303,1.082516782,-1.132893223,-0.378774493,-2.063568193,-1.248273063,0.755558441,-0.745704431,-2.009169489,0.279675102,-0.881889305,-1.180581852,0.083053555,-0.985372893,0.441411235,0.409921829,0.160501897,-0.272071225,-1.471852249,-0.942634707,0.062786988,-0.670603216,0.653210211,-0.761640177,-0.380674939,0.287732071,0.498530346,0.299808252,-0.697958738,-0.132845913,0.140370453,0.310128261,0.372046199,-0.235342659,-0.876349125,-0.812832024,0.147730112,-0.746969987,-0.202361012,0.482549598,-0.716415807,0.768903793,-0.259677876,-0.592397277,0.285629968,-0.545589616,1.705420593,0.065600457,0.328079977,-0.810580277,0.351008922,0.813637659,-0.628858691,-1.79275997,-1.061605563,-2.198225078,-1.348998576,-0.235722334,0.448652303,-0.88673193,1.779686888,-1.462311848,-0.532219516,0.416339105,-1.378326191,-0.218529214,-1.808498793,-0.545417069,-1.657578288,-1.49923912,-0.171025597,-0.654311157,-0.621757184,-1.578908707,-1.767261998,-1.4554301,-0.477229674,-1.949817774,-1.467070671,-1.686859059,-1.783196239,-0.769812265,-1.20764621,-0.987518241,-1.560647748,-1.174737679,-1.000759889,-1.431291727,-1.387495082,-1.160913315,-0.663200104,-1.650780876,-1.377929445,-0.606602579,-1.406497068,-1.65652952,-2.144727008,-0.752048288,-1.608438412,-0.83632495,-0.76593295,-1.101416216,-0.834941186,0.090845683,-0.237496058,-0.013591954,-0.893795654,1.109387362,-1.961125315,-1.473160294,-0.6923475,-1.552585101,-1.641444709,-0.783947545,0.172187042,-0.14618251,-1.048965349,-0.140872559,-1.774312556,-1.120244589,-2.567853571,-1.328025453,-1.246532419,-0.587706668,-1.220440997,-1.058718725,-1.040437725,-0.265398864,-1.304898723,-1.458435039,-1.363750397,-0.995604539,-1.344768614,-1.968974089,-0.651621434,-1.815847265,-1.364532869,-1.589145209,-0.262404265,-0.545934801,-0.231301739,-1.564464547,-1.712024501,-1.302688777,-1.061027528,-0.865835288,-0.865360003,-1.866267521,-1.648698626,-1.465337568,-1.316768298,-1.165714092,-1.53991185,-1.615959129,-1.618983325,-1.558744798,-1.892464173,-1.392714929,-0.09629066,-1.832581464,-2.017406151,-2.240549702,0.124074315,-2.110313205,-1.963972292,-1.811554097,-1.417578651,-2.098828255,-1.364141556,-1.530164732,-1.022206957,-1.172797187,-1.455001559,-1.122700084,-1.429619486,-2.017406151,-1.6321949,-1.612944052,-1.673976434,-1.933783969,-2.143873402,-2.101278236,-1.474470052,-1.505077897,-0.197963253,-1.167962367,-1.985586966,-0.127719742,-1.129793406,-1.403643999,-1.895121982,-1.218071729,-1.665479303,-1.128865332,-1.5711792,-1.481924592,-0.287415441,-1.491210531,-0.69936648,-1.993630885,-1.840739651,-1.848329821,-0.726703964,-2.101278236,-0.882614206,-1.319009614,-1.737271284,-1.403237082,-0.849333264,-1.253863574,-1.28699216,-0.757792374,-0.833559334,-1.998783639,-1.042988385,-1.47840965,-0.439590823,-1.083231187,-2.152442435,-1.010326724,0.811552245,-1.660205029,-1.651823629,-1.044692447,-0.393042588,-1.796973036,-1.872752628,-1.255266099,-1.883874758,-0.853550702,-2.155890714,-1.121778567,0.850279126,-1.409358301,-1.59405681,-1.379517377,-1.471416615,0.049075838,-0.2569589,-1.147592471,-1.047539018,-0.426331301,-0.126130277,-0.831030888,-0.609909582,-0.818256992,-1.692276191,0.20733932,-2.199126385,-0.807436327,-0.796509694,-0.306932852,-0.891354247,-0.932166081,-2.240549702,0.700321384,-0.604587004,-1.296088093,-0.737935363,-0.320480784,-1.812166279,-0.88673193,-1.531551374,-0.943148186,-0.76378426,0.444301132,-1.825729989,-1.331806176,-1.095716486,-0.581784713,-1.387495082,-0.296386513,-2.076246651,-1.164111271,-1.467504417,-2.266253164,-0.867024491,-1.06363132,-1.472724089,-1.34822816,-1.07031642,-1.057854296,-0.580890498,-0.333237474,-2.015903521,-0.051293294,-0.481105022,-1.548813291,-1.242713633,-1.006489,0.001598721,0.445134439,-0.472246142,-1.042421009,0.871000436,-0.155017722,-0.217658621,-1.410587054,-0.722575991,0.345361184,-0.415515444,0.345361184,-0.950364712,0.021957167,-0.257734996,1.206210299,-0.292493629,-1.24098263,2.169247967,-1.90851803,-0.41581852,0.381582168,-1.103222901,0.228648372,-0.13834295,-0.637523277,-0.665921194,-1.021929064,-0.728359936,-0.3013754,-1.689022392,-1.725410089,-0.874908894,-1.741256487,0.616590058,0.113417967,-1.027781108,-1.311929279,-1.88981341,-0.858021824,-2.189256408,-1.595535007,-2.838728525,-1.556845462,-0.699769057,-1.560647748,-1.604450371,-1.432547746,-0.218031639,-1.503727458,-0.800064463,-1.034511363,-1.498791392,-1.965398826,-0.575008653,-0.33785319,-1.587187303,-0.992362169,1.357972044,-1.110482461,-1.011700917,-2.417995945,-1.033948775,-1.293532881,-1.268689119,-0.300429645,-1.333322476,-0.277071893,0.134356052,-0.344464087,-1.119938075,-1.527857925,0.378230935,-1.855338451,-1.086189769,-0.241434821,-0.162283663,-1.944910649,-0.420375721,-0.600021203,-0.561768103,-0.762068626,-0.550259693,-0.68995229,-1.654435278,0.431067875,-0.902141309,0.937543288,-1.205640861,-0.669625986,-0.879717752,-1.072067733,0.57992249,-0.038429027,-0.07612539,-0.535289096,-1.860466667,-1.126703169,-0.982964865,-1.045261113,-1.167319487,-1.326517157,-0.503519049,-1.314904365,"EWS"
"21",1.285506707,-2.248096908,-0.539053645,-1.274395269,-0.80923166,1.11182462,1.442060139,0.956626208,-0.001601281,0.69419663,2.02905573,-0.370628993,1.847934993,0.935818812,0.280355297,-1.159318164,-0.429399258,0.284502021,-0.921805913,-0.378920553,0.625510532,2.115279135,-0.418246443,1.435227372,0.500108399,1.708341628,0.544937153,-0.353252237,-0.686767574,-0.211462047,-0.579818495,-0.097171912,-1.362968536,0.649508724,1.732062542,1.003275442,-1.161552088,-0.494132401,-0.76035593,-1.345152418,-0.261364764,1.022163117,-1.512765025,-0.920549789,-0.360539545,-0.203953857,2.034627213,1.127361702,1.853904503,-1.995835958,0.798272669,-0.858965665,0.261440761,-1.520511703,-0.351261054,-0.356532097,1.582005049,-1.488548595,0.627274436,1.32255552,0.98394938,2.14038376,-1.078221599,0.668547064,-0.268925744,-1.254214021,-2.327902901,0.246156706,-0.162636584,-1.545055654,-1.612944052,-1.325011133,-1.800598418,-1.069441911,0.031110995,-0.72649716,0.946160166,-0.457126891,-1.690647968,-0.554603371,-1.501480771,-1.753885817,1.189640587,1.248611506,-0.831260483,-1.007857925,-0.759714425,1.067706246,-0.77652879,-1.228607085,-0.912796843,0.384445741,-1.617470084,1.061048868,-0.922057327,-0.21927604,0.227852447,-1.661257661,0.85811062,0.449800922,1.228645905,-0.785701162,-0.151637175,0.430287794,-0.358247609,-2.015153052,0.848354445,-1.179605448,-1.268689119,-1.590125601,-0.9331826,-0.261364764,-0.99479296,0.134181182,-0.578034374,-0.795622972,-1.520054351,0.071669287,-0.144910172,-0.457600863,-0.517346841,-0.438970187,-1.8598242,-0.837479551,-0.576787379,0.586730552,0.866385947,-0.032316602,-1.729912066,-0.629796865,-0.719491156,-0.544037758,1.491014672,-0.449887326,0.392582482,0.134880482,-1.723166678,-0.467606505,-0.636766847,0.722463235,0.124515875,-0.639606414,-0.94160854,0.116537816,-0.658745754,0.068779515,-1.45328923,1.751839845,0.173533051,-1.113218441,1.716676663,0.948796643,-1.394326533,-1.278696351,-1.086486109,-1.002393431,-1.228607085,-0.189950584,-0.074184898,-1.521427035,0.33131611,0.058740495,-0.770892529,0.447566284,-1.850872734,-1.780226233,-1.537582475,-1.373970611,-1.835711357,-0.703399557,-0.354534379,-1.28699216,-1.026384655,-1.96254779,-1.104429174,0.751510424,-1.954043132,0.662945672,-0.665921194,1.352608304,-1.163470861,-0.617483277,-0.987786734,-1.770193691,0.793671018,-1.430873405,-1.000487891,0.303653842,-0.834250022,-1.061316504,-1.135068826,-1.557319958,-0.324207754,-1.257373581,0.055434707,0.312984255,-1.280853849,-0.479165471,-1.193032864,-0.079151438,-0.73417753,1.745907484,-0.568101692,-0.685774426,0.168307145,0.949183775,-1.009777575,-0.395861372,-0.078177781,-1.122392817,-0.012781334,0.024692613,-0.838866835,1.153794677,0.569170001,-0.997229674,-1.14696255,0.72217186,-0.604038006,-1.231686643,-0.566690757,0.689339942,-0.06325934,-1.938636665,-1.669718843,-0.733136189,-1.431710225,-1.500135178,-1.239599982,-0.861565832,-0.844202656,-1.560171671,-2.14814874,-1.900458886,0.278540415,-1.381505844,0.026349775,-1.922779732,-0.387576075,-1.049536451,0.821760248,-1.885850393,-1.385894441,-0.480619782,0.174289385,0.640958749,-1.16667702,-0.508661301,-0.640744502,-0.260845419,-1.96254779,1.189183987,-1.260190484,1.494296385,-2.081042823,-1.494325105,0.564404305,-2.226550407,-1.45328923,0.278918787,1.103632997,-0.470323681,-0.041864204,-0.613781625,-1.481044698,1.001624035,-1.044692447,-0.261234902,-1.22894879,0.2338065,-1.425451076,-0.470803949,0.858068223,0.571939538,-0.6267978,0.677627369,-0.822117562,-0.191402666,-1.156771203,-0.543348816,1.060668094,0.208557693,-0.816219178,-1.877971166,0.315540401,-0.06038715,1.42221637,-1.609938038,-0.850034936,-0.854020406,0.18248821,1.928066174,-0.478197104,-0.829654425,-0.038221213,-0.380089802,0.499744454,1.009380266,-0.474332987,-1.120857898,-0.41143288,0.584169018,-0.591132255,-0.136163425,-0.947265536,-0.110819835,-1.087375657,-1.092133323,-1.027501661,0.486491947,-1.947010755,-0.750140902,-1.303056763,-0.39734814,-0.262014326,-0.432014443,0.91115758,0.488027715,0.004788517,-0.285018955,-0.576965426,-1.763172012,-2.171556831,-0.564402225,-0.503188197,0.223143551,-0.552689828,-1.67504367,2.156518317,1.640800911,1.959164774,-0.915041513,-0.474172306,2.194019446,-0.992362169,0.986339046,-0.393783603,-1.354408172,-1.517314624,-0.288082153,-0.030768534,0.15237768,-0.466170983,0.770524802,0.142280507,1.356041318,1.139402283,0.378641894,-0.873470735,-1.089454351,-0.388607991,-0.2338254,0.11439954,-0.690351093,1.365045188,-0.117770536,-1.630150954,-1.181233317,-1.407313728,1.399309298,0.092214484,-0.356532097,-0.724844267,0.873633721,-0.003305457,-1.049250859,-1.741827101,0.583945966,0.237677421,-1.123007446,-0.330589574,-0.445818463,1.46290812,0.300993087,-1.265848208,-0.321859524,-0.655851396,-0.012781334,-0.988055298,-0.526447005,-1.449021191,-1.640412717,-0.047615854,-1.761424269,-0.561943495,-1.805452796,-0.961811247,-0.509326748,-1.05010788,0.380284043,-0.67766761,-0.844900736,-0.83609419,-1.047539019,-1.685239626,1.130885849,-0.240798487,-1.244447637,-1.49209942,-0.828737835,-0.032626503,1.518221342,-0.611935925,-1.273322883,-0.002002003,0.408992214,-1.005941954,0.514737961,-0.792304752,-0.660292844,-0.916290732,-0.481266822,-1.668126909,-1.069150579,-0.923567141,0.138108402,-1.196004635,-0.116084479,-0.453972812,0.103368533,-0.627734042,-0.933945667,1.160491026,-0.329754849,0.885501573,-0.831260483,-0.498567726,-2.015153052,-1.204306193,2.066660207,-0.053928342,-1.248621556,-1.288441961,-1.005668543,-0.566338334,-0.792746546,-2.449925681,1.379194215,-0.199182914,-1.271538124,-0.613781625,-1.291347884,-1.041853955,-1.381107834,-0.442388462,0.333467728,-1.142564176,1.792209368,-0.851205485,-0.842111334,0.482673032,-0.275094957,-0.95972029,-1.284460055,0.207258042,0.196635291,-0.950882177,1.329088887,-0.758859724,0.657468188,0.60497149,0.442182691,-1.263369014,-0.391858105,-0.785043195,-0.691149178,-0.643785751,1.020506593,2.105754792,0.44794972,1.053893824,-0.250900228,-0.203095856,-1.588655373,1.657065496,0.053635549,-0.622688717,-0.274568433,0.059306106,-1.359068375,0.272999814,0.173953307,-1.057566319,-1.047253996,-1.293168383,-1.96254779,-0.284753033,-0.921554562,-1.058718725,-0.070207895,-0.337152468,-0.053295297,-1.158999439,-0.8495671,-0.080667903,-0.802292628,0.02946171,-1.57358826,-0.888432404,-0.457916968,-0.643214812,-0.442544116,-1.636295367,-0.894284652,-2.03714863,-1.572142128,-0.196014884,-1.993630885,0.050788167,0.407862233,0.047074407,-0.547316732,-0.625488532,-0.491186409,-0.979496808,-1.360236827,-1.32425897,-1.035355839,0.283523437,2.273743134,-1.799993274,-0.192493112,-0.019182819,1.286418776,-1.170538028,-1.074993423,-1.26513924,0.855436084,-0.586627337,-0.304218041,-0.371063681,0.149626174,-0.99398204,-1.663894098,-1.054978252,0.312984255,-1.384296359,1.504810461,1.377556295,1.998461937,1.688507839,-1.500583508,-1.674509909,1.79307527,1.299373889,0.496523839,1.507560214,-0.795401415,1.245824668,-1.546463113,2.066102977,-0.601845022,-1.47797115,-1.307483181,-0.227402608,-1.774312556,-0.721546655,-1.669718843,-0.192735595,0.059777204,-0.115523091,-0.35939292,2.04545809,-0.523910863,-1.723166678,1.565277017,0.225221391,-0.356103679,0.106519843,-0.30652516,-0.769380487,1.280183564,0.404864928,-0.37353049,-0.950882177,0.152463543,-1.199980783,-0.993171776,-1.622016695,-0.657780037,1.307359373,-1.808498793,-0.484021421,0.065319466,-0.644928608,-1.057566319,-0.664948526,0.543254091,-0.165700456,-1.56589961,-1.154230712,-0.312658059,1.019677301,1.503499452,-0.004811557,0.706704859,-0.289016296,-0.094860281,-0.098164249,-0.946492241,-0.13250335,0.053825087,-1.63989712,1.041547988,-0.810355382,-0.918292735,0.520815558,-0.682207241,0.170417652,-0.362693016,-1.158680815,-0.998857456,-1.292439786,0.289605222,0.210828026,-2.280823601,1.203242538,-1.899790213,1.384768197,-0.191887162,-1.850236399,-1.48943512,-0.849800991,-2.035616062,-0.58590843,-1.576970722,-0.612120342,-0.860856025,-0.688358664,-0.408720401,-0.486133011,-1.762589092,-0.103140759,0.237125349,-1.820158944,-0.746969987,-0.994252273,0.621221441,-1.197328262,-0.200037563,-1.783196239,-1.485451933,-2.070680036,0.530804706,-0.481105022,-0.687960654,-0.326561511,-1.067404362,0.668905716,-0.044265416,0.042005294,-1.174737679,-0.757792374,-1.747551215,-1.245837008,-1.944211592,-0.602392817,-0.671972945,-0.780449509,-0.936493439,-0.155835432,-0.249872611,0.234439511,-0.801400766,-0.761854379,-0.987786734,-0.738772359,0.323314625,0.586786165,-0.457600863,-0.447694342,0.249356958,-0.218404797,0.955511445,0.164666622,-0.874429278,-0.214059933,-0.111266812,0.319253411,-0.482562159,-1.407722309,-0.665921194,-0.944433038,-0.924322904,-0.0216323,0.09376353,0.712998826,-0.678849876,-0.187173308,-0.906092907,-0.762926075,-0.230294055,-2.161953963,-1.998783639,-1.417578651,0.715202171,-1.004302609,-2.231195097,0.868234299,-1.21402314,-1.425451076,-0.992362169,0.151948256,0.313642174,-1.824489294,0.451712359,0.224103091,-1.133825044,0.795703769,-0.367158274,-0.704208128,-0.090581378,-1.048394573,-1.523719037,-0.986444992,-0.76507292,-0.448320418,-0.05108279,0.844322008,0.901055259,0.405265088,0.52253678,-1.893792195,0.828420805,-0.804525769,-2.317698731,1.523792874,0.331962081,-1.613948068,0.231111721,-0.466968241,-1.131652143,-1.065661189,-0.771108722,2.026291261,0.344511265,-0.417031745,-1.56589961,0.168898537,-0.935983365,-1.044692447,-2.000260744,-0.831260483,0.52253678,-1.543650172,-0.038325114,-2.037915795,0.020096702,-1.10021357,-0.422662133,1.065158912,-0.050556724,-1.257022025,-1.536187451,-2.181252808,0.825052251,-1.0761661,-0.755661086,-0.55739326,-0.870123051,-1.206643033,-1.124237836,-1.437587656,-1.488105627,-1.484127722,-1.410177302,-1.255266099,-1.137873003,-0.956071602,0.441861323,-0.769164667,0.030820142,-1.587187304,1.293767803,0.531980278,-0.358247609,0.558415067,-0.764213629,0.788775492,-1.298283484,-0.575008653,-0.384927457,-1.614953093,-0.511659305,-1.28157405,-0.690151672,0.753395261,-0.343617705,-0.721752438,-0.241180239,0.585506289,-0.795179906,0.338327657,-1.159955919,-0.63714499,0.000699755,-0.6680644,-0.423272727,-1.314159763,0.864323526,0.539121493,0.514140125,0.850834456,0.452475912,-0.981095955,-0.503188197,0.837810137,-0.276939976,-0.310609577,-0.136965855,0.700668822,-0.31320503,-0.49511633,-0.895508193,-0.098164249,-0.372804326,-0.212945726,-0.681021001,-1.653912403,0.096763668,0.480572581,0.431327768,-1.670250052,-1.616462527,-0.677864557,-0.130108685,-1.169571378,-0.666310527,-0.505174952,-0.458391314,0.070924338,0.25812452,-1.337885222,-0.35982275,-0.196745078,-0.552168587,-0.895998029,0.654406352,-0.653157532,-0.413245295,-0.652965391,0.474680177,-0.541113025,0.640642627,-0.839329691,-1.178955041,0.509404615,-1.428784413,-1.077046511,-1.384296359,0.968769324,-0.03376363,-0.618967782,-0.228407381,0.857389624,-1.327271021,0.014593002,-1.457146102,0.599825023,0.02508278,-1.321255965,-0.717439873,-0.442699795,-0.535630743,-0.031181118,0.74117515,-2.007679176,-0.948555693,0.217125479,-0.434945413,-1.128865332,0.265436464,0.040757993,0.187889361,-0.860146721,-0.617668719,0.447374511,-0.714779481,-1.427116356,-1.686859059,-0.320618573,-1.037893554,-0.40241975,-0.222268934,-0.300429645,1.452947832,-0.912547746,-1.541779264,1.03978189,-1.280493942,-0.704612659,-0.577499757,-0.689752948,0.160075948,0.170248976,-1.133825044,-1.080870607,-0.893551245,0.685770036,-0.231427771,1.112054864,0.105620482,-0.948813924,-1.160913315,-1.238219243,-0.882614206,-0.667674385,0.236020289,-1.828838478,0.088010877,0.84749784,-0.00250313,-1.090049058,-1.453717037,0.090571698,0.150400801,-2.309609708,-1.37436579,-1.613948068,-0.949072221,-1.559695821,0.744457975,-0.332958417,-0.983499482,-0.178170186,-0.332121714,-0.66087362,-1.886509806,-1.220779923,0.89388151,-0.655658736,-0.86441011,-2.004705196,-0.85143976,-0.681811671,1.309116296,-0.592578126,-1.124545671,-0.606969484,-1.864330162,0.146867076,-0.720107362,0.450757097,-0.782196997,0.318453731,-2.264326381,-1.727658544,0.55141079,0.197702659,-0.269449304,1.672224901,-0.121602822,-1.0744076,-0.430782916,-0.453500557,-0.484508315,-0.48240015,-1.193362625,0.124427578,-1.112914073,-0.527463265,0.18431956,-0.219027036,-0.743388397,-2.137918471,0.560586745,-0.835402228,-0.653734178,-0.460449416,-0.797175251,0.57120551,-0.225772003,0.267351806,0.44519851,-0.585369588,-0.617112494,0.228648372,0.146262507,0.732512114,-0.253087428,-1.316768299,0.281186019,0.118582716,-0.263835346,-0.941095851,-0.875868817,-0.76507292,-0.173163619,0.392177214,-1.286630038,0.130326262,1.574949982,-0.706840508,-0.4405225,-1.828838478,1.009234478,-0.353394616,-0.330033013,-1.68848112,-1.54928399,-0.448790233,-0.824395467,-2.051826375,-1.516403047,-1.510045169,-0.952695414,-1.450299691,-1.470110847,-0.990744918,-0.325176277,-0.342490309,-0.883823542,-1.542246663,-1.696631124,-0.409925039,-0.777833989,-0.874429278,-0.267618041,-0.866786537,-1.071191693,1.117074148,-0.62008261,0.35634489,-0.399731576,-1.204306193,-0.553559166,-0.564050607,-0.941864983,-0.484833044,-1.948413279,1.602755636,0.580873938,-0.647409289,-0.800064463,-0.892574205,-0.887703275,-0.338835026,-1.008680181,0.132430787,-0.553559166,-0.614705754,0.561898894,-0.965218406,1.072405197,-0.390231728,-0.155835432,-1.279415,-0.045101974,0.534913175,-0.895508193,-2.029509173,-0.589508146,-0.133302847,-1.564942673,-1.803629642,-1.754463685,0.538538062,-0.72505073,-0.83378951,-0.40706639,0.13058957,-0.412942998,-1.54975491,0.042772092,1.737514454,-0.545417069,-1.479726306,-0.270366195,-1.244794799,2.1729205,0.358583122,0.228011683,-0.404515559,0.807234507,0.857771392,-0.458549479,-0.672364641,-0.416576613,1.140649545,-0.10402807,-1.88321708,0.393662396,-1.575519694,0.194744077,-0.471444667,-0.900417383,-0.265529268,-0.259288998,-0.243346259,0.501502296,-0.884549846,-1.390302383,1.29184631,-0.428631386,-0.996687669,-2.041760475,-0.821435201,-0.596928323,-0.903374507,-1.88321708,-1.093923299,-0.310200384,-1.327271021,-2.302585093,-1.545055654,-1.723727059,-1.422543494,-0.651429587,0.983538081,-2.650725135,-1.531088946,-2.206366235,0.802898045,-1.420885806,-1.124545671,-0.337012383,-2.358097803,-0.882614206,-0.814862939,-0.710293339,0.598671652,-0.189587893,-0.383312304,-2.203645145,-1.163470861,-1.648698626,-0.362261951,-0.861565832,0.439415548,-0.773056564,-1.015282681,-1.23065907,-0.814185509,-0.821207851,-0.386545223,-1.40283033,-1.294992203,-1.205307027,-0.13079229,-1.970407781,-0.06038715,-0.94160854,0.844279023,-0.652773286,-0.770028225,-1.844527535,-1.878625402,-1.006489,-0.686767574,0.520221345,0.376859851,-1.123007446,-0.334494194,0.536025425,-2.050271164,-1.014454981,-1.331806176,-1.521885015,-0.821207851,-2.440698395,-0.416121688,-0.341645595,-1.182211313,-1.950520762,-1.088859997,-0.173758326,-0.91904452,-0.168063685,-0.086647807,-0.175902205,-1.956162526,-0.430782916,-2.437259996,-0.451927983,0.595534352,-0.553733125,-0.363268059,-0.46648981,-1.65286747,-1.764338874,-0.899433615,-1.41551722,-1.682546384,0.508021696,0.825577968,-1.749274858,-2.052604888,-1.672910335,0.179651328,-1.242367192,-1.901797574,-1.067695186,-0.399433336,-1.942117351,-1.286268047,-2.363397232,0.293788391,-1.239945465,0.091940874,-1.787369121,-1.490322432,-0.967847219,-0.590590592,-2.320749064,-0.196988594,-1.885191414,-0.295445463,-0.959198233,-0.798285499,-1.474470052,-1.143191332,-1.336361992,-0.503684516,-0.577143505,-1.6533898,-0.658745754,-0.501370465,-1.242713633,-0.591854929,-1.317514846,-1.242367192,0.636735547,0.463796907,0.63073972,-1.572623939,-1.937941979,-1.364141557,-1.257373581,0.385874458,-0.38389933,-0.342912934,-0.540597782,-0.22777928,-1.524637311,-0.33128571,-1.401204974,-0.795401415,-2.02798826,-0.509659637,-0.54697107,-0.082729648,-0.693347201,0.882320212,-0.84769794,0.00548493,0.922034207,-0.720518377,0.17386927,-1.723727059,-1.538979449,-0.738772359,-0.523910863,-1.187443502,-1.633218441,-0.353537015,-1.257022025,-1.160594081,-0.446599652,-1.59405681,-0.841183259,-2.089896,-0.446443365,-0.1537341,-0.990744918,-0.931912113,-1.127938118,-1.327648166,-0.338694705,-0.850034936,0.175716458,0.447374511,-1.068859331,-0.207885549,-1.661257661,-0.703197516,-0.990744918,0.887932409,-2.482908647,-1.265848208,-0.705017353,-1.282655326,-0.368602943,-0.543521007,-0.208994128,-1.342468882,-0.174591511,-0.452871231,-0.529329095,-0.703601639,-0.662424008,-1.935860813,-0.160168752,-1.392312433,-1.537582475,-0.278524135,-2.083449563,-1.939331834,-0.253731633,-1.577454867,-1.685779146,-1.779040697,-0.685575915,-1.167319487,-0.350408902,-1.976884953,-0.191160506,-0.080993159,-1.529702944,0.020096702,-0.17007683,-0.175306222,-0.842807955,0.807323721,-0.027782381,-2.006934851,-0.383605774,-0.484670666,-0.201993793,1.388367211,-1.010601411,0.249201086,-0.833559334,1.252534371,-1.534794369,-0.573587946,-0.252057562,1.396195186,-1.677181565,-0.342067863,0.337329012,-2.078641862,-1.733867991,-0.759286983,-1.611941043,-1.558744798,-0.352540645,-1.746403768,-2.787093408,0.380694159,-0.586447562,-0.383312304,-0.593482857,-0.325176277,-2.001740034,-1.237184939,-1.596521687,-2.316684017,-0.794515675,0.949880235,-0.916290732,-1.862396549,-0.356532097,-0.493968507,0.112614144,0.428334922,-0.911800827,-1.037046933,1.14730721,0.104179819,-2.348629032,-0.737099068,-0.056887862,-1.37634403,-0.599110539,-0.016637641,-1.319383656,-1.438008797,-0.689553645,-1.09302791,-1.179605448,0.054298773,-0.228030473,-1.381904013,0.326710459,-1.425451076,-0.476263179,-0.543348816,-1.148538097,-0.608071008,-0.769380487,-1.5945493,-1.505979204,-0.680230955,-1.867561183,-1.026384655,-1.060161102,-1.418404415,0.006677655,1.16174357,-1.239599982,0.896169654,-1.38230234,-1.211333159,-0.425718837,-0.404365713,-1.371208724,-0.102919054,-1.263722809,-0.726290399,-1.28157405,-0.070851741,-1.603455841,-1.477532842,-0.349983099,-0.850737101,-1.499687049,-0.399731576,-0.073754189,-0.719901918,-0.527802248,-1.708153885,1.773934884,-1.468806783,-1.746977327,-1.295357366,-1.633730605,-1.025268894,-0.707246105,0.207583113,-1.882559834,-0.430475271,-0.925079238,-1.651302117,-0.530858278,-0.136163425,0.187806487,0.604097364,-1.551640814,-1.895121982,0.428921184,0.37775127,-0.568807906,-0.385074419,0.151604584,0.876343355,-1.21773372,0.183154543,-1.556371192,-0.971010944,0.29684001,-0.739400565,-0.619525041,-1.935168053,-0.07364654,-0.027165668,-0.984301943,0.166192175,1.03442926,-0.768086267,-1.428367138,0.797056644,-0.074184898,-1.08975166,-0.720107362,-0.145603974,-1.161871628,-0.538539462,0.44871615,-0.999672341,-0.915541013,0.258047267,-1.337504197,-0.30069977,-0.59511344,-1.267267655,-0.691348799,-0.700373226,-0.053928342,-0.885276678,-1.41551722,-1.369240607,-0.760997848,-0.760569857,-0.947007705,-0.717644812,-0.061024702,-0.398092354,-0.623248053,-1.195013063,-0.107028573,-0.725670372,-1.096614286,0.699874501,0.941178447,-0.120248573,-0.306253458,-1.245837008,-0.519698202,0.667162484,-0.755022584,-1.099312534,-1.28157405,-1.758518135,-1.631683521,-1.011151013,-0.273253336,0.61955446,-0.365427421,-1.090644119,-0.587526699,-2.544656654,-0.803408575,-1.745257636,-0.936493439,-1.817077277,-1.825109449,-0.738772359,-0.871795492,-0.486133011,-0.408419468,-0.370773868,0.108854405,-1.142877705,-1.168927463,-1.420057991,-0.702793558,2.113154326,0.67706861,-0.30870144,0.732271735,-0.360969868,-1.112001526,-1.219424909,0.973464701,0.325339064,-0.556695057,-0.273121921,0.132343187,0.159223506,-0.200404064,-1.887169654,-0.07612539,0.36748629,-1.133514341,0.455777922,-1.131342113,0.771357441,-0.576075509,-0.149776925,1.334158607,0.072971613,0.365892333,1.032401259,1.296834535,-0.608989873,1.055252354,2.076073376,-0.455864066,0.293713845,0.297805656,-0.272071225,-0.717030121,-1.48943512,-1.940723622,0.116359801,-0.922308804,-0.171144256,-1.671313316,-1.257022025,-1.678787991,-0.417183501,-1.02945943,-1.387895643,-0.863461118,-1.712024501,-0.258252728,-1.206977313,-0.369036752,-1.091835304,-1.082640519,-0.950882177,2.301634642,1.759666626,1.979220574,-0.019182819,0.646841428,-0.911054465,-0.159464775,-1.694451287,-0.083707749,-1.070024832,0.062035391,-0.86298696,-1.140685065,-0.167945391,-0.124430078,-0.471124257,0.681175809,-0.415061002,0.296096571,0.157345571,-1.597509342,-2.23305903,-2.517016704,-1.074993423,0.183404304,-0.340379862,0.125221965,-0.162166051,0.849808991,-1.196997191,0.17412136,0.373905639,-1.990698332,-1.537117251,-0.633558389,0.049932369,-0.449887326,-0.910805802,-1.628111178,-0.078285918,0.145138766,0.253633958,0.529863253,1.556332451,-0.09123848,-1.421714306,0.247641023,-1.38230234,-0.586088108,-0.502196297,-0.09036244,0.092032085,-0.229413164,0.838199452,0.229682128,-1.339029169,-1.25281297,-1.299382989,0.1919418,-1.407722309,1.09767852,0.139414056,0.952468358,-1.633218441,0.031110995,-2.095570924,-1.807279281,-0.775008207,-1.196997191,-1.585233224,-0.650854268,-2.192834229,-1.355959161,1.415003288,-1.545055654,-0.679047056,-0.367880348,-1.264430773,-0.152918106,0.383560273,-0.66087362,1.557112507,0.284953353,-1.05641524,-1.118100965,-0.328226328,-1.162511015,-0.725463782,-0.193463397,-1.284098849,-1.899790213,-0.858493633,-1.049822125,-0.700171796,0.736350338,-0.847231196,-0.692947201,-1.474033275,-0.100815305,0.008464078,-0.536143432,-1.179605448,-1.292075686,-0.659325632,-0.665921194,-2.498599977,-0.873231242,-0.996687669,0.374593444,-1.297917251,-0.869645724,0.282845395,-1.406905315,-1.087969129,-0.284088537,-1.035074268,-1.045545568,-1.407313728,0.218331994,-2.20909475,-1.021929064,-0.755022584,-0.867738691,-1.6533898,-1.048109307,-2.011409131,-1.757358043,-1.652345413,0.068966205,-0.351687402,-0.727945686,-0.793188535,-0.998043234,-0.705624702,-1.503277717,-0.006722546,1.197250259,-0.052241112,-2.029509173,-0.234710188,-1.330670457,-0.384192973,0.493292819,0.973842402,-0.055407007,-0.794294363,0.234597701,-0.359679453,-0.413396478,-0.002102208,-1.433385969,-1.777856564,-1.287354413,-1.611439915,0.451011923,-1.968974089,0.473497519,0.499805121,-0.387134151,-0.422967383,0.185898485,-1.847695102,-0.671190013,-1.581822745,-1.731040734,-1.115046595,-0.296924654,-1.707050741,-1.280134165,-1.060738636,-1.257373581,-1.262661801,-0.418246443,-1.519597208,-1.472288074,-0.543521007,0.617830786,-1.172797187,-1.311186889,-0.294505298,0.768718367,-1.048109307,-0.576431381,-1.175709339,-1.54975491,-1.398771883,-1.873403458,0.321938561,-1.530626732,-0.87275243,-0.857078872,-1.666008264,-1.223155624,1.198608442,-0.709479835,1.532513671,-2.018911042,0.851816209,0.331675034,1.234511709,0.601305977,0.524669356,2.211729975,-2.141316945,-2.105374924,-1.773723107,-1.790360448,-0.522055106,-1.037611267,2.144093338,-1.397962166,0.460142669,-0.302863394,0.011632084,1.622097441,-1.027222293,-0.56951462,-0.226649691,-0.814185509,-0.641693899,-1.361406646,-0.505174952,-0.678455632,1.011891779,0.015184135,-0.28143496,-0.250129416,-1.243753674,-0.833329211,-0.974714652,-1.298649851,-1.410996974,-1.647659125,0.258433472,-0.583037958,-0.737935363,-0.381406843,0.772420362,0.659228387,0.508863701,0.848440065,-0.340801595,0.672280988,-0.756726162,-1.494770838,-0.03376363,-0.982964865,-0.315121788,-0.14792013,-1.093624747,-0.358104537,-1.301218189,-1.568295969,-0.564226401,1.972899773,-0.522223669,-0.244750305,-1.22894879,-1.764338874,0.150916885,-0.918793862,-1.000215967,0.037006726,0.021272135,-0.102032726,1.027259492,-1.086486109,-0.335752496,-1.082640519,0.015479571,-1.378723096,0.027712439,0.111988502,0.136452123,-0.547316732,-0.285284948,-0.01095984,-0.687165109,-0.778922958,-1.252463014,-0.365859854,-1.752154215,-0.525431776,1.47359528,-0.436491487,0.643641761,0.96237247,-0.034591445,0.295575835,-1.350541191,-0.390527236,0.422322225,0.014593002,-0.078826781,-0.640175296,-0.051503843,-0.691548459,-0.280110807,0.184236389,0.66021068,0.272238431,0.297211523,0.027420596,-1.27833722,0.63398087,-0.091019398,-0.796066235,0.127953364,0.055907632,-0.112161367,-1.914605299,-0.604038006,-1.501480771,0.653054087,1.1342368,-1.304898723,-1.143191332,-0.17387731,-1.270112607,0.259745454,-0.179605249,-0.390527236,-0.547662514,-0.589327852,-0.436800988,2.3091038,-1.01694014,-0.157941188,0.433663763,-0.522055106,-1.569256123,0.68218734,0.248499359,-0.630172381,-0.075801713,-0.490859611,0.545574816,-1.8598242,-0.854490331,-1.766091723,-0.567748771,0.332392497,-0.026857454,0.845224283,-0.628858691,-0.338273859,-0.870600606,-2.054163735,-1.152013065,0.473061449,-0.342208659,-2.308603165,-1.118100965,-1.048109307,-1.697722827,0.297434364,-1.578908707,0.090297638,-0.25334506,-0.740029167,-0.717030121,-1.53433044,-1.087079053,-0.878994947,-1.262308381,1.004704458,-0.531879033,-0.22777928,1.39123215,0.859931998,0.392717535,-2.27789248,-0.418398384,0.907572841,0.453111762,-0.096070469,-0.062833309,-0.694948803,-0.898450814,0.514737961,0.2338065,-0.161578196,1.972718988,-1.3919101,0.440317319,-1.256319285,-1.421714306,0.304686671,-0.692747261,-0.570221834,-0.077961542,0.158882325,-1.116267224,0.631856712,0.341886127,-0.292761618,-1.167640875,-0.693947501,-1.693363147,-0.989399204,0.400184524,0.692797119,-1.410996974,-0.231679882,-1.200312844,-0.820298966,-0.722988023,-0.524586539,0.824131582,-1.513219055,-1.095716486,-1.518683549,-1.513219055,0.328728042,-0.567395975,-1.055840197,-1.918684163,-1.408131056,-1.374761125,0.133831348,-2.061208773,-1.619488248,-1.547402522,-2.158484749,-1.386294361,-0.721135217,-2.512072318,-1.867561183,-0.673540651,-1.072944542,-1.071191693,-1.586698426,-1.148222789,-0.513161684,-0.163107338,-0.298675614,-0.407517212,-0.773923491,-1.491210531,-1.37634403,-0.981095955,-0.739819589,-0.72815279,-1.119938075,-1.459725639,-0.395712817,-0.749929195,-2.052604888,1.172884533,-0.59511344,0.400653551,-1.941420244,-1.870153537,-0.458233174,-1.790360448,-1.559695821,-0.212945726,0.132167964,-0.608438453,-1.173766962,-0.735428573,-2.026469657,-0.751412089,-2.501036032,-1.784982485,-0.039468744,-1.377929445,-1.123007446,-1.5945493,-1.038458366,-0.452399495,-1.23065907,-1.242367192,-0.853081219,-2.640858952,-1.255968099,-1.169893491,-1.628620732,-2.324830702,-0.678258568,-1.234432012,0.053161548,-0.091896015,-0.010151351,-0.830113036,-1.707050741,-0.097943644,-0.179126666,-0.82052611,-0.924070919,-1.649218782,-1.27833722,-1.123007446,0.005087039,-0.015621381,-0.622875128,-1.527857925,-1.490766383,-2.343407088,-1.553057579,-0.925079238,-1.048394573,-1.11078609,-1.584257614,-2.024953356,1.151426093,-2.395797475,-2.009169489,-2.706052198,-1.335981547,-1.850872734,-1.855338451,-0.748871329,-0.709276563,-1.221458119,-1.371997056,-1.803629642,-0.627921396,-1.855978042,-1.616462527,-1.491210531,-1.866914143,-2.041760475,-2.198225078,-1.720369473,-1.496109227,-1.240291067,1.699059214,-0.678849876,-1.528780009,-0.14664558,-1.005668543,-1.297917251,-1.503727458,-0.874189556,-1.56589961,-1.331806176,-0.973390324,-0.647600366,0.284577258,-1.683084453,-0.66650525,-2.44184716,-2.525728644,-1.626075554,0.436317572,-1.783196239,-2.093946228,-1.377929445,-1.189084192,-1.927579192,-1.106543659,-0.664171072,-1.527397202,-1.284821392,-0.266703666,-2.187472286,-1.316395234,-1.153596597,-1.557794679,-2.497384171,-1.431710225,-1.678252228,1.026901441,-1.952632695,-1.951928221,-0.89037935,-0.434945413,-1.120857898,-2.194627952,-1.616462527,-1.828838478,-2.583622623,-1.336742582,-1.487662856,0.237677421,-1.939331834,-1.783196239,-0.917791858,-1.131962268,-2.02722867,-0.333795821,-1.364141557,-1.204639693,-0.554429261,-0.030871664,-1.020818261,-1.684161459,-1.268689119,-0.13857265,-0.004309272,-2.005447862,-0.424953785,-0.000100005,-0.432168491,-1.152962883,-1.699909816,-1.873403458,-1.264076728,0.240197306,-1.414282398,-1.332943186,-0.371353579,-1.494770838,-1.213686497,-1.316768299,-0.084360349,-0.558791128,-0.927098931,-1.943513025,-1.65652952,-1.95970486,-0.488738027,-1.282655326,-1.038740892,-2.07544952,-0.768517488,-1.25772526,-2.820099705,-1.003756758,-1.614450454,-1.660731207,-1.217058044,-1.03423003,-0.965218406,-1.272965676,-0.157121756,-0.912547746,0.716326454,-0.381553288,-2.123602438,-0.412036654,-0.400626832,-0.256183405,0.218974874,-0.251414433,-1.762006511,-1.099312534,-0.6806259,0.164327293,-1.513219055,-0.05234648,0.56769733,-0.590951668,-0.3588201,-1.447744323,-0.932674211,-1.093624747,0.718717457,-0.262534279,-0.821890057,0.27748021,-1.390302383,-0.683394889,-0.869884359,-2.100460909,0.030238183,-0.444881841,0.694246576,-0.924827063,-0.72505073,-1.036482917,-0.24692408,-1.04611472,-1.636809109,-0.653349711,-1.341320996,0.844708797,0.001898197,-1.334461213,-1.198985263,-1.231001477,-0.339256108,-2.278868566,-1.204973305,-2.745752068,-1.764338874,-0.753109522,-1.492544161,-0.992092445,-1.743540897,-0.28143496,-1.887829938,-0.033039854,-0.399433336,-1.262661801,-1.887829938,-1.105939064,0.611123345,-1.105636904,-0.983232138,1.272481559,-1.471416615,-0.306253458,-2.058071516,-1.363750397,-1.143191332,-3.094448247,0.008860628,-1.056127677,-0.500875293,-0.25747623,-0.104361015,-1.790360448,-1.54928399,0.607207956,-2.258568208,-1.857258452,0.111809675,-0.849333264,-2.629701235,-0.780231288,-0.841879234,-0.446599652,-1.15486523,0.007769737,-0.382285835,-1.399987688,-0.283026261,-1.554476354,1.007118152,-0.46505589,-0.17007683,-0.094860281,-1.085301275,-2.283763339,-0.534606152,-0.138917299,-0.704410373,-2.399095993,-1.036764885,0.742175412,-1.586698426,-0.485645325,-1.353246507,-0.210103938,-0.509659637,"EWS"
"22",0.76593285,-2.337176538,-0.694748462,-1.508688009,-0.776094101,1.110244373,1.86522676,-0.19723217,0.079365555,-0.128174339,1.902152302,-0.94160854,2.209504426,0.699477104,0.232301489,-0.489553488,0.059683002,0.528979834,-1.188099455,-0.142139767,-0.096841351,1.82241799,-1.345536369,1.174492499,0.871795332,1.261382853,0.141759945,-0.298945265,-0.981095955,-0.509826123,-1.016111067,-0.460766424,0.271476468,0.965157084,1.482672153,0.654042461,-0.784166579,-0.717439873,-0.265529268,-1.272608597,-0.792304752,0.60475303,-1.33142746,-1.246532419,0.436963775,-0.086756864,1.826917453,1.319620228,1.336132006,-1.616462527,0.570753532,0.084892467,0.085718875,-1.246532419,0.36179183,-0.559665789,1.631238542,-1.692276191,0.603277176,0.721588854,1.016063666,2.207108899,-1.115961927,-0.203586052,-0.256054215,-1.422543494,-2.24620476,0.238859408,-0.633935321,-0.838404193,-1.30600553,-0.983232138,-1.632706539,-0.472727335,-0.485157877,0.001798382,0.788548265,-1.130722343,-1.751001477,-0.194677579,-1.435064525,-1.494770837,1.410010888,0.806877571,-0.812606621,-0.865360003,-0.971539206,0.701363335,-0.378628454,-0.794073099,-0.989130278,-0.032729825,-1.585233224,1.244298676,-1.412638336,-0.272071225,0.085994193,-1.50237884,0.085535288,-0.394080163,0.074736346,-1.219086442,-1.016387348,0.328224028,-0.745915246,-1.683084453,1.184575895,-1.440961762,-1.013077001,-1.865621318,-1.556845462,0.607044482,-0.665726585,0.046883586,-0.994252273,-0.886974678,-1.406497068,-0.02706292,1.14297999,0.111273002,-0.08349031,-0.254505228,-1.638866723,-0.110149744,-0.901894852,0.562525835,-0.913295223,-0.336592244,-2.138767008,-0.428477882,0.001798382,-0.953992599,1.105389273,-0.843505062,0.31903538,-0.412036653,-0.654311157,-0.373239961,-0.853785527,0.880207492,0.067471715,-0.250771718,-0.796509694,0.630952577,-0.816445397,0.580817996,-1.522343206,1.653071949,0.207664364,-1.480165577,0.988536972,0.855606108,-0.391414285,-1.205640861,-0.727531607,-1.05010788,-1.678252228,0.309321248,0.400653551,-1.472288074,0.751274569,0.441153951,-0.630923837,1.062674182,-1.586209786,-1.958995389,-1.466203744,-1.01694014,-1.462311848,-0.841415197,-0.560190953,-1.74869998,-1.079986825,-1.712024501,-0.60166249,0.857771392,-2.068303797,0.788320987,-0.697958738,1.98966726,-1.152013065,-0.826450028,-1.110482461,-1.74869998,0.141846724,-1.777856564,-0.915291232,-0.535972506,-1.072944542,-1.470545914,-1.546932707,-0.069564463,-0.745072253,-1.075872802,-0.770028225,-0.131248287,-1.874054712,-1.405681075,-1.246184653,0.539413081,-1.08975166,1.896299649,-0.631863952,-0.759286983,-0.059325466,0.764769924,-0.844202655,-0.492985706,-0.546625528,-1.409767717,-0.032833157,-0.129539371,-0.498897053,0.966831743,1.512772815,-1.0744076,-0.571106555,1.335001067,-1.152646177,-1.767261998,-0.031387473,0.398977442,-0.537169599,-2.084253099,-1.596521687,-0.850971266,-1.246532419,-1.412638336,-1.452006904,-0.026138658,-1.170860453,-0.782853094,-2.176833888,-0.859674131,0.335185695,-0.656429598,0.024399887,-1.81954185,0.010544214,-0.860856025,0.790047005,-0.999400639,-1.148853505,-0.398837122,0.039220713,1.580009102,-0.737517128,-0.155835432,-0.414758155,-0.254376254,-1.762006511,1.425947673,-1.68848112,1.035849967,-1.922779732,-0.672756491,-0.391414285,-2.104554242,-1.501480771,0.502168257,0.983313664,-0.391710143,-0.437884999,-0.504015532,-1.262661801,0.678845396,-1.103222901,-0.162989628,-1.264784944,-0.356532097,-1.494325105,-1.47797115,0.699576468,0.619069977,-0.397943467,0.954818898,-0.480134776,0.191116104,-0.61452086,0.20880119,1.249901736,0.297434364,-0.523404406,-1.813391769,0.876468238,0.210909014,1.450817257,-1.801809805,-0.668649709,-0.539053645,0.255804334,2.448882157,-0.438194933,-0.371208619,0.042580448,-0.247180129,0.496949798,0.751321745,-0.304896053,-1.521885015,-0.310746012,0.292744238,-0.743598724,0.282166892,-0.554951682,0.236730825,-1.350927217,-0.907826653,-0.957373177,0.440832252,-2.024953356,-1.022484928,-1.250016743,0.026252371,-0.165818485,-0.097502581,1.217846123,0.919007039,-0.201871416,-0.424342164,-1.427116356,-2.106196279,-1.893127964,-0.920298753,-1.256319285,0.599879913,-0.59402609,-1.167319487,2.575402228,2.266273744,1.956751172,-0.714166548,-0.137539414,2.379259056,-0.708057793,0.64353668,-0.696552974,-1.405681075,-0.784166579,-0.510658971,-0.424036494,0.01557803,-0.32462272,0.308513582,0.032757564,1.143394431,1.386119346,0.576613364,-0.32628431,-1.112914073,-0.424647928,-0.207885549,0.440639183,-0.386839644,1.596960391,-0.386839644,-1.782601531,-0.119234088,-1.23065907,1.476500629,0.081672149,-0.155368087,-0.569337895,1.063330475,-1.389900857,-0.934200152,-1.763172012,1.389339719,-0.579282924,-0.218902557,-0.744019511,-0.664948526,1.308224706,0.151776435,0.840273245,-1.685239626,-0.385368406,0.46693643,-1.221118963,1.253419896,-1.241674672,-1.570217199,0.453747207,-0.82052611,-0.530008443,-1.447744323,-0.790760009,-0.645881988,-1.095417398,-0.232815171,-0.88746035,-1.023875943,-0.912049738,-1.351699716,-1.503277717,0.776108701,-0.214307703,-1.304898723,-1.261248872,-0.892330094,-0.739191119,1.101508092,0.454636152,-1.079986825,-0.141448364,0.503498848,-1.531551374,0.341459778,-0.568101692,-1.564942673,-1.277619344,-0.772190388,-1.533403226,-0.468884256,0.11439954,-1.497002483,-0.182601596,0.502289293,-0.315395911,0.043729763,-0.409021424,-0.545934801,0.766118793,-0.216043814,0.941451528,-0.105916226,-0.597655199,-1.697176827,-0.880441079,2.390769948,-0.307068786,-0.411734721,-2.210917904,-0.701179352,-0.413245295,-1.271538124,-2.109488463,-0.155484903,-0.543865478,-1.10714862,-0.846531487,-0.913295223,-1.530626732,-1.119019098,0.399379964,0.121863588,-0.844435295,1.201830511,-0.687761708,-1.314904365,0.247641023,-1.362577835,-0.695550065,-1.28916765,0.966793714,-0.379797361,-0.924070919,1.369961706,-0.694548161,1.157164176,0.795297549,1.003312109,-1.403237082,-1.021929064,-0.182601596,-0.849099482,-0.776311422,1.437676402,1.696844211,0.466183843,1.208781225,0.11172025,-0.261624538,-1.291347884,0.950808094,0.324399655,-0.793630719,-0.103806169,-0.306253458,-0.826907171,-0.0216323,0.33203383,-0.823255866,-0.924574951,-1.54975491,-1.745830537,-0.647600366,-0.800064463,-0.841183259,-0.290352301,-0.183442184,-0.340239323,-0.6361999,-0.962858368,-0.06134363,-1.09302791,-0.405115169,-1.560647748,-0.56457808,-0.733760863,-0.727738625,-0.687960654,-1.210997419,-0.304624793,-1.339792527,-1.667067025,-0.153850725,-1.789162843,-0.429860265,0.00548493,-0.467606505,-0.880199912,-0.915790857,-0.043220702,-0.952436179,-1.435904862,-1.374761125,-1.599487582,-0.034280934,2.40186013,-1.30379314,-1.038740892,0.31889,1.535920535,-0.924322904,-1.049822124,-0.411885676,0.703048005,-0.212203611,-0.194556094,-0.155835432,0.579698488,-0.238257189,-1.408949052,-0.646836278,0.448524598,-1.267978134,1.698473905,1.535080678,2.327072807,1.732787647,-1.789162843,-1.605944023,0.79755224,1.798553007,0.386554083,1.740378452,-1.053830146,1.427316336,-1.392312433,1.783458444,-0.469203949,-1.348998576,-1.209990877,-0.009343515,-1.478848343,-0.553385238,-1.680397001,-0.831030888,0.024399887,-0.726910811,-0.575364145,1.682223582,-0.237369259,-2.07544952,-0.17007683,-0.033660201,-0.298271274,-0.170788321,-0.057311367,0.129008681,0.943477792,0.230238324,-0.439746042,-0.686171567,0.201225087,-0.787018396,-0.95010608,-1.135380013,-1.063921049,1.188757639,-1.23065907,-0.632240246,-0.093651556,-0.724225136,-0.425412746,-1.755620423,0.738455098,-0.859910398,-0.94803943,-0.665532014,-0.660486398,0.389674422,1.110376156,0.386214329,0.964852298,-0.209487225,-0.894773888,-0.361113351,-1.209990877,0.655029858,0.090206268,-1.782601531,1.04865144,-0.548527491,-0.574475651,-0.037286585,-1.63475572,0.184901559,-0.874189556,-1.022206957,-1.188427593,-1.64092858,0.051738195,0.002995509,-1.993630885,0.736541863,-2.07784282,0.780562643,-0.699165253,-1.581336482,-0.836555764,-1.278696351,-2.121931593,-1.238909374,-1.555423324,-0.813734144,-0.551647618,-0.554081132,-0.950882177,-1.026105598,-1.680933914,-0.121489898,0.318962692,-1.922779732,-0.247820539,0.236494036,0.220901039,-1.399176987,0.010346292,-1.835084594,-1.757937921,-0.381699755,1.048020503,-0.252829862,-0.480943249,0.033918218,-0.676880208,1.031118293,0.089200645,-0.264486515,-1.253163049,-0.803631914,-1.458005209,-1.564942673,-1.422128814,-0.623434568,-0.861329174,-1.16315081,-0.569161201,-0.235595759,-0.884307686,-0.603672174,-0.869168625,-0.673148494,-1.272965676,-1.220779923,-0.248461359,0.97798772,-0.319103942,0.593326845,1.005326725,-0.125223145,0.420616412,-0.364419139,-0.556695057,-0.01349059,-0.6680644,0.536317917,-0.779140894,-1.575519694,-0.879235824,-0.527463265,-0.065178726,0.011434378,-0.379358861,-0.850268936,-1.068277089,-0.10280822,-0.355532739,-0.73334437,-0.40137349,-1.702650294,-1.695540611,-0.960765222,0.664027282,-0.714370817,-1.778448455,0.547832349,-1.611941043,-1.929643177,-0.813057477,0.550257853,0.008265744,-1.714243027,-0.171144256,0.097035963,-0.502857454,0.294533547,-0.687363936,-0.968900682,0.120623442,-1.580850456,-1.811554097,-0.768517488,-1.481044698,-0.6314878,-0.105582763,0.670799317,0.506094449,0.260362262,0.626045377,-1.77254525,0.443916294,-0.466649261,-1.897119985,1.428970635,0.288856383,-1.138185064,-0.889405403,-0.360109406,-1.409767717,-1.095118399,-0.441921645,2.34025653,-0.222019184,-0.89452924,-1.559220196,-0.271546291,-0.633746837,-1.113827454,-0.908570609,-1.07557959,0.239174368,-0.832639159,-0.296386513,-1.957577954,-0.035627178,-1.165714092,-0.342067863,1.109288429,-0.280110807,0.005286004,-0.772839949,-1.872102222,0.149970527,-1.399987688,0.189214413,-0.678455632,-0.58554917,-0.699567748,-1.166998202,-2.161085531,-1.343618087,-1.576486812,-1.253863574,-1.789761467,-0.973919845,-1.121471583,0.384990255,-0.181641788,0.207176758,-1.645583359,-0.092005646,0.867142504,0.206851555,0.364434759,-0.709683149,0.673250549,-0.944690206,0.153922082,-0.352398387,-1.577454867,-0.726290399,-1.387895642,-1.236840408,-0.056993722,0.767883527,-0.342631164,-1.123314901,0.197620594,-0.741077714,-0.309655053,-1.139121832,-0.784604791,0.408792898,-0.234963128,-0.604038005,-1.745257636,0.724597397,1.176622162,0.715935542,0.695195082,0.217929984,-1.145703896,-0.025420377,0.73457699,-1.204973305,-0.8703618,-0.583396317,0.373492729,-0.331146444,-0.381260419,-1.231001477,-0.364563117,-0.569337895,-0.444413858,-1.021373508,0.23594131,0.339111608,0.204164585,1.070075631,-1.576970722,-2.029509173,-1.357901287,0.837290814,-1.734434403,-1.04072081,-1.122392817,-0.781541331,-0.543348815,0.782164877,-1.175385347,-0.539739634,-0.14989309,-1.224856015,-0.871556401,0.937660758,-0.924574951,-0.363124268,-0.531198414,0.851816209,-0.399433336,-0.059431584,-0.822117562,-0.784385661,0.44372382,-2.093134869,-0.924070919,-0.343758719,2.149748549,0.1167158,-0.520202786,-0.548700576,-0.085448962,-1.381505844,-0.03407398,-1.621510494,0.448141382,-0.013591954,-1.243060193,-0.95581149,-0.726290399,-0.773489933,0.185150884,0.832343746,-1.820158944,-0.83171983,0.411910956,-0.869884359,-1.518683549,0.270179797,0.306822716,0.11234606,-0.613966383,-0.379943571,0.390622161,-0.908322562,-1.446044366,-1.340556469,0.034208171,-0.701784374,-0.234330897,-0.094860281,-0.525262672,1.033006532,-0.445662298,-1.551169004,0.63073972,-1.209320411,-0.443946095,-0.203953857,-0.47868117,-0.004409708,0.424352284,-0.855901432,-1.501480771,-0.893795654,1.040841923,-0.2390189,1.208333284,-0.04144719,-0.714983875,-2.160217852,0.21446601,-0.549913012,-0.980829253,0.355293991,-2.114447151,0.106789494,1.523248016,-0.804749357,-0.979496808,-1.65652952,-0.263444848,-0.374693449,-1.507332689,-1.036482917,-1.690105816,-0.813734144,-1.612944052,0.756872871,-0.556171726,-0.200404064,-0.017451394,-0.022041131,-0.514666323,-1.752154215,-1.183516796,0.238071572,-0.956071602,-0.99912901,-0.229161624,-1.008954417,-1.414282398,0.297805656,-0.709886505,-1.157407335,-0.682602967,-1.912572089,-0.144910172,-1.215370849,0.190124369,-0.758432647,0.294533547,-2.212744389,-1.0336676,-0.018367657,0.315759195,-0.6003857,1.869430135,-0.395712817,-1.480605041,-0.740448454,0.069339478,-0.407066389,-0.056887862,-1.26940061,-0.476585241,-1.391105918,-0.463624022,-0.534264855,0.485200076,-1.267267655,-1.736703263,0.149453953,-1.128247094,-0.813734144,0.234755867,-0.381699755,-0.001100605,-1.022206957,-0.13857265,0.338684074,-0.09123848,-0.922057327,0.171934464,0.098668172,1.511053011,-0.778705069,-1.30600553,0.024204689,0.478777526,-1.114741671,-0.381260419,-0.850737101,-0.455864066,-0.291154762,0.304686671,-0.940839605,-0.318003832,1.758599022,0.034980969,-0.087302328,-1.474907019,1.166457836,0.50422388,-0.353252237,-1.30379314,-1.275468806,-1.010052112,-0.537683078,-1.833832246,-1.894456867,-1.335601247,-1.144132804,-1.448595387,-1.419230861,-0.999672341,-0.285284948,0.021859334,-0.579104465,-1.446044366,-1.446044366,-0.546452801,-0.521044324,-0.91904452,-0.435563556,-0.565986035,-0.982964865,0.939968195,0.224023164,0.175632569,-0.126470664,-1.014179233,-0.691149178,-0.258382203,-0.401971219,-0.594207233,-2.257611727,1.54973037,0.607589292,-0.519530064,-0.381846243,-0.845599304,-0.456811035,-0.459340681,-0.929882685,0.595865058,-0.44036716,-0.206163531,0.426835134,-1.210661792,0.829904614,-0.284221401,0.265129668,-0.34658318,-0.040613683,0.741461041,-0.852377406,-2.126952524,-0.198816859,0.074179398,-1.465337568,-1.92004749,-1.918003196,0.347977228,-0.859674131,-0.839792761,-1.011425927,0.193426337,-0.152102778,-1.767847649,0.403596697,1.468726519,-0.347856795,-0.760783829,-0.348140041,-1.093923299,1.164212746,0.555148682,0.279297016,-0.295983097,1.007483355,0.99273312,0.472251102,-0.386103755,-1.045545568,1.320822071,-0.268925744,-1.915963073,0.394741145,-1.877317358,-0.049610501,-0.138113302,-0.811930717,-0.353252237,-0.153151179,-0.065392219,0.56485916,-0.529838563,-0.700574696,0.585617648,0.694895651,-0.152918106,-2.167180456,-1.121471583,-0.912298711,-0.892086043,-1.442653095,-1.490766383,-0.598018835,-0.560190953,-2.530741186,-1.193032864,-1.779040697,-1.479287228,-1.116267224,-0.563874845,-2.652142569,-1.270825111,-1.586698425,0.892776425,-1.622523152,-0.962858368,-0.602575482,-1.237874356,-0.518018094,-0.670212209,-0.775442423,-0.086538761,-0.04103035,-0.376731889,-2.058071516,-1.258781041,-1.566378423,-0.236608802,-0.679244275,-0.237242476,-0.758219177,-1.09302791,-1.425035189,-1.533403226,-1.38230234,-1.35751256,-1.449447176,-1.918003196,-1.649218782,0.193591149,-1.755620423,-0.534094251,-0.462670582,-0.168537002,-0.685972977,-1.160274949,-2.124438908,-1.487662856,-0.44488184,-0.543004522,0.542440563,-0.106917282,-0.879476759,-0.731056754,0.28103503,-1.948413279,-1.038458366,-1.272251645,-0.843272639,-0.834250022,-2.101278236,0.063444173,-0.602210186,-1.300483705,-2.275943162,-1.118100965,-0.037701867,-0.728981634,0.438383955,0.28570512,-0.283424482,-1.568295969,-0.269973139,-2.096384262,-0.670212209,0.024399887,-0.595476153,-0.511659305,-0.742337425,-1.951224244,-2.070680036,-0.28103753,-1.372786011,-1.206308864,0.639535411,0.752641752,-1.734434403,-2.14814874,-1.912572089,-0.717234976,-1.37081479,-1.971843531,-1.164111271,0.140109708,-1.801203928,-1.202973304,-1.947711771,0.103188158,-1.476219069,-0.159347493,-1.912572089,-1.522343206,-0.615075645,0.101111501,-2.163693094,-0.248846049,-1.255968099,0.086544601,-1.298283484,-1.16860566,-1.186132886,-1.112305616,-0.534264855,-1.294992203,-1.296453657,-1.221458119,-1.082935809,-0.268010173,-1.582795981,-0.747181069,-1.885191414,-1.430455257,0.439737702,0.217366899,0.567243764,-1.920729851,-1.813391769,-1.229290612,-1.837594006,0.316269529,-0.833329211,-0.726910811,-0.506833602,-0.242963679,-1.947010754,-1.299382989,-1.556371191,-0.593301846,-2.45457145,0.013311014,-0.963382339,-0.057841,-0.753746803,0.858322579,-1.008954417,-0.842575694,0.625403528,-0.17304472,-0.192614346,-1.404458332,-1.184170177,-1.312300681,-0.539911205,-1.084709383,-1.09481949,0.69409673,-1.169571378,-0.704005924,-0.799174585,-1.500135178,-0.884065585,-1.731040734,0.022348404,-0.44519395,-0.815766894,-0.144910172,-1.138809478,-0.854725376,-0.88116493,-1.189084192,-0.490043085,0.685618914,-0.646263595,-0.803408575,-1.587187303,0.229761604,-0.534264855,1.622413366,-2.396895772,-1.104127469,-1.047824122,-0.273647683,-0.356246464,-1.510950966,-0.142831649,-0.784604791,0.221382001,-0.236482116,-1.161232651,-0.267487365,-0.641314032,-1.270468796,0.105080476,-1.49923912,-1.827593922,-0.454602833,-2.08828049,-2.113618993,0.408394148,-0.540941248,-1.5847453,-1.741256487,-0.756299996,-1.343234872,-0.500050551,-2.107018309,-0.607152987,-0.020917248,-1.74239804,-0.132160904,0.083421608,0.249201086,-1.016387348,0.321648622,-0.976837232,-1.769019982,-0.42098492,0.152978565,0.243338259,0.88339557,-1.215370849,0.266662705,0.261902619,0.532508835,-1.169893491,-0.271152771,-0.175306222,0.405465108,-0.965218405,-0.398688124,-0.215795614,-1.528318861,-1.829461336,-1.009503114,-1.750425606,-1.219086442,-0.806315879,-1.303056763,-2.028748427,-0.066246646,-0.133645685,-0.231301739,0.144273489,-0.770244231,-1.389499492,-1.02945943,-1.960414835,-2.187472286,-0.826678573,1.244154594,-1.05641524,-1.135691297,-0.770892529,0.022543964,-0.442388462,0.069246173,-1.156771203,-0.154200681,0.373423894,-0.59511344,-2.082646673,-0.867262501,-0.09036244,-0.997500787,-0.532389802,-0.283955691,-1.493879572,-1.393520406,-0.599839003,-1.008406021,-1.288441961,0.060059756,-0.259807536,-1.523719037,-0.434327653,-0.943918899,-0.301240237,-1.065080805,-1.022762976,-0.31320503,-1.275468806,-1.67932404,0.158626363,-0.471925475,-1.586698425,-0.827135821,-0.770892529,-1.356347285,-0.04940035,1.423325178,-1.505077897,-0.164756726,-1.267622831,-1.224175512,-0.431706419,-0.134446097,-1.339029169,0.383560273,-1.189412653,-1.044124103,-1.184170177,-0.115635344,-0.609541597,-1.065370955,-0.356103679,-1.083822203,-1.592580795,-0.75098818,-0.520202786,-0.190192451,-0.976306164,-1.279414999,1.035352949,-1.134135845,-1.356735559,-0.758219177,-1.56589961,-0.634878272,-0.637523277,-0.797841252,-1.443499835,0.12751332,-0.856843273,-1.458005209,-0.407216641,-0.056676177,0.974936927,0.155720875,-1.307113563,-1.459725639,0.158882325,0.040853994,-0.483534764,-1.150432037,-0.382139283,0.119115481,-0.928616382,-0.569691377,-1.196004635,-1.080281332,0.145744014,-0.594388409,-0.908074577,-1.525096764,-0.362549307,-0.409021424,-0.781541331,-0.093981063,0.623100182,-0.789658081,-0.880199912,0.528920912,0.348894757,-1.640412717,-0.302322049,-0.453343188,-0.771108722,-1.568775931,-0.561768103,-0.76593295,-1.082640519,-0.513662979,-0.68299885,-0.153151179,-0.303405033,-1.713133149,-0.598200703,-0.690949597,-0.344464087,-0.702187925,-1.142250746,-1.21976349,-0.487760351,-0.75395932,-0.765717873,-0.610461814,0.369561554,-0.983766897,-0.790760009,-1.261601917,-0.470163642,-0.123185101,-1.131342113,1.095373717,0.67874395,-0.355104749,0.068592791,-1.454573202,0.017741681,0.300400845,-0.496594042,-0.921805913,-0.297597737,-2.287696481,0.157089215,-1.290257173,-0.127492521,0.984098902,-0.00471108,-1.336742582,-0.238637972,-2.320749064,-0.969691509,-2.143873402,-0.794958447,-2.139616265,-2.004705196,-0.999944117,-0.947781399,-0.247692424,-0.189950584,-0.324207754,0.090936995,-0.663782572,-1.553057579,-1.429201862,-0.463147188,2.5482335,0.189297171,-0.762068626,0.636047589,-0.599110539,-1.282294771,-1.461880348,0.621436333,0.322445752,-0.795844579,-0.05108279,-0.247180129,0.297879897,-0.540254434,-1.188099455,0.120977927,0.105350516,-1.13103218,0.41177847,-0.755661086,0.283372801,-0.369615455,-0.415666971,1.443879073,0.380352407,0.500835892,1.001550576,0.4158114,-0.66650525,0.617075744,1.288709095,-0.507830115,0.09376353,0.155806451,-0.066674133,-1.138497222,-1.664950622,-1.963259787,0.180903886,-1.060738636,-0.783947545,-1.537582475,-1.525556428,-1.715354138,-0.029325829,-0.323516525,-0.921052049,-1.388697246,-1.787369121,-0.677273831,-1.018877321,-0.072355662,-0.404515559,-1.115351613,-1.049536451,2.212758849,2.064797337,1.904418287,-0.708463885,0.450310996,-0.604587004,0.109750864,-1.430037284,-0.426637673,-0.756299996,-0.465374361,-1.418404415,-1.290257173,-0.13250335,-0.574830954,-0.261624538,0.523425906,-0.33128571,0.492193112,-0.374838915,-1.601469743,-1.7837913,-0.710496819,-0.756299996,0.745075273,-0.080234393,-0.270235159,-0.668259465,0.661037127,-0.635633274,0.390554495,0.53098113,-0.951658876,-1.815232825,-0.338273859,0.159905518,-0.171500318,-0.679638831,-1.434224895,-0.334075112,0.264285495,0.557613785,0.808259988,1.596433723,0.380762495,-1.526936691,0.44794972,-1.843895224,0.325194597,0.100026314,-0.265138108,-0.518018094,-0.764213629,0.4650539,0.896740873,-1.246184653,-0.114289146,-1.222476276,1.333420872,-1.671313316,0.926280666,-0.508495008,0.45527063,-1.096913732,-0.208501275,-1.583282955,-2.076246651,-0.23597553,-1.894456867,-1.795165262,-0.882614206,-1.704298193,-0.783947545,1.430741776,-1.643511893,-0.496594042,-0.02388294,-1.01694014,0.052212871,0.280808504,-0.506999619,1.82222401,-0.08762975,-1.028060633,-0.553385238,-0.585369588,-1.055265484,-0.077529203,-0.497415937,-0.832869124,-1.666008264,-1.193692495,-0.872034641,-1.10835964,1.039428295,-0.243984217,-0.570221834,-1.21874809,-0.682800889,0.2569651,-0.558791128,-1.026384655,-1.396748819,-0.871078389,-0.746337009,-2.371935171,-0.514833645,-0.293566016,0.230635417,-1.071483621,-0.289550484,0.759168976,-1.577454867,-1.122085645,0.336972112,-0.86654864,-0.854255341,-1.257022025,0.450693381,-2.093946228,-0.650662569,-0.87562875,-1.179605448,-2.004705196,-1.112305616,-1.458865054,-1.265848208,-0.940839605,0.053540767,-1.500583508,-0.687761708,-0.95010608,-0.793188535,-1.018046641,-1.526016304,-0.487271871,1.221095373,0.626473047,-0.944433038,0.276494727,-1.039871794,-0.576609364,0.278237614,0.853734245,-0.468404908,0.400653551,0.122925347,0.141325936,0.459763882,-0.29021862,-1.569256123,-1.989966535,-1.004302609,-1.840739651,-0.1420245,-1.7333019,0.451011923,0.627754962,-0.115410852,-0.6361999,0.20611946,-1.612944052,-0.861329174,-1.863685209,-1.826350914,-1.910543005,-0.364419139,-1.823250136,-1.53991185,-0.603489309,-1.506430162,-1.36963392,-0.750140902,-1.419644341,-1.435904862,-0.149312403,-0.041551427,-0.708260818,-0.118333187,-0.122619714,0.643431588,-1.088265997,-1.240636789,-0.789437841,-1.46015621,-1.613445934,-1.388697246,0.169489578,-1.286630038,-2.006934851,-0.858965665,-1.286268047,-1.338266392,1.109651136,-0.396901877,1.324844399,-1.636809109,0.932439634,0.663512375,1.418761551,1.60811704,0.686122566,2.27027882,-1.869504818,-1.902467591,-1.488548595,-1.95970486,-0.569691377,-1.211669011,2.540640902,-1.522801606,0.723191302,-0.500545314,-0.515000995,1.482240702,-0.806315879,-0.917041013,-0.177095238,-0.719901918,-0.893062606,-2.14814874,-0.553037473,-0.485482816,0.84479473,-0.469203949,-0.533582611,-0.623994322,-1.839480205,-1.035074268,-1.095716486,-0.744651023,-1.095118399,-1.005395207,-0.205303633,-0.211585602,-0.485970423,-1.905152157,-0.069457265,-0.82052611,0.135841223,0.624279301,0.131115978,1.017076801,-0.618967782,-2.164563795,-0.913544506,-1.021651248,0.072599692,-0.413396478,-1.276185138,-0.832869124,-1.126703169,-1.350541191,-0.8703618,2.155731061,-0.532900831,-0.403916308,-0.687761708,-1.963259787,0.551986761,-1.04072081,-1.047253996,-0.14722472,-0.641314032,0.010346292,1.073670478,-1.39513331,-0.77479117,-0.177692288,-1.005121946,-1.578423859,0.075849312,0.477041307,0.505913579,-0.743809095,-0.453185844,-0.082186671,-0.220646671,-0.837248525,-1.20330636,0.019116117,-1.868208641,-0.584472164,0.820924551,-1.091835304,0.164496972,-0.762282919,0.029073247,-0.096951526,-0.802738857,-0.004811557,1.019099996,-0.359966068,0.156234222,-0.653926467,-0.002803927,-1.203639527,-0.403018104,0.155464103,0.998313017,0.671974615,-0.070959089,0.477599706,-1.536652243,1.044824658,-0.64226397,-1.199980783,0.131992709,-0.364995176,-0.535972506,-1.787966671,0.369285101,-1.249318906,0.999785934,0.992918384,-1.255968099,-0.930896884,0.018919885,1.066605493,0.357534574,-0.142600969,-0.963120319,0.025765208,-0.107919342,-0.525093596,2.600917746,-0.744651023,0.120357497,0.321068491,-0.277995803,-1.457575563,-0.904609227,0.119026706,-0.803185286,-0.30734071,-0.288882793,-0.507996297,-1.590125601,-1.25772526,-1.775492497,-0.215423428,0.822067961,0.272923701,0.035463664,-1.344768614,-0.015418253,-0.98564081,-1.738977284,-0.701986129,0.30069701,-0.245005798,-2.168928708,-1.304161532,-1.143505058,-2.205458382,0.74279412,-1.67504367,-0.313341819,-0.255150347,-2.096384262,-0.740658163,-1.550226053,-1.32915817,-0.788997506,-1.811554097,0.765188733,-0.289951312,0.174457382,1.299837376,0.135491969,0.592387177,-2.001000115,-0.320894207,0.422780986,0.121243707,-0.13375999,-0.555997342,-0.330311255,-1.046684196,-0.048875168,-0.526447005,-0.000300045,1.496828968,-1.684700397,0.267734435,-0.255795884,-0.382579004,0.773528293,-1.20764621,-1.01721665,0.139414056,-0.100151882,-0.979763155,0.674728595,0.151346752,-0.141909246,-0.891110433,-0.456495279,-1.552585101,-1.123314901,-0.722370039,0.538421335,-1.176681944,0.319471395,-1.1141321,-0.426025022,-0.368313842,-0.87562875,0.851944192,-1.901797574,-0.856136809,-1.397153104,-1.098112414,0.638532587,-0.649513144,-0.980829253,-1.270468796,-1.238219243,-1.298283484,-0.640175296,-2.219163485,-1.378326191,-1.803629642,-1.178629997,-1.838222344,-0.3213078,-2.307597635,-0.980829253,-0.940583424,-0.775442423,-1.283737773,-2.115275995,-0.527463265,-0.584292776,-0.69174816,-0.216416231,-0.870123051,-0.389640973,-1.458435039,-1.165393322,-1.14538948,-1.436325295,-1.195343478,-1.237184939,-1.426283369,-1.095417398,-0.886246611,-2.196424897,1.334158607,-0.071603419,-0.227402608,-2.312635429,-1.869504818,-0.689553645,-1.481044698,-1.467504417,-0.525093596,0.162288903,-1.118406916,-1.459295254,-0.884307686,-2.085862109,-0.937259038,-1.988504547,-1.527857925,-0.46968368,-0.922560345,-1.565421027,-0.832409248,-1.427533109,0.508081863,-1.004029646,-1.395940738,-1.127629238,-2.177716111,-1.055265484,-1.297917251,-1.333322476,-2.271086426,-0.515168373,-1.584257614,0.065225785,-0.447694342,0.052971885,-1.144446825,-1.227924025,-0.40167231,-0.458549479,-0.747392195,-0.520539316,-1.592580795,-1.327648166,-1.575519694,-0.12806067,-0.26487742,-1.070024832,-1.863040671,-1.65652952,-2.175952442,-1.470110847,-0.690351093,-0.701582659,-1.07939807,-1.16443163,-1.485451933,1.075173057,-2.346536981,-2.145581344,-1.981226494,-1.027501661,-1.224175512,-0.758859724,-1.082345316,-1.115656723,-1.433385969,-0.981629573,-0.732095931,-1.085301275,-1.822012512,-1.488991759,-1.041853955,-1.304898723,-2.317698731,-1.604450371,-2.192834229,-1.485010334,-1.104127469,1.599912691,-0.156069186,-2.019664338,-0.672952473,-0.919796871,-1.569256123,-1.911218909,-0.865360003,-1.570217199,-1.367668897,-1.130102956,-1.57358826,-0.309382499,-1.531088946,-0.225270812,-2.279845606,-2.151582219,-1.854060495,0.884923896,-1.926892143,-0.75438449,-1.470545914,-1.405273328,-1.54928399,-0.850034936,-0.456653145,-1.998783639,-1.297917251,-1.199648833,-2.286711744,-1.54271428,-0.665921194,-1.780226233,-2.187472286,-1.784982485,-1.637323116,0.607480354,-1.240636789,-1.777265023,-0.819390907,-1.008406021,-0.884792065,-1.993630885,-1.659679129,-1.709258248,-2.298593072,-1.899121988,-2.48530673,0.871335206,-1.354020801,-1.134757735,-0.673344553,-1.247924692,-1.183190265,-0.091348039,-2.041760475,-1.449873343,-0.793630719,0.169067441,-1.270825111,-1.569256123,-1.239945465,-0.696352312,0.396962396,-1.813391769,-1.298283484,-0.063898726,-0.036767724,-1.364924335,-0.932674211,-2.492535677,-1.401204974,-0.155601732,-1.623029866,-0.858257701,-0.055301316,-1.720369473,-0.738772359,-1.735001135,-0.661067287,-0.722370039,-0.767439785,-1.936554054,-1.491210531,-1.850872734,-0.697958738,-1.128865332,-0.6806259,-1.387495082,-0.897223669,-1.375552265,-2.724179583,-0.35939292,-1.637837387,-1.557319958,-1.288079314,-0.968110481,-0.98564081,-1.077927697,0.578633794,-1.727658544,0.811374562,-1.53433044,-1.725971729,-0.825536369,-1.210661792,-0.168063685,-0.90017135,-1.049822124,-1.136937403,-1.591106956,-0.980296062,-1.300483705,-1.651823629,-0.289817685,-1.008954417,-0.243473818,-0.841415197,-1.316022308,-1.211669011,-1.361406646,0.220901039,-0.486783629,-1.88321708,-0.709886505,-1.842000686,-0.377460912,-1.527397202,-2.213658884,0.66088222,-0.839792761,-0.098826354,-0.252958636,-1.099913134,-1.226559303,0.240039999,-1.229974607,-1.478848343,-0.685972977,-1.6533898,0.684358675,0.582885786,-1.247924692,-1.11108981,-1.193032864,-0.21035073,-2.230264431,-1.152013065,-2.896792326,-1.546932707,-0.232436598,-1.368454443,-1.425451076,-1.449447176,-0.723194102,-1.731040734,-0.022756987,-0.015519812,-1.596028226,-1.605944023,-1.25281297,0.705767212,-0.863461118,-1.289530693,1.544088396,-1.193032864,-0.41581852,-1.720369473,-1.512765025,-1.317141502,-4.062845895,-0.948555692,-1.440117168,-0.031181117,-0.575008653,0.325339064,-1.929643177,-0.979496808,1.21405184,-1.911218909,-1.130722343,-0.605685905,-1.115046595,-2.133686557,-1.087672349,-1.056702886,-1.005668543,-0.925836145,0.278010453,-0.288082152,-1.251413879,0.227374588,-0.47096409,0.630100879,-0.396009949,-0.401224114,-1.163470861,-1.259485514,-1.824489294,-0.89086668,-0.168773744,-1.277619344,-2.609110253,-0.633746837,0.586841774,-1.194682757,-0.644928608,-0.481428647,-0.314847741,-0.785262469,"EWS"
"23",0.8382427,-1.833206659,-0.547143886,-0.680823431,-0.786579125,2.452727751,2.374961567,0.257197091,-0.503353609,-0.020508877,1.791759469,-0.407667532,1.670777573,1.436250512,0.308072762,-0.045101974,-0.041968485,0.451457712,-0.693147181,0.150658876,0.561157456,2.234520362,-0.075370307,1.728251528,1.316247363,1.83792715,0.971195497,-0.127947014,-0.161695739,-0.019896632,0.198932823,0.098668172,0.607589292,0.452984624,1.220652915,0.864239255,-1.16315081,-0.652005237,-1.587187303,-0.540426094,-0.954511945,0.745597306,-1.083822203,-0.550433078,-0.22614806,0.2169645,1.978861249,0.797912519,2.149527149,-1.707602161,0.158626363,-0.241816817,0.736829082,-0.756939314,0.550315531,0.498408854,1.837783908,-0.943661929,1.466767745,1.563058839,1.536544587,2.447040352,-0.367591456,1.004594607,-0.21418381,-0.550953415,-1.760842367,1.269226695,-0.385074418,-1.121164693,-1.609437912,-1.210661792,-1.510045169,-0.931912113,-0.529498889,-0.757365753,0.807591315,-0.502196297,-0.999944117,-0.581963652,-1.015282681,-1.235119533,0.66423317,0.910835881,-1.294627173,-0.675700267,-1.054978252,0.941646539,-1.092729626,-1.244100595,-0.843505062,0.420353721,-1.777856564,0.951619265,-1.568775931,-0.954771719,0.017938145,-0.897468978,1.300436864,-0.85143976,1.662049338,-1.064210862,-0.337012382,0.3472002,-0.326977455,-2.440698395,-1.354795694,-1.373970611,-1.602958946,-1.515947569,-1.136937403,-0.183802653,-1.177655496,0.110467453,-0.95217701,-0.710293339,-1.361406646,0.3819235,-1.048965349,0.090023503,-0.263574997,-0.375420987,-1.006762635,-0.090252989,-0.043951888,0.559901461,-1.062473242,-0.773706688,-1.95828642,-0.589327852,-1.79275997,-0.773489933,0.474244624,-0.823483682,0.261594738,0.181237636,-1.071483621,-0.369904933,-0.118783536,0.882361594,0.291549584,-0.166881372,-1.019154367,0.045737892,-0.814637078,1.156786853,-1.0744076,1.787182343,-0.17805069,-1.070608092,0.518079252,0.272238431,-0.724431471,-1.263722809,-0.777398733,-0.40167231,-0.919796871,-0.185606948,0.08782771,-0.884065585,0.242867744,0.113685764,-0.290887203,0.70911895,-0.305710275,-0.268402458,-1.357901287,-1.731040734,-1.271894821,-1.466203744,-1.381107834,-1.217395825,-1.083822203,-1.655481851,-1.113218441,0.715984414,-1.942117351,0.499865784,0.124250962,1.053789245,-0.147804195,-0.341504879,0.649769841,-1.728221448,0.468752847,-2.21183073,-1.804236991,-0.525770071,-0.75098818,-1.39513331,-1.131342113,-1.829461336,-0.676683455,-1.069441911,-0.997500787,-0.365427421,-2.058071516,-0.751200112,-0.163931692,1.033184483,-0.995333939,1.797062052,0.03449804,-0.172569265,0.771865935,0.891342087,-1.16443163,-0.602575482,-1.136002678,-1.349769586,0.001099395,0.152892746,-0.674129175,0.99513888,0.511445432,-1.077340153,-0.670798777,0.897352531,-1.135691297,-1.820776418,-0.581426931,0.658917989,-0.234078116,-0.951658876,-1.617974243,-1.293897512,-1.024154378,-1.759679576,-1.020263322,0.067378235,0.277631737,-1.440961762,-0.873949891,-1.354408172,-0.793409602,-0.49446027,-0.105027238,-1.732170678,-0.18452398,-1.051251717,0.285103751,-1.547402522,-0.719901918,-0.373094728,0.734385089,2.000804096,-0.117545564,-0.192614346,-0.18248157,0.028587457,-0.262014326,0.199342541,-1.278696351,1.298227882,-2.199126385,-0.083707749,0.587342122,-1.294627173,-1.130412601,-0.047615854,0.918129041,-0.276939976,-0.268140917,-0.742127363,-1.188099455,0.760852557,-0.800287056,-0.277203828,-0.940839605,0.227852447,-1.057854296,-1.275826908,0.042388766,-0.236482116,-0.824395467,0.030141157,-0.993171776,-1.026943002,-0.686767574,-0.973919845,-0.29289564,0.062786988,-0.932420114,-1.679860377,0.052212871,-0.055829885,0.953663585,-1.839480205,-0.561592741,-1.347073648,0.363114168,2.012874297,0.002596626,0.832822163,0.071483102,0.388047634,0.878381159,1.302015611,-0.675110818,-1.939331834,-0.966794864,-0.203708639,-0.87251311,-0.678849876,-1.336361992,-0.364275181,-1.505528449,-1.198322133,-1.440961762,-0.151171788,-2.011409131,-1.087079053,-0.639416858,-0.311974765,-0.378190466,0.468126869,0.42996258,0.283674051,0.24912314,-1.333701911,-0.719491156,-1.657578288,-1.943513024,-0.840024376,-1.238909374,-0.173282532,-1.049536451,-1.763755273,1.780614258,1.11356658,1.696349284,-0.775659602,-0.991283711,1.458591767,-0.567925216,0.389335726,0.112882157,-0.968373812,-1.153913604,0.450310996,0.322663041,0.363114168,-0.907578791,-0.149428513,-0.409623743,0.725662772,0.434441216,-0.075909594,-1.006762635,-1.315276874,-0.915790857,-0.596383512,0.017348638,-0.690151672,1.011528182,-0.653349711,-1.778448455,-0.521549587,-0.945462109,1.513499535,0.283674051,0.015774919,-1.193032864,-0.10280822,0.10490041,0.043346805,-1.132582808,0.420550746,0.613616842,-1.779633289,-0.9331826,-0.725670372,-0.213936071,-0.018978967,-0.008738066,-1.340938659,-1.091835304,-0.962072925,-1.152962883,0.548699276,-0.509160344,-1.289530693,-0.476907406,-1.293168383,-1.130412601,-0.909066887,-0.672952473,-0.599839003,-0.193948893,-0.513997315,-1.087079053,-1.526476392,-1.035074268,-1.446469084,-1.621004549,0.730683784,-0.128970381,-1.767847649,-1.10262031,-0.688159639,-0.565809932,1.476523472,0.023716527,-0.772406862,-0.496594042,0.900364581,-1.940027486,0.289230872,-1.219086442,-0.800732391,-0.625301634,-1.069733329,-1.88981341,-1.263369014,-0.980029573,-0.807212137,-0.27812786,0.114934538,-0.238384101,0.191116104,-0.553559166,-0.313615454,1.089235127,-0.28568407,0.516350334,-0.787677664,-0.275490032,-2.058071516,-0.877310432,2.393622521,-0.238511028,-0.394673547,-0.908570609,0.091302158,-0.606235809,-0.957373177,-2.515778313,1.337576694,-0.702389762,-1.937941979,-0.556520583,-0.32628431,-0.919295241,-0.791201121,-1.568775931,-0.087738914,-0.834480357,1.239069641,-0.502196297,-1.032262908,-0.02706292,-0.999672341,-0.95217701,0.108405874,-0.248717802,-0.778705069,-1.485451933,0.854415328,-1.056702886,0.472438163,0.519329364,0.712410447,-0.797175251,0.553770164,-0.348140041,-0.4405225,-0.693147181,0.591446626,1.958149231,-0.317179543,0.673454547,-0.4167283,-0.343617705,-1.355183366,1.007702413,-0.005314095,-0.811705517,-1.020540753,0.220580269,-0.732095931,0.260362262,-0.231805962,-0.72815279,-0.492494667,-0.828279855,-0.691348799,-0.428631386,-0.321859524,-0.141678778,-0.073754189,-0.611198598,-0.403916308,-0.959459227,-0.667284521,0.029170377,-0.880441079,-0.288749308,-1.174737679,-0.40917197,-0.719080563,-0.61452086,-0.643214812,-1.059583902,-0.164992575,-0.63714499,-0.918543267,0.541800898,-1.051537881,-0.546625528,0.723579388,-1.079103822,-0.505838082,-1.297551151,-0.696552974,-1.452006904,-2.049494465,-0.646836278,-1.080281332,-0.116758561,1.914625859,-0.505009238,-0.798507696,-0.680033541,0.435347483,-0.485645325,-0.739400565,-1.258781041,1.108859605,-0.657201054,0.851816209,-0.516843696,0.35676494,0.454255272,-0.782853094,-0.445818462,0.343873352,-1.926205566,0.67498321,1.161962604,2.078203275,0.905917111,-1.401611065,-1.333701911,0.681327604,0.88961816,0.374662199,0.980391657,-1.687940141,0.452285079,-1.64713978,1.937056788,-0.066353501,-1.080281332,-0.852377406,-0.254247296,-0.828279855,-0.825993094,-1.69936262,-0.495608658,-0.030459207,-0.405715139,-1.062183932,1.509241816,-0.638090975,-1.804236991,1.088191514,0.048218572,-0.782196997,-0.495608658,-0.076665085,-0.439590823,1.550091224,-0.584831037,0.254176994,-0.701784374,0.093125978,-0.909066887,-0.472727335,-1.020263322,-0.551647618,1.326093087,-0.968373812,-0.474011651,-1.013903561,-0.598200703,-1.56589961,-0.911551978,-0.156887756,-0.269318388,-1.104429174,-1.375156617,-0.768301854,0.735679711,0.538479701,-0.535972506,0.687430874,-0.300294611,-1.063341675,-0.736890104,-1.069150579,-0.074615793,-0.200526261,-1.240291067,0.416668779,-0.136048844,-0.439590823,-0.068814316,-0.881647788,-0.173401459,-1.090644119,-1.419644341,-0.988592644,-0.252314929,0.735583871,-0.038221213,-1.048394573,1.155433609,-1.567816238,0.524491815,-0.281302465,-0.977900214,-0.547835449,-0.605502671,-1.93171143,-0.430936774,-1.369240607,-0.9105572,-0.050661915,-0.255795884,0.076312683,-0.342208658,-1.18515105,-0.435254437,-0.565809932,-1.528318861,-1.682546384,-0.57234648,0.161778656,-1.471416615,-0.572701027,-1.154230712,-1.308222826,-1.34822816,0.306969861,-0.545417069,-0.391118514,-0.165228479,-1.434644622,0.270485048,-0.716825308,-0.363555705,-0.929375971,-1.271181554,0.038836024,-0.176259965,-0.725463782,-0.284885985,-0.437265421,-0.41794263,-0.093981063,-0.590229647,-1.267267655,-0.151171788,-1.515947569,-0.700373226,-0.520707624,-0.480296419,-0.207762449,0.542673067,-0.59402609,-0.309382499,-0.160168752,-1.080281332,0.551526011,-0.44519395,-0.84397007,-1.0820502,-0.88140633,-0.070744405,-0.70623242,-1.335981547,0.068779515,-0.682405084,-0.578390943,0.16779996,-0.233193887,-0.381699755,-1.253163049,0.228887026,-1.115656723,-1.099012369,-0.304624793,-1.511857584,-0.769164667,-1.548813291,-0.283291724,-0.771973961,-1.700457311,0.88760315,-1.041003976,-0.861565832,-0.095850326,-0.392746336,-0.358247608,-0.910805802,-0.09123848,-0.647982629,-1.751001477,0.559501496,-0.214803427,-0.617668719,-0.165818485,-0.4144554,-1.798784084,-0.996145957,-0.721752438,-0.222643676,0.273684563,0.742461017,-0.340520419,-0.392746336,0.443595483,-1.464472142,-0.079043207,-0.611198598,-1.619993426,1.49195983,-0.470003629,-1.070024832,-1.134135845,-0.169010543,-0.90090963,-0.770676383,-0.562645372,2.280901698,0.486491947,-0.398837122,-0.665532014,0.930785178,-0.283158984,-0.65027928,-0.457442847,-0.435563556,-0.263314716,-1.697176827,-0.624927942,-1.533866726,-0.792304752,-1.366491734,-0.593482857,0.856498264,-0.97127504,-1.946310229,-1.323131786,-1.661784393,0.545111102,-0.722575991,0.5982869,-0.016637641,-0.12828802,0.074179398,-0.658359355,-0.646645347,-1.069733329,-0.858021824,-1.757358043,-1.027781108,-1.91189527,-0.670603216,0.153235976,-1.764338874,-0.595838998,-1.691733155,0.848482872,0.074272244,-0.573233084,0.06428849,-0.721752438,0.721394443,-1.21976349,0.155121637,-0.447694342,-1.236151703,-0.188138442,-1.009228728,-0.429245637,0.571544359,0.826847309,-0.10491617,-0.324484379,0.376036297,-1.322005871,0.464048432,-1.117489344,-0.410678675,-0.588066704,-0.571283593,-0.529668712,-1.667067025,0.800565577,0.67813506,-0.6314878,0.442632432,0.143927169,-1.1248536,-0.276939976,0.841308532,0.056663847,0.398104754,-0.555648667,1.484146761,-0.322411553,-0.821890056,-0.413850165,-0.266051052,-0.874189556,-1.316395234,-0.928869514,-0.234710188,-0.740238788,-0.042177079,-0.13159042,-1.311929279,-1.928266714,-0.953992599,-1.826972225,-1.063052113,-0.983766897,-1.026105598,-1.019154367,0.340393111,-0.278788405,-1.664950622,-1.029739424,-0.115635344,-0.591132255,-0.464419251,1.009671779,0.112971479,-0.267095439,0.160416721,0.320560601,-0.484021421,-0.797841252,-0.995604539,-1.321255965,-1.264430773,-1.10835964,-1.504627548,-1.117795108,-0.623621118,0.025277807,-1.683622811,-0.159347493,0.155635292,-1.184497028,0.099483278,-1.454145028,-0.145719654,-0.828279855,-0.721958262,-0.686568865,-0.148732054,-0.274042187,0.1537506,1.211940974,-1.470110847,-0.567219624,0.928891014,-0.504512262,-1.312300681,0.606826474,-0.732719956,-0.099488899,-1.209990877,-0.878513368,-0.108253585,-0.616186139,-1.485451933,-1.713687934,-0.188259149,-1.231344001,0.099935829,0.098124398,-0.877310432,1.272649626,-1.068568167,-0.971803442,1.114551252,-0.676683455,-0.737099068,-0.360969868,-0.813508537,0.416207205,-0.601297527,-1.654435278,-1.528318861,-1.198653643,0.061283228,-1.212004976,0.923226623,0.182988001,-0.959198233,-1.657578288,-1.206977313,-1.240291067,-0.863935502,-0.286882392,-1.768433644,0.023032699,-0.08349031,-0.562469857,-1.016663706,-1.538047916,0.423632412,-0.52661631,-1.800598418,-1.297917251,-1.910543005,-1.095118399,-1.375948069,0.221942831,-0.065605757,-0.122054646,-0.03573081,-0.787238104,-0.628858691,-1.125469743,-0.934454703,0.473559799,-1.235119533,-0.443011224,-1.379914754,-0.762282919,-0.378628454,0.803256403,0.347977228,-1.410996974,-0.714166548,-1.734434403,0.286456322,-0.901402119,0.759262583,-0.769812265,0.074179398,-1.357901287,-0.981896489,0.482179205,-0.143985851,-0.525093596,1.492229712,-0.424036494,-0.833099141,-0.064645193,0.337471737,-0.670212209,-0.250001005,-0.329059777,0.145571123,-1.176033436,-0.93623837,-0.515335779,-1.108662625,-0.957894282,-2.31364604,-0.407517212,-0.361687486,-0.632052081,-0.895753081,-0.680428408,0.60497149,-0.364419139,-0.709683149,0.488395949,-1.151064149,-0.728567126,0.457804522,-0.162166051,0.883023462,0.285930539,-0.780449509,0.200407024,-0.08762975,-0.492331041,-0.764858028,0.194414804,-0.441766088,-0.261494643,0.596305829,-1.028060633,1.021083086,1.974455956,-0.848164903,-1.116878097,-1.983404353,0.315759195,-1.500135178,-0.815993011,-1.438851612,-1.696085719,-0.487271871,-1.108965701,-1.79275997,-1.584257614,-1.665479303,-1.145075163,-0.952436179,-1.161552088,-0.695951108,-0.682207241,-1.36179689,-0.572701027,-0.869884359,-1.461017907,0.356134798,-0.698561813,-0.156536858,-0.419614744,-0.059325466,0.226258694,0.305644773,-1.268689119,0.196635291,-1.058430499,-1.149484619,-1.208985346,-0.788337368,-1.687940141,-1.215033752,-1.714798428,-0.858965665,0.322663041,-0.95217701,-0.431552443,-0.701380985,-0.897714346,-0.378190466,-0.175187068,-0.659712404,-0.961811247,-0.492167442,-0.027576768,-0.995604539,0.607262441,-0.633558389,-0.650470906,-0.965218405,1.065021034,-0.155368087,0.034014879,-1.201974802,0.182571526,-0.096070469,-0.736263472,-1.418817553,-1.810942289,0.13775994,-1.247576442,-1.341320995,-0.586807145,0.009058844,-0.338694704,-1.213349966,-0.337432698,2.014743008,-0.21319322,-0.970482961,-0.468884256,-0.421746941,1.274216893,0.739839909,1.047283906,-0.228281729,0.74036468,0.959426847,0.197620594,-0.879958803,-0.58590843,-0.388165611,-0.942378067,-0.948813924,0.416998344,-0.936748574,0.71481082,-0.290619716,-0.730849048,0.311520662,-0.127833372,-0.084360349,0.087461276,-0.348990261,-0.591674212,0.884841344,-0.760997847,-0.204321797,-2.009915479,-0.530858278,-1.031982206,-0.441299561,-1.861752841,-1.709258248,0.068125829,-1.444771291,-1.683084453,-1.293897512,-1.49209942,-1.717023123,-0.749929195,0.919724829,-1.30379314,-1.572623939,-1.36335939,0.547774528,-1.426283369,-1.195674002,0.494879152,-1.731040734,-0.677273831,-0.623434568,-0.525600909,0.689691216,0.175548673,-0.212450922,-0.162166051,-0.224144052,-0.968110481,-0.526108481,-0.391414285,0.138630868,-2.072267338,-1.178955041,-0.380821277,-0.648938926,-0.386839644,-0.167708844,-1.065661189,-1.538047916,-1.352472813,-0.912547746,-1.625059293,-0.229161624,-1.014730805,-0.057523186,-0.674325426,-0.636388847,-1.496555755,-1.56398665,-0.585190039,-0.487597498,0.685870772,0.404130885,-0.38389933,-0.482886255,0.414160526,-0.986713196,-1.399987688,-1.550226053,-1.005395207,-0.922308804,-1.164752091,-0.626049437,-0.508827621,-1.214359897,-0.949847515,-1.013627965,-0.780231287,0.07862632,-0.236102152,-0.188017749,-0.996687669,-1.418404415,-0.646645347,-1.904480339,-0.376586149,0.197948813,-0.701986129,0.113507241,-0.478842578,-0.656044093,-1.347073648,-1.154230712,-1.275826908,-1.795165262,0.270790205,0.270332434,0.043059489,-1.201974802,-1.567336736,0.103458708,-1.045545568,-1.686318957,-0.75098818,-0.172331623,-1.704848097,-1.090644119,-1.075286463,0.897719346,-0.702793558,0.192931736,-1.598497972,-1.173120341,-1.31378767,-0.542316291,-1.684700397,-0.935728426,-1.428367138,-0.525262672,-1.028899676,-1.037046933,-1.061894706,-1.067986095,-1.062762636,-0.716415807,-2.102096232,-1.381505844,-0.561943495,-0.405865188,-0.728774358,0.145571123,-0.94032731,-0.405115169,-1.388296364,1.23045893,0.359072069,-1.273680217,-1.657578288,-0.053400777,-0.841415197,-0.087411457,-0.790319092,-0.75098818,-0.596928323,0.02264173,-1.327271021,0.709610907,-0.080667903,-0.744440475,-0.828508818,-2.106196279,-1.294627173,-0.775442423,-1.086189769,1.128947488,-0.678652734,-0.107585211,0.3276477,-0.750776293,0.089017696,-1.718137329,-1.326517157,-0.84304027,0.034594645,-1.168927463,-1.221458119,-0.254763226,-0.921554562,-0.922057327,0.046597285,-0.656429598,0.369077711,-1.128556165,0.012718772,-0.861329174,-1.069733329,-1.052969931,-0.91904452,-1.687399454,-0.338273859,-0.49265832,0.398171911,0.169573984,-0.882855956,-0.543693227,-1.216720377,-0.58411342,-1.16443163,0.644901868,-1.148853505,-0.63111179,0.235625329,1.031153953,-0.723606388,-1.275110832,-0.950623411,-1.079103822,-0.153617489,-1.287354413,-1.10021357,-0.914791856,-1.584257614,-1.21402314,0.037295785,-0.209733864,-0.977102871,-0.198207066,-0.737935363,-1.004575647,-0.752684893,-0.729396313,-0.361687486,-1.316395234,-1.205640861,-1.968258013,-1.013077001,-1.849600469,-0.076017486,-0.417031744,-1.303056763,0.01498713,-0.39988073,0.079919623,-0.425871918,0.536610323,-1.206308864,-1.800598418,-0.534264855,-0.304218041,-0.014910613,1.286114845,-0.594388409,0.136190354,-1.339029169,0.714419316,-1.879280067,-1.601965898,-0.496265472,1.401773932,-1.648178741,-0.790980541,-0.858965665,-1.56589961,-1.366883968,-0.431706419,-0.619896719,-1.105032856,-1.139434283,-0.717030121,-1.848329821,-0.090581378,0.482611317,0.217769135,-0.277071893,-1.308222826,-1.422958345,-0.495444522,-1.588655373,-2.078641862,-0.242198958,0.82837713,-1.095417398,-1.174414002,-0.656429598,-0.002803927,0.459132249,0.746498356,-0.338133616,-0.086975014,1.517695361,0.814745152,-1.40283033,-0.891842051,-0.773056564,-1.455858825,-1.289530693,0.014888612,-0.729396313,-0.930643238,-1.019708691,-0.956592029,-0.938791997,-0.03386707,-0.232941394,-0.853785527,-0.917791858,-0.674325426,-0.314573768,0.561499726,-0.537340729,-0.052557251,-0.410829471,-0.540254434,0.491153388,-0.892818376,-2.11943055,-1.466203744,-1.38230234,-1.323131786,-1.185478222,1.534972953,-0.788337368,-0.742967876,-1.205307027,-0.801177925,-0.869884359,-0.368458382,-0.630923837,0.057419491,-0.316081547,-0.554429261,-1.03732906,-0.224895084,0.280128617,-0.35140315,0.009752291,-0.491676805,-0.872034641,-0.80609194,-0.534606152,-1.12639467,-0.436027414,-1.814005078,1.359924718,-1.103825856,-0.464896692,-1.342468882,-0.966794864,-1.056127677,-0.294371061,0.267581401,-0.766578459,0.29617094,-0.815766894,-0.458391314,-1.548813291,-1.03423003,0.347977228,-0.314984755,-1.640412717,-1.47359669,0.323459364,-0.220521991,-0.337572842,-0.168418652,0.724694296,0.283523437,-1.014179233,0.167292518,-1.435064525,0.249279025,0.514259721,-0.19007151,-0.463942038,-1.246880305,0.139848895,-0.717439873,-2.07544952,-0.259159406,0.215030731,-0.970219074,-1.722046857,0.339752565,-0.258900271,-0.966006324,-1.003483944,-0.135018212,-0.969164221,-0.633369977,-0.062194604,-0.858965665,-0.356960699,0.734529018,-1.030019497,-0.134560493,-0.720518377,-0.616000971,-0.540941248,-0.579104465,0.397903256,-0.359106469,-0.378336441,-0.670994376,-0.627734042,0.19499096,-0.024292693,-0.689752947,-0.438815088,-0.961288098,-0.094860281,-0.758219177,-0.162636583,-0.926088574,-0.956852344,0.49950175,0.673403552,0.076590602,-0.834019739,-1.186132886,-0.414606766,1.092325904,-0.849800991,-0.608989873,-1.414282398,-1.56398665,-0.388018195,-0.70623242,-0.435408984,0.747682713,0.131642109,-1.010326724,0.215675736,-1.483245887,-0.469203949,-0.997500787,-1.536187451,-1.389900857,-1.676112046,-0.398092354,-0.707043286,-0.457600863,-0.424800844,-1.071483621,-0.404066087,-0.862513026,-1.184823985,-1.276543497,-1.328780455,1.390261482,-0.821207851,1.167827358,0.921477259,-0.625488532,-0.472246142,-1.044408235,0.119204247,0.243338259,-0.2165404,-0.975244875,0.015479571,-0.184403723,-1.026105598,-1.777265023,-0.513830133,0.632388175,-1.146018411,0.25533965,-1.317141502,0.848568481,-0.403167749,-0.308973808,0.18448588,-0.099047154,-0.656622406,1.156661047,1.971355092,-0.569161201,1.119884424,2.911801601,-0.321721565,0.074272244,-0.566338334,-0.796066235,-1.554003206,-1.359068375,-2.113618993,-0.591493527,-1.488991759,0.340393111,-0.883823542,-1.34822816,-1.93171143,0.016168581,-0.987786734,-1.280493942,-1.146647738,-0.735011385,-0.420223479,-1.055840197,0.321721115,-0.75098818,-0.552863635,-1.359847191,2.306357967,1.214319096,1.621445532,-0.55739326,0.199178674,-1.223155624,-0.781322871,-1.508236032,-0.230294055,-1.465337568,-0.13776893,-1.394326533,-0.800064463,-0.314847741,-0.85943792,-0.115074208,0.506817602,-0.114737677,0.233014671,-0.535459905,-1.793360751,-2.121931593,-0.096951526,-0.879717752,0.266049772,0.036042591,-0.521886571,-0.38389933,1.095474036,0.58137728,-0.185245828,-0.140757438,-0.823483682,-1.00731013,-1.123314901,0.440960944,-0.440211844,-0.586807145,-0.769380487,0.055056206,0.152635246,-0.906340401,0.909145264,1.629299362,0.749149371,-0.386692423,-0.795179906,-1.272251645,-1.055265484,-0.076989042,0.41534943,-0.248204982,-0.094200795,0.761459821,0.369215975,-0.4272507,-0.868691753,-0.670994376,0.119115481,-1.233058385,1.483738626,0.153922082,0.044877759,-0.789217649,-0.033039854,-1.241328591,-1.326894018,-1.000487891,-0.747603366,-1.009777575,0.073343394,-1.172151192,-0.180563104,1.612373599,-1.283376827,-0.279052746,-0.152335661,-0.636010989,-0.827135821,-0.59529478,-0.991553216,0.323314625,0.697238798,-1.014454981,-1.169249368,-0.496265472,-0.766793721,-0.310336763,-0.621943422,-0.453657951,-0.56528181,-0.777833989,-0.867024491,-0.309927681,0.618962282,-0.899433615,-0.184043038,-0.792967516,-0.451456692,-0.33477368,0.058740495,-0.731888009,-0.224269185,-0.790980541,0.143147509,-1.802416049,-1.045545568,-1.408949052,-0.97418471,-0.590771114,-0.091786396,-0.532560116,-0.887946259,-1.107451237,-0.239399974,-0.545417069,0.082685367,-0.763998922,0.499987099,0.029947076,0.148075118,-1.609437912,-0.608438453,-0.904609227,-1.040437725,-1.710363831,-1.488991759,-1.195013063,0.132781111,-1.136937403,-0.605136303,-0.820298966,-0.244878043,-0.008939842,-0.696352312,0.201960772,1.59334918,0.694346461,-0.976571663,0.246234883,-0.430782916,-0.40631547,0.726823707,1.543981637,-1.10021357,-1.767847649,0.501381165,-1.384296358,-0.332121714,0.745692191,-1.984858899,-0.107696575,-1.314159763,-0.478519789,-0.45444529,-0.944690206,-0.347007539,0.445967051,0.384241472,0.035463664,0.076405331,-0.354534379,0.221301856,-1.435484605,1.379320097,-1.160594081,0.12548662,-0.549220012,-0.253989431,-1.209320411,-0.839792761,-0.722370039,-0.570221834,-1.245837008,-0.75438449,-1.296819355,0.847926234,-1.348613294,1.290168849,0.732175568,0.935504951,-0.210721031,0.448971496,0.131642109,-1.135380013,-0.911800827,-1.580364665,0.648986285,-1.891137913,-1.38469564,-0.933945667,-1.080281332,-1.17993081,0.755370524,-1.052969931,0.548525951,-1.758518135,0.558243418,-0.392154094,0.510365518,0.833734869,0.360886065,2.90494286,-0.731056754,-0.850737101,-0.545417069,-1.244100595,-0.502031076,-0.076557123,2.725575728,-1.307113563,-0.258900271,-0.192735595,-1.434224895,1.569282362,-1.366883968,-0.972861083,0.272314595,-0.039572775,-0.430782916,-0.760997847,-0.110484733,-0.567043304,0.704828685,0.1645818,-0.780449509,-0.270497248,-0.787677664,-1.875358493,-2.046393688,-0.883097765,-0.495280412,-1.244100595,0.268346336,0.051358292,-1.298649851,-1.177330873,0.819823883,0.067471715,0.619339163,1.026865629,1.374424189,0.849595219,-0.386398045,-0.859201765,0.140109708,0.463734016,-1.02945943,-1.044408235,-0.570575628,-0.373094728,-0.343617705,-1.343234872,-1.448595387,1.021191142,-0.626236475,0.049171044,-0.636010989,-0.486295626,-0.456337438,-0.450044152,-0.216788786,1.593836846,-0.206532286,-1.041003976,0.795929375,-1.376740148,-0.847231196,-1.331806176,-1.302688777,-1.033386504,0.484029801,-0.260326342,-0.31416295,-1.066822966,-0.075801713,-0.581784713,-0.490043085,-0.674521716,-0.171025597,-0.277863764,-1.095118399,-0.311155429,1.458545253,-0.483372597,-0.563874845,0.049456609,-0.044579043,-0.854725376,-1.289893867,-1.588655373,0.784266774,-0.826678573,0.266279666,-1.314159763,-0.339396508,-0.86654864,-0.971803442,-0.033556784,0.348330223,0.391095694,-0.236862223,0.201715604,-0.973125669,0.348683094,-0.254763226,-0.805644212,-0.646836278,-0.162871933,0.861158499,-1.887169654,-0.899187824,-1.698815724,0.224023164,0.854628071,-1.067113622,-0.302863394,-0.09244429,-0.05087233,-0.380967637,-0.282628198,-0.951658876,0.350516017,-0.26487742,-0.701179352,2.693423754,-0.617668719,-0.129084153,0.567867364,0.62486834,-1.259837937,-0.513997315,-0.380967637,-1.317141502,-0.214555534,-0.826678573,0.201306857,-1.947010754,-0.997500787,-2.031794888,-0.203953857,0.173448978,-0.169958298,0.430287794,-0.583037958,-0.663200104,-0.923315347,-0.947781399,-0.13079229,0.354241987,-0.159112972,-0.582142623,-0.484183693,-0.40241975,-0.91030866,-0.353394616,-1.903808973,0.380284043,-1.167319487,-0.661842331,-0.024087796,-1.591106956,-0.816445397,-0.764858028,-1.106241316,0.838761529,-1.287354413,-0.406465608,1.218703769,0.255726901,0.029558802,-1.696631124,-0.562996496,-0.47096409,0.424025134,0.17479329,-0.539568093,-0.162166051,0.553482733,0.777396413,0.149367832,-1.206977313,1.311004922,-0.898205264,-0.118783536,-0.611382879,-1.186460379,0.041717593,-0.463624022,-1.905152157,-0.601297527,-0.19650162,-0.906340401,-0.075046874,0.133218844,-0.577856136,-1.474907019,-1.101115419,-1.689563957,-0.871317366,0.329879121,0.532802357,-0.52915933,-0.579818495,-0.876349125,0.437415869,-0.512827626,-0.478358434,1.075548349,-0.263574997,-1.843263312,-1.347843175,-1.16667702,0.289455499,-0.01136433,-0.640744502,-0.948297528,-0.262664309,-0.643214812,-0.509826123,-1.872752628,-1.747551215,-1.642994696,-1.588165777,-1.739546598,-1.369240607,-1.15518264,-2.085862109,-0.709276562,-1.318261951,-0.981362729,-1.209990877,-1.344768614,-0.663200104,-1.197328262,-0.084360349,-0.208870892,-0.539225098,-0.567219624,-0.842343487,-1.422543494,-1.094520671,-1.325763861,-0.934709317,-1.397962166,-0.602575482,0.191611604,-1.519597208,0.375555578,-0.491022996,0.573744083,-1.726533684,-1.533403226,-0.159112972,-1.664950622,-1.042988385,0.171344866,0.419893845,-0.265138108,-1.081165375,-0.333377032,-0.948813924,-0.735011385,-0.904609227,-0.648938926,0.008265744,-0.966006324,0.048409139,-1.769019982,-0.650470906,0.026934001,-0.585010522,-1.080870607,-1.270112607,-1.046969056,-0.967057849,-1.087672349,-1.526016304,-1.926205566,-0.928616382,-1.0744076,0.241140628,-0.28595024,-0.10402807,-0.809456303,-0.142139767,-0.751200112,-0.319379159,0.103819329,0.476358395,-1.128556165,-1.392312433,-1.918003196,-0.992631965,-0.239145909,-0.741707371,-1.045830103,-1.264784944,-1.808498793,-1.138809478,-0.939047719,-1.966112856,-1.184170177,-0.186088643,-1.393923388,0.649038541,-1.849600469,-1.322381035,-1.182211313,-0.448790233,-1.558269626,-0.591132255,-1.221458119,-0.699567748,-0.57234648,-1.170215708,-1.173766962,-0.470003629,-1.400799047,0.054961558,-0.02706292,-1.809109108,-1.54458694,-1.400799047,-1.327271021,-0.508328744,-0.996145957,1.647677375,-2.093134869,-1.810942289,0.439866535,-0.414606766,-0.740238788,-0.951658876,-1.646620704,-0.961288098,-0.348565061,-0.690750056,-0.246540129,0.125133731,-0.652965391,0.394404161,-1.358679194,-1.26655768,-0.818937187,0.885295298,-1.256670593,-0.733760863,-0.24794867,-0.962858368,-1.048394573,-0.291020974,-0.474654427,-0.574830954,-1.384296358,-1.352472813,-1.796973036,-0.681811671,-0.177453425,-1.209990877,0.113596507,-1.223495471,-1.074993423,1.023816901,-1.677181565,-0.524755529,0.278313322,-0.146761381,-0.908570609,-1.354408172,-0.72216413,-1.037611267,-2.116105526,-1.30933332,-1.339410775,1.348306887,-0.869168625,-1.589635285,-1.100814712,-1.015006705,-0.653734178,0.070738015,-0.819164021,-0.286482792,-0.036663984,0.407529642,-0.554429261,-0.855430844,-0.042177079,-0.716006475,0.594872611,-0.938536341,-0.343335737,-0.472566912,0.075014704,-0.733136189,-1.912572089,-0.835171681,-2.038683549,0.276646403,-0.246540129,0.305202686,-1.045545568,-1.588165777,-1.606442403,-1.083822203,0.14384057,0.318671889,-0.069350078,-1.108662625,0.125310191,-1.190727578,-1.621004549,-0.984034384,-0.598564538,-1.375156617,-0.279978488,-0.938536341,-1.434224895,-0.549046837,-0.948297528,-2.155890714,-0.927604492,-0.277731742,-0.46968368,-0.364419139,0.23791393,-0.903868212,-0.243856593,-0.555474375,-2.003221516,-1.283737773,-0.657394011,-0.762282919,-0.157004749,-0.074508052,-1.053543325,-0.911054465,-0.15082289,0.445710937,-0.972596568,0.431587592,0.964852298,-0.09783336,-0.527802248,-0.111490376,-0.202483449,0.081026839,0.838458912,0.886903115,-1.111697528,0.573405979,-1.232715273,-1.5711792,-1.608938037,-2.137070655,-1.347458337,-0.576965426,-0.697356025,0.143580728,-0.200648473,0.184984674,1.110178475,-1.076752954,-0.427864103,-1.248621556,0.750944279,0.68456042,-0.729811165,-0.718464989,-0.988323935,-0.662230078,-0.815766894,-1.667596827,-1.158362293,-1.943513024,-1.242367192,-1.427950036,-0.798285499,-0.725463782,-0.354391838,-0.0965109,-0.499061757,0.442696665,-1.04497674,-0.987786734,-1.032543689,-0.159816701,0.369008571,-1.162511015,-0.185245828,1.222215392,-0.688358664,-0.007729798,-0.929375971,-0.488086137,-0.556171726,-1.304898723,0.296022197,-0.356674944,-1.057566319,0.603495959,-0.03978087,-1.127011763,-1.002938539,0.734097167,-1.041853955,-1.302688777,-0.52915933,0.098939948,-1.122392817,-0.24551698,-0.342912933,-0.398092354,-1.901128006,-1.023319305,-1.117489344,-1.270825111,-0.470643834,-0.686568865,0.614807189,-0.980829253,-0.904115156,0.17580034,-1.08975166,-1.02945943,0.058080211,0.606172167,-0.101368494,-0.811930717,-0.316355933,0.597681989,-1.546463113,-1.20330636,-1.445195469,0.030723173,-0.494296322,"EWS"
"24",0.313496007,-1.797576355,-0.316630394,0.355714483,-2.12611395,0.298028365,1.90955732,0.17083922,0.145225252,-0.133302847,2.210535591,-0.762068626,1.035068828,0.584057498,-0.586986985,-0.129311737,-0.020610954,0.888919535,0.975389484,0.362905494,0.910674993,2.129504705,-1.085005285,2.282117044,0.802674005,2.138794767,-0.235469201,0.156405279,-0.991553216,0.86318527,-0.5407695,0.491275765,-2.115275995,0.661759707,0.808883679,0.492620919,-1.135691297,-1.276185138,-0.941864983,-1.229290612,-1.327271021,1.568990848,0.307116985,-1.342851803,-0.447068658,0.799217444,1.767603379,-0.944690206,1.687583437,-1.657578288,1.623971782,-0.913793852,0.956779871,-1.172474137,0.739839909,0.577736329,1.872248231,1.015085742,1.047599657,2.3459702,2.256425965,2.063540792,0.10300775,0.360119006,0.990358703,0.029170377,-1.346689107,0.764304375,-0.025215249,-0.988592644,-1.048109307,-0.798063351,-1.7567785,-0.2424538,-1.263015345,-0.223643676,0.751038659,-1.004302609,-1.7333019,-0.665921194,-1.134446742,-1.97256218,1.055008651,0.899795429,-1.290620611,-0.699769057,-1.186132886,0.796966509,-2.286711744,-1.622016695,-1.390302383,-0.132731713,-1.676646662,1.032970937,-1.039871794,-0.489064132,-0.130336502,-2.225624052,0.800565577,-0.244494877,0.215433908,-1.438430116,-1.319009614,-0.343758719,-0.830113036,-1.902467591,0.733809162,-1.415929166,-2.046393688,-1.51367329,-1.392714929,-0.41794263,-1.435064526,0.064569771,0.155635292,-1.2772606,-1.464904762,-0.064111946,-0.449260268,0.369768843,-0.502526821,-1.301585633,-1.75157768,0.815320565,-0.223768747,0.546617388,-0.924574952,-0.242198958,-0.094420576,0.696840352,-1.368454443,-1.598497972,0.845224283,-0.626236475,0.03854741,-0.792304752,-0.453185844,-0.76593295,-1.171182982,1.218319398,0.362975057,-1.156135475,-1.838851077,0.949686823,-1.036764885,1.734659877,-1.497449411,1.916216481,0.138282588,-0.527802248,0.613075306,-0.882372514,-0.192371893,-1.455001559,-1.895121982,0.323531725,-1.897119985,-1.101115419,1.011382706,-0.990206415,0.439737702,0.396020649,-1.328780455,0.26589648,-1.212677245,-0.839792761,-1.571660548,-0.730433765,-0.007326775,-0.85660773,-0.541284831,-1.031421039,-0.797397202,0.03893221,-0.94160854,1.409693455,-2.324830702,0.385942442,-0.662811981,0.886820726,-1.690647968,-0.891110433,1.016063666,-2.046393688,-0.322411553,-0.952436179,0.952854071,-0.287815415,0.472064005,-0.610461814,-0.60477007,-0.412036654,0.066349381,-0.611567194,0.535732848,0.912764522,-2.031032403,-0.025215249,-1.587187304,0.724258176,0.745217673,0.449035323,-0.207885549,-1.267622831,0.865881257,0.423501471,-0.516005684,-1.236840408,-0.585728784,-0.220896079,0.24826534,-0.791201121,-1.582795982,1.394411329,0.378230935,-0.592759007,-1.673976434,1.042183021,-0.11867093,-1.928266714,-0.553559166,0.012817504,0.439737702,-2.459238903,-2.006934851,-1.077340153,-1.257022025,-1.884532869,-0.605502671,0.535147436,-1.831956659,-1.414282398,-2.315670333,-1.831956659,-0.530518257,-0.256700335,-0.466968241,-1.661257661,0.147988878,-1.069441911,0.851944192,-2.038683549,-0.982430534,-0.724018844,0.217849563,0.926518252,0.289829765,-0.233699065,-0.426025022,-0.050346374,-1.140685065,0.493414934,-0.671777155,1.640451966,-0.625488532,-0.558616288,-1.427116356,-2.067512971,-1.054978252,0.666803205,0.739219369,-0.162754251,-0.905103543,-1.721487416,-0.893306896,1.615300693,-1.656005548,-1.136314156,-0.747603366,-0.157121756,-0.730433765,-0.080667903,0.306749135,-0.131020262,-0.806987997,0.407130387,-0.716620537,-0.71070034,-0.80430223,-0.965480976,-0.106917282,0.126544541,-0.789217649,-2.366590423,-0.507996297,0.776384779,0.000699755,-1.701005106,-1.210997419,-0.941095851,0.143407463,1.246716152,0.066817173,1.708559003,0.432431556,0.86326963,0.845267229,1.215950781,0.017741682,-1.913249367,0.577399572,1.220416857,-0.917541514,-0.357818455,-1.174414002,-1.678252228,-1.694451287,-0.243856593,-1.208315554,-0.852611955,-2.600991129,0.499562432,-0.448946887,-0.283158984,-1.493434237,-0.131476363,0.676916167,0.791588816,-0.687363936,-1.229632551,-0.556346139,-1.466203744,-2.081042823,-1.122085645,0.282393111,1.180438021,-1.211333159,-2.308603165,1.627847413,0.752406164,0.920402268,-1.729912066,-0.77283995,1.743076799,-2.109488463,0.566052173,-0.303675962,-0.085340047,-1.342468882,-0.967057849,0.034884402,0.86318527,-0.162401289,-0.541456667,0.471127997,0.080011938,1.300300648,-1.430873405,-0.380967637,-1.463607464,0.004390348,0.992065885,1.162994548,-1.320132159,1.259454814,-1.092729626,-2.791975436,-1.596521687,-1.520054351,2.276528551,0.219697621,0.385942442,-0.821435201,0.819030652,-0.371933625,-0.268271679,-0.763355076,-2.147292209,-1.24897017,-0.911054465,-1.836966062,-0.125449851,-0.214927397,0.503801009,-1.615455985,-0.404965233,-2.580977119,-1.666008264,-2.260483917,-1.631172405,-1.965398826,-1.559695821,-0.244494877,-1.254214021,-1.545524587,-1.335221091,-0.83609419,-0.854725376,-0.624741148,-0.892330094,-0.211462047,-2.117766656,-1.120551196,-0.703399557,-1.593072558,-0.128970381,0.167969051,-2.351775337,-2.07544952,-1.097512893,-0.192978137,1.243549223,-0.284753033,-0.871556401,-1.54458694,1.022666732,-1.238909374,-0.76507292,-1.619993426,-1.712578671,-1.42129997,-1.021373508,-1.99289694,-1.063921049,0.00548493,-0.990206415,-1.753308283,-1.655481851,-0.274700038,0.52608855,-1.006215439,0.516111628,1.758426721,-0.119797564,0.378436436,-1.354408172,-1.264430773,-2.169803982,-2.304587096,0.601963475,0.816912288,0.095219267,0.402126207,0.465493474,-0.114849842,-0.877791433,-1.556845462,0.450119749,-0.208131794,-1.454573202,-0.690151672,-1.538979449,-1.152962883,-0.456021832,-0.010353412,-0.540254435,-0.737935363,1.198789394,-0.818483672,-0.501370465,-0.253087428,0.178982656,-0.650662569,-2.249992643,0.092396849,0.795116954,-1.664422221,1.340145705,-0.729603718,-0.523910863,-0.860619535,1.058310992,-1.032262908,0.130326262,-0.436027414,0.276191306,-0.736681183,1.28917755,1.032365643,0.45989016,0.653366311,-0.938536341,0.326494048,-1.357123984,-0.494788246,0.10399959,-1.877317358,-0.457126891,-0.025420377,-1.659153505,0.822902704,0.497193122,-0.298406036,-0.427557355,-1.28518286,-1.652345413,-0.674718045,-0.210721031,0.503559288,-1.121778567,-0.275621758,-0.45444529,0.279145741,-1.97833004,-0.553907114,-1.124237836,-0.47981157,-2.131155977,0.25200308,0.541393625,-0.263314716,-1.870153537,-0.779358877,-0.32545317,-0.777181176,-2.228405695,0.605408266,-2.102914898,2.244627536,1.014469521,-1.846426871,-2.087473713,-0.544727175,-0.464578373,-1.565421027,-1.394326533,-1.658103084,-0.204689873,0.096582098,0.894086022,-1.889151815,0.545053122,1.436179164,0.880207492,-2.022683208,-1.526936691,-1.015834862,0.659124932,-0.01501212,-0.258252728,1.358923164,0.932793804,0.353820875,-0.804525769,-0.854490331,-0.043220703,-0.509160344,1.408862768,0.648881764,1.48028549,1.764576675,-1.87993516,-2.360214206,1.334658903,-0.065605757,0.745122742,0.520756152,-1.67504367,0.831647458,-1.763755273,2.21421279,-1.008406021,-1.429619486,0.955319119,-0.432630776,-0.688955976,-0.483859176,-0.797619202,-0.355960913,-0.363699559,0.114756237,0.002197584,1.685824715,-1.606442404,-2.215490386,-1.595042032,0.017545179,-0.832409248,-0.428324402,-0.2569589,-0.134903763,1.693080287,-1.101416216,0.660520678,-1.002120989,1.130014052,-0.878513368,-1.236495996,-1.00184862,-0.845366394,0.432366661,-1.087969129,-0.647982629,0.349599975,-1.116267224,-0.663782572,-0.550433078,0.75452446,-1.359068375,-0.395861372,-2.098828256,-0.152102778,0.54725398,-0.180802711,-0.47981157,-0.154900961,-0.390231728,-1.424619475,-0.858021824,-1.381107834,0.271019012,0.110377908,-0.345028739,0.043251042,-0.233446444,1.00635079,-0.05551271,-1.196004635,-0.733969175,-1.011700917,-2.011409131,-0.94803943,-1.730476241,0.399111634,0.491887423,-1.648698626,0.302324349,-0.820071874,0.296245303,-0.159347493,-2.314657674,-1.442229994,-2.346536981,-2.877060744,-0.074292605,-2.369793843,-2.235861461,0.180570024,-0.517346841,-1.951928221,-0.166645077,-1.042704657,-1.440539376,-0.179964337,-2.698595042,-0.932420114,-0.651429587,0.463230745,-0.862039317,-0.914043259,-1.143818882,-2.249044326,-1.012251123,0.688837909,-0.300834859,-0.587166857,1.23323059,-0.811705517,0.818016163,-0.433093275,-0.370918764,-1.636809109,-0.720518377,-1.201309687,0.008860628,-1.347458337,1.684675247,-0.06817178,-0.657394011,-0.13398864,-0.62735944,-0.285417971,-0.979763155,-1.216382824,0.005286004,-0.88673193,-0.32628431,-1.36963392,0.445006283,-1.148538097,-0.971539206,0.007372754,-1.701005106,-0.371933625,-1.072944542,-1.96254779,-1.040154719,-0.939815277,-0.950364712,-0.70623242,0.078441426,1.122426467,-1.661784393,-0.031077956,-0.5730557,-0.987518241,-0.801177925,-0.014809116,1.353435369,-1.314904365,-1.311558015,-0.034487931,-1.835084594,-0.968110481,-1.95828642,-0.445350042,0.121420855,-1.911218909,0.497375576,-1.124545671,-1.329914028,0.517900537,-0.958154936,0.068872864,-0.291288568,-0.304082494,-0.352967539,-0.91904452,-0.056887862,-0.591674212,-0.154784214,-0.418702335,-1.256319285,-2.352826309,-0.080017708,-0.047196435,0.417327801,0.534092831,0.418183881,-0.282628198,-0.986444992,0.344865486,-1.406905315,0.413896134,-0.008637193,-2.542112124,0.6590732,-0.715597309,1.000925955,-2.27789248,-1.423788566,-1.250365844,-1.985586966,-0.934963997,2.119371138,-0.118558336,-0.911800827,-0.528480559,1.014505779,-1.287716798,-0.77414034,0.706902146,-1.0761661,-0.461876742,-1.213349966,-0.706029806,-1.550697417,-1.008406021,-1.234088428,0.756356694,0.404664788,-0.641124153,-2.090704734,-0.954252238,-1.903138057,0.900080046,-0.922308804,-1.556371192,-1.058142356,-0.244494877,0.682591667,-0.656622406,-0.903621329,-2.133686557,-1.10021357,-1.333701911,-1.794563397,-1.304530059,-1.293897512,0.51342225,-1.187115687,-0.355247392,-1.727095956,-0.249230886,-0.401522889,-0.978432128,-1.451152934,-0.59511344,-1.467070671,-2.029509173,0.239961336,-0.173282532,-2.445301395,-0.235848924,-1.628620732,-1.437587656,0.882692582,-0.389198136,0.069339478,-1.325763861,0.364365297,-0.746126105,-0.140527235,-0.79628794,-0.03469497,0.090845683,0.46969108,-0.607336524,-0.607152987,0.123455804,1.197582429,-0.839561199,-0.199671195,-0.127378929,-0.780449509,0.147730112,0.481438007,-1.504627548,-0.073323664,-1.136002678,1.481809066,-0.888918785,-0.398092354,-1.16667702,-1.293532881,-1.116878098,-1.611941043,-1.065370955,-1.992163534,-1.734434403,-0.243218716,0.561670818,-0.675307262,-1.486335715,-1.017769901,0.115023677,-0.943405024,-0.771324962,-0.403916308,-1.119938075,0.780654268,-0.424189317,-1.780819529,-0.865122445,1.025969909,-2.10701831,-0.219027036,0.916970501,1.496851352,-0.853081219,-0.086865933,0.551353175,0.475302068,-0.70097776,-2.111964733,-1.68848112,-2.017406151,-2.420243137,-1.776673832,-1.348998576,-0.894773888,-1.606941032,-1.387495082,0.979941359,1.724835884,-0.372804326,0.505129431,-0.855901432,1.271696871,-0.342631164,-0.09036244,-1.305636458,-0.567925216,-0.337713006,-0.207393241,1.09617599,0.267122159,-1.454573202,1.025037508,-1.233744963,-1.187443502,0.737929323,0.063444173,-0.759286983,0.484091429,-0.778922958,1.051345963,-1.622523152,-1.087969129,-1.527857925,0.125839385,-1.225196441,0.340962142,0.206851555,-0.957373177,1.721944832,-0.339536928,-0.668259465,0.697736633,-1.316768299,-1.391507928,0.404130885,-1.25456459,0.649613179,-0.616556578,-0.55582299,-1.022484928,-1.874054712,0.566733256,-2.251891979,1.087888325,-1.479287228,-0.347432077,-1.709810887,-0.371353579,-0.795844579,-0.403317416,-1.630661549,-0.226398844,-0.458075058,-0.404066087,1.060979647,-1.352859585,-1.292075686,-0.181521877,-0.861329174,-1.148853505,-1.06363132,-1.799993274,-0.436182081,-2.089087919,1.313481704,-0.001100605,1.250846848,-0.001100605,-1.420885806,-0.458075058,-2.805111914,0.871669864,0.97240638,-1.018600351,-0.928363313,-1.802416049,-1.051824127,0.44372382,-0.506501652,0.494025285,-1.642477767,-0.332121714,-1.515037237,0.232618522,-1.413871129,1.175974484,-1.703199292,-0.270497248,-2.556187852,-1.056127677,0.316488164,1.048230859,-0.210967975,0.829686545,-0.415666971,-1.483686707,-0.393338928,0.220901039,-0.003405793,0.494757216,-0.416121688,0.214143169,-0.741497442,0.749527514,-0.883823542,-0.228658732,0.194167779,-1.076752954,0.340748793,-0.865835288,-0.279184942,-0.225145554,-0.990206415,1.082990908,0.322735461,-2.374081095,-0.099157572,-0.433864583,0.15237768,0.316561032,-1.059295426,-0.021325787,0.909064687,-1.150116132,0.913406577,0.67742422,-1.05641524,-1.362968536,-0.892818376,-0.374111801,-0.699970406,0.92008353,-1.188099455,1.640161085,1.892690188,-0.419766893,-0.715597309,-0.025420377,0.985107588,-1.082935809,0.157687276,-1.569736546,-0.784604791,0.00079968,-0.04940035,0.494818186,-1.88981341,-2.142168372,-0.746547957,-0.968110481,-1.616966179,-0.070100628,-0.501700716,-1.899790213,-0.571992059,-0.756299996,-0.854255341,0.814435178,-1.478848343,0.717888572,0.035174075,-0.434790938,-0.053928342,-0.285417971,-0.596201975,0.082317043,-0.012882626,0.294384561,-1.227924025,-0.704208128,0.195237782,0.484091429,-0.678258568,-2.092324168,0.845825348,-0.660292844,-0.123637641,-0.114513387,-1.441807071,-0.697958738,-0.858965665,-0.489227224,-0.215671537,-0.1889837,0.332249046,-1.267267655,0.467751094,-0.878513368,-1.669718843,-1.430873405,0.994732158,-2.36765709,0.777626187,-2.1680542,0.918049185,0.410253625,-0.963382339,-0.019896632,-1.834458224,0.352064331,-1.446469084,-1.470110847,-0.785701162,-0.449260268,0.709315762,-1.649739209,-1.758518135,2.211927075,0.998497251,-1.169249368,-0.964693471,-0.040301297,-0.810355382,1.178593456,0.726388514,-0.814637078,0.02586266,0.473061449,0.074365082,-0.570575628,-0.211585603,-0.513495852,-2.167180456,-1.441384327,-0.095740272,-1.234775714,0.365753608,-1.2772606,-1.096015663,-1.034511363,0.304096614,-0.722575991,0.17412136,-1.297551151,-0.977900214,0.551065049,-1.986315564,-1.021095846,-1.692276191,-0.876349125,-1.338647708,-0.706637771,-0.643976137,-0.410527903,-0.162283663,-0.247692424,-1.204639693,-0.227402608,-1.69936262,-1.212004976,-0.460766424,1.559701301,0.012718772,-0.854490331,-0.390675023,0.962563444,-0.423883694,-1.341703478,0.85828019,-1.615959129,0.125045489,0.280959527,0.20538683,0.28855669,-0.187293898,0.039124555,-0.41581852,0.149540067,-0.427710717,-1.162830861,-0.131020262,0.192519382,-0.683394889,-0.608989873,-0.977634362,-1.315276874,-0.474011651,-2.160217852,-0.943918899,-1.64092858,-1.343618087,-1.010876174,-1.535722875,-0.436800988,-0.763140552,-0.255795884,-0.71355399,-0.459024125,-1.654435278,-2.235861461,-0.115859886,-1.684161459,1.031510485,0.43502391,-0.259677876,-0.450671701,-0.079476202,-1.001576326,-0.686171567,-1.409767717,-0.863461118,0.449162963,-1.485010334,-1.212004976,-0.190918404,-0.958154936,-0.390379471,-2.042531188,0.395078015,0.318453731,0.338185055,0.142193766,-0.029531803,-0.852846559,-0.577677931,-1.879280067,-0.773923491,1.285285475,-1.681471115,0.360676925,-0.418702335,-0.521549587,-1.825729989,-0.69214768,0.337257642,-0.758646163,0.086361166,0.923861997,-2.187472286,0.03246719,-1.89645354,-0.40691616,-0.26683424,-1.544118446,-1.613445934,0.011829752,-0.128856622,-1.204973305,-1.836966062,-0.053506268,-1.660731207,-0.071496002,-1.362187286,0.211394804,0.407795723,0.413830024,-1.415929166,-0.568807906,-1.442229994,1.144923192,0.363531385,-0.761211912,-1.867561183,-1.099312534,-1.694451287,-0.468724448,-1.400799047,-1.354795694,-0.996958635,0.906280799,-1.274037679,0.507780994,-1.637837387,-1.455858825,-1.238219243,-0.646645347,0.002596626,-1.830708219,-1.330292171,-1.172474137,-0.621570982,0.274064777,-0.606602579,-1.294627173,-1.354408172,0.337543092,-2.315670333,-1.189084192,-0.393635356,-0.659905847,-1.775492497,0.788230062,-1.650780876,0.061753396,-0.441921645,1.565088872,-1.713687934,-0.384486702,-1.023875943,-0.018367657,-0.629796865,-1.790959789,-0.880199912,-1.341320996,-1.01252634,-0.788557365,-0.83632495,-1.713687934,-1.475344178,-0.306661039,-0.06443186,-1.745830537,-0.637523277,-1.031421039,-0.442699795,-3.160606917,-0.727531607,-1.970407781,-1.417166025,-1.280493942,0.127425288,-0.848632083,-0.260066905,-0.130336502,-0.113728765,-1.801809805,-2.212744389,-0.46648981,-0.426790895,1.032151922,-1.856618042,-0.272596435,0.922789569,0.546443701,-1.049822125,-0.832869124,-0.138228119,-0.398688124,-0.382579004,-1.140059479,-0.395267283,-0.732303896,-1.639381789,-1.339792528,0.19909673,-0.35982275,-2.017406151,0.175968083,-0.398688124,-1.379914754,-0.358104537,0.6727914,0.178229864,-0.59384498,-0.511159013,-1.628620732,-0.643405089,-1.422128814,0.001099395,0.918608045,-2.712058223,0.681782851,-0.10413904,1.28639115,-1.636809109,1.111956195,-1.498343865,-2.61866664,-0.33673227,0.924179533,-0.493640799,-2.048718369,-0.40917197,-0.518185978,-0.507830115,-0.764428383,-1.023319305,-0.79895224,-0.52256088,0.890562583,-1.147592471,-0.525262672,-2.106196279,-1.872752628,-2.35598587,0.095764622,-1.065080806,-0.991283711,-0.646454453,-0.333377032,-2.268183666,1.13587596,0.972217276,-0.394525168,0.488825384,-1.149484619,-2.609110253,0.43379338,-0.818937187,-1.870153537,-0.695951108,0.726630311,-1.079692404,-0.586986985,-0.863935502,0.005982072,-0.68299885,-0.215671537,-0.741077714,0.775556317,1.497656829,-0.238637972,-0.565809932,0.01064316,0.395616772,-1.478848343,-1.210997419,0.13076507,-0.5730557,-1.954043132,-1.259837937,-0.554951682,-1.159955919,1.76346287,1.926858383,-1.017493237,-0.141794006,-2.1680542,-1.664422221,-1.250715067,-1.058430499,-0.448946887,-0.534264856,-1.32915817,-0.38890302,-0.466968241,-1.010876174,-0.688358664,-1.025826619,-1.685239626,-2.361274089,-0.225270812,-1.963972292,-1.678787991,-0.872991808,-0.216664585,-1.052396865,0.182738137,-1.505528449,0.867562566,-0.669430654,-1.296088093,-0.854020406,-2.815078774,-0.854725376,-0.393338928,-0.790319092,-0.680033541,-0.403916308,-0.562294372,-1.500135178,-0.882614206,-2.069887329,-1.545524587,1.346149221,-0.870600606,-0.46171805,-0.738772359,-0.882614206,-0.137654165,0.749669281,0.334541803,-1.1858055,0.705668461,-0.889162065,-1.525096764,-0.55739326,-1.432547746,0.764630282,-0.429092039,-2.249044326,-2.116935746,0.219537056,-0.007629027,-0.238891908,-1.257373581,-0.669430654,0.441153951,0.046310903,-0.136507245,-1.332185036,-1.587676421,-0.729811165,-0.420223479,-0.152568599,-0.671190013,0.625617524,-0.780886095,-0.457284857,0.486061509,1.963469365,0.56565466,-0.550259693,0.577624089,0.268652147,-0.828737835,-1.311929279,0.445006283,-0.423120043,-1.233401615,0.458247294,-0.48240015,-0.095850326,-0.450357877,-0.667674385,0.868276267,-1.127938118,-1.045830103,0.036042591,-0.116870952,0.813593334,-0.191644884,-0.918543267,-0.893062606,-1.328025453,-0.895753081,-0.426025022,-1.328402883,-0.193827497,-1.100814712,1.517958386,-0.303946965,-0.425412746,-0.529498889,-1.097512893,0.498165826,1.346981644,1.163463261,-1.661784393,-0.773923491,-0.094640404,0.493903245,-1.1141321,-0.035316345,-0.484183693,-1.803022662,0.930154189,-0.095630231,-0.59529478,1.069423751,-0.237622873,-2.350725468,0.327503567,-2.341325921,-1.301218189,-1.625059293,-1.08146023,-1.878625402,-1.407313728,-0.296117551,-1.399987688,0.353610253,-0.119008787,-0.257734996,-0.327393573,-0.594388409,-1.173443599,-0.941095851,-1.563508981,-1.182211313,-1.648178741,-0.13857265,0.707690906,-1.557319958,-0.380236054,-1.53991185,-0.639796005,0.116181754,-0.206532286,0.364712556,0.263440608,0.350445582,-0.421746941,-0.901155844,-0.425718837,0.941022368,-1.861109547,0.38369655,-1.850236399,0.148506208,-0.02306394,-0.632804952,0.347765371,0.801956741,-0.681416258,0.121686518,1.747232704,-1.48236483,1.445624027,2.373351058,0.060718735,-0.248204982,-0.027988037,-0.310473161,-2.198225078,-2.156754645,-2.142168372,-0.293163736,-1.941420244,-1.208315554,-0.549739717,-0.915790857,-1.849600469,-0.735219957,-0.709276563,-0.939047719,-1.206977313,-0.753321904,-1.261601917,-0.396455814,0.512104805,-1.103524333,-1.034792776,-1.683084453,2.269617588,0.667419032,0.915810617,-0.663200104,0.362488015,-0.636010989,-0.652005237,-0.657780037,0.010346292,-0.434173272,0.831429768,-1.721487416,-1.994365369,-1.882559834,-0.525939262,-1.217395825,0.593382092,-0.533241663,0.750849891,-0.077961542,-1.272608597,-2.009915479,-3.645819965,0.51962678,0.86124303,-0.97418471,-1.854699269,-0.702793558,0.556811861,-0.943148186,0.422256671,-1.224515706,-0.789437841,-2.11943055,-0.607336524,1.645306861,0.741794477,-0.012072581,0.466309314,0.496949798,-0.314984755,-1.46793835,1.916481338,1.21772777,-0.768517488,-1.157407335,-1.237529588,-1.056990614,-1.067986095,0.266049772,-0.141218002,0.689641041,-1.209990877,-0.740658163,0.855308546,-0.518018094,-0.827364523,0.234360407,-0.11440126,-2.267217949,1.350304423,0.374180818,-0.280507869,-2.160217852,0.038643624,-1.200312844,0.282242304,-0.272990524,-0.725463782,-0.228030473,-0.049085208,0.768764727,0.975691075,-0.743178114,-0.912298711,-0.638658995,0.649404258,0.400452566,-0.115298624,-0.95503156,-0.511492513,0.494513298,-0.089268468,-0.80609194,-0.573942933,-0.057099592,-0.273647684,0.039605255,-1.095118399,-0.250257844,-0.886004039,-0.034902052,-0.522729528,-0.539911205,1.105223718,-0.50766396,0.176387317,-1.899790213,-1.631683521,-0.513495852,-0.713758135,-0.953733027,-0.136048845,-1.261601917,0.045737892,-1.641444709,-0.815540829,-1.74869998,-1.25842899,-1.381107834,-1.366883968,0.104810364,-0.937769764,0.114845392,-0.347149031,-0.139721943,-1.11871296,-0.679244275,0.975200944,-1.514127733,-1.340174426,0.048027969,-2.073857163,-0.641124153,-0.968110481,-1.674509909,-1.10021357,-0.839329691,-0.39630717,-1.827593922,-0.792525625,-0.846065287,-0.892330094,-0.068707198,0.663409362,-0.415970093,-1.757358043,-1.458005209,-0.758432647,-1.082640519,-0.748659891,-1.18155921,0.11867153,0.872297046,-0.960503887,-0.898942094,-0.257734996,-1.875358493,-0.877791433,-1.451152934,0.625510532,0.700172446,-0.317454231,-1.504627548,0.607970483,0.210989995,-2.713565382,0.189545402,0.009752291,-0.889405403,-0.50385001,-1.605445891,-1.879280067,-1.081755172,-2.20183519,-1.681471115,0.589451944,-0.764643182,-1.441384327,-1.889151815,-2.35598587,-2.378386806,-1.366883968,-0.666700011,-1.133203733,-1.757358043,-0.110931561,-0.474975971,1.281683564,-1.435904862,1.141927173,-0.032729825,0.245922138,-0.018877056,-1.977607236,-1.676112046,-2.161953963,0.333969106,-0.778269434,-1.444771291,-0.803631914,-1.22758267,-1.591597994,1.322395635,-0.793409603,0.89052154,-0.83609419,0.18448588,-0.370773868,0.520280783,0.703938742,-0.546798284,2.343410288,-1.895121982,-1.598497972,-0.860856025,-1.271894821,-1.573105983,-0.915041513,2.161631941,-1.043840053,-0.081752502,-0.419462618,-1.813391769,1.235733065,-1.523260216,-3.081290162,-0.13079229,-0.005414633,-0.696552974,-1.835711357,0.543370255,0.518257936,-0.028708164,-0.855195633,-1.064210862,-1.862396549,-0.739400565,-1.439695138,-1.025547718,-0.322687682,0.125751205,-0.838866835,0.488886716,0.041525747,-0.514833645,-1.951224244,-0.552516051,-1.074993423,-0.016841017,0.729864764,0.897230229,1.178593456,-0.867262501,-1.387094681,-1.444771291,-0.477229674,-0.359679453,0.905310671,-0.810355382,0.035270614,-1.026943002,-1.906497147,-0.887946259,1.425611224,-0.895998029,-1.056702886,-0.487434671,-1.11078609,0.308219724,-1.316022308,-0.322273517,2.149795154,-1.491210531,-0.092005646,0.204001506,-1.857899272,-0.747814582,-0.580354353,-1.462311848,-0.632804952,0.609602515,0.136364875,-0.564753966,-2.034850658,0.526797393,-2.15158222,-0.644547511,-1.138185064,0.860651164,-0.023370986,1.473297405,-0.969164222,1.33025297,-0.794958447,-1.375948069,-0.874189556,0.14401376,-1.495216768,-2.434974281,-0.925079238,0.594320826,-2.078641862,0.241926051,-1.673443242,-0.200770701,-0.664754106,-0.528310938,-0.88746035,0.755605414,1.04991212,-0.125109811,-0.680823431,-1.078515587,0.31429966,-1.829461336,-1.415929166,-0.011971372,-1.275468806,-1.598003535,-0.890622985,-0.299080117,-2.774190004,0.425071638,0.001399021,-0.611751542,-0.411281993,-0.042698755,-1.487662856,-0.057311367,0.562012913,-0.826907171,0.17454137,-0.679836167,-1.027781108,2.421815969,-0.784166579,0.082409136,0.685921136,0.135055231,-0.963120319,-1.678787991,0.009752291,-1.480605041,-1.142564176,0.813327341,-0.257864404,-1.240636789,0.186479567,0.383151331,-0.11945944,-1.588655373,-0.768733168,-1.476219069,-1.622523152,-0.606419177,-1.516858731,-0.590410103,0.618746858,-0.03978087,-1.156135475,-1.131652143,-0.337713006,-0.462511764,-1.427533109,-0.168181993,-1.45328923,0.231984356,-0.83378951,-1.209990877,0.870414319,-1.412638337,-1.061894706,-1.210326278,-1.214696768,0.722997203,-1.757937921,-0.091457611,0.465807337,-0.062194604,-0.141333176,-1.117489344,0.408327674,-0.3137523,0.120977927,1.881965737,0.563323193,-0.202728367,0.183570776,-0.870123051,-0.705422211,-1.585233224,-1.553057579,0.23594131,0.33131611,-0.717439873,-0.85566611,0.005286004,0.081026839,-1.275468806,-0.196988594,-0.06817178,-1.16219127,0.726968729,-0.624741148,-0.289283354,-0.789437841,-1.044692447,-1.971125398,-0.412942998,0.013212332,1.290278933,-1.379120157,-0.639796005,-1.379120157,0.778957837,-0.215795614,-0.882614206,-0.819164021,-0.332679438,-1.367668897,-1.212677245,-2.472187877,-1.970407781,0.364017918,-0.634500985,-1.632706539,0.049837235,-0.567925216,-2.248096908,-1.002120989,-1.930332119,-1.219424909,-1.963972292,-1.69936262,-0.37353049,-1.387895643,-1.567336736,-2.32995629,-0.786579125,-0.691149178,-1.50733269,-1.005395207,-1.678252228,-0.956331781,-0.146529793,-1.12639467,-0.245133569,-1.347458337,-0.661842331,-1.063052113,-1.605445891,-1.64713978,-0.552516051,-0.686171567,-0.529159331,-0.561592741,-1.235463471,-0.37571215,-1.072944542,-0.029428811,-1.866914143,-1.342468882,-1.072359918,-1.555897146,-1.522343206,-0.844900736,1.315066852,-1.196335377,-1.682008605,-1.112609798,-0.741497442,-1.527857925,-1.455858825,-2.698595042,-0.934454703,-0.132617525,-2.146436411,-1.974721231,-0.952954716,-0.085557888,-0.718054816,-1.452006905,-1.515947569,0.877425156,-1.069733329,-2.382711138,-1.87993516,0.657001734,-2.377308639,-1.510950966,-0.224144052,-1.190398684,-1.141937413,-2.226550407,0.006379607,-1.128247094,-1.215708061,-1.138497222,-0.244367188,-1.540845121,-1.166355941,-1.473160294,-1.740116236,-1.51367329,-2.869981068,-0.684782264,-1.57358826,-1.028619917,-1.991430664,-1.593564563,0.054393484,-2.025711219,-1.661784393,-2.455736273,0.053919842,-2.178599113,-2.904065085,-1.414693836,-2.077044417,-2.098828256,-0.6919479,-1.244794799,-0.964168812,-1.156135475,-0.755661086,-1.066532395,-0.948297528,-2.089896,0.078996006,-1.485010334,-1.373970611,-2.388142981,-1.754463685,-1.24897017,-1.857899272,-1.082935809,-0.906587956,-1.53991185,-1.665479303,-0.11171399,-1.801203928,-0.942378067,-1.53433044,-1.796370082,-1.891137913,-1.702650294,-0.271939966,-1.123622452,-1.233058385,-0.364995176,-0.425871918,-1.212341054,-0.932420114,-1.161871628,-0.196745078,-1.700457311,-1.79275997,-0.024190239,-2.058854908,-1.0336676,-0.418702335,-2.237734121,-1.209320411,-2.558768498,-0.645881988,-2.174191878,-0.790760009,-1.140372223,-1.788564578,-2.104554243,-1.130412601,-1.883874758,-2.301585593,-1.265493661,-0.468245176,-1.616966179,0.435476882,-1.687940141,-2.544656654,-1.860466667,-1.344384958,-1.103222901,-1.37436579,-1.078515587,0.643589222,-0.950882177,-1.667596827,0.061001022,-0.815993011,-1.657053766,-1.101717104,-1.717580071,-1.219424909,-0.980562622,-0.523235644,-0.521549587,-0.554429261,-0.088175691,-0.898942094,-0.587166857,-1.300850879,-1.094520671,-1.243406874,-1.426283369,-1.672377712,-1.533866726,-1.670781543,-1.26940061,0.135055231,-0.339677368,0.379942151,-1.439695138,-0.614705754,-1.245489485,-1.246184653,0.155720875,-0.977368581,0.021859334,-1.458435039,-0.943405024,-1.844527535,-1.180581852,-0.801177925,-0.076881044,-2.303585593,-0.907330991,-1.12639467,-1.496109227,-0.825536369,-1.103524333,-1.511404172,-1.782601531,-0.202238591,-2.077044417,-0.133531393,-2.016654554,-1.768433644,-1.769606665,-0.683592968,-0.387428746,-0.594750859,-1.730476241,-1.008680181,-0.338835026,-0.474011651,-2.375155786,0.461971458,0.013409687,-0.101036544,-1.041853955,0.488702707,-0.01501212,-0.033660202,-0.547143886,-0.977368581,0.192106858,-0.956331781,0.198440939,0.241219198,-1.332185036,-0.428477882,-1.796973036,-0.816671667,-1.8426318,-2.047167981,0.204246114,-1.264784944,-0.412640792,-1.190069899,-1.720928289,-0.310200384,-0.008637193,-1.509592578,-1.831956659,-1.182863841,-0.939047719,-0.031181118,0.233648184,-0.454917992,-1.958995389,-2.862951162,-2.497384171,-2.594275187,-1.149169012,-0.715597309,-1.708705914,-0.317728994,-0.622502341,-1.731040734,-1.404458332,-2.081042823,-0.59511344,-0.009848336,-0.91130319,-0.34418188,-1.061894706,-1.941420244,0.357184814,-0.687562802,-1.215708061,1.136742664,-0.301105093,-1.033105487,-1.424619475,-0.378628454,-1.002665948,-0.854020406,0.249356958,-2.282782466,-0.267487365,-0.205794913,0.204490663,-0.695550065,-0.776746204,0.944372716,-0.232310439,-0.668259465,-0.540082805,0.176973951,-0.32489946,0.21446601,-0.705624702,0.009653257,-1.527397202,-1.463607464,-1.379914754,-0.794737036,-0.787677664,-0.196866828,-0.690750056,-1.019154367,-0.528819887,-0.28621648,-1.684161459,-0.509493179,-1.02945943,-0.290887203,-0.962596485,-1.736135566,-0.517346841,-0.454917992,-2.463928243,-1.00103196,-1.500135178,-0.912049738,-2.831914188,"RMS"
"25",0.73764242,-1.056702886,-1.782601531,-1.598497972,-1.006215439,1.18799585,1.153983922,0.333252774,-0.087411457,-0.241562137,1.711958399,-0.422051912,1.224069506,0.120623442,0.062129371,-0.968900682,-0.663976803,0.911036955,0.662894137,0.019116117,0.655704885,1.797161519,-0.438970187,1.792009438,0.139501039,1.782802811,0.576838058,-0.302998777,-0.745915246,-0.09376138,-0.406165353,0.265436464,-1.352859585,0.488395949,0.648045207,0.338470239,-1.255266099,-0.88116493,-1.263722809,-1.524178068,-1.780226233,0.392785055,-1.360626614,-1.137873003,-0.808558032,-0.532560116,1.519075472,-0.775876828,0.490724952,-1.697722827,1.362795411,-1.058718725,0.598506776,-0.413094135,0.574307337,-0.235595759,1.000374494,-1.185478222,0.794936326,1.837385904,1.44543553,1.674776114,-0.365859854,0.411049486,0.430677911,-1.316395234,-1.1141321,-0.941864983,-0.216292076,-0.738353773,-0.751836177,0.11270349,0.478095799,-0.46904409,-0.381553288,0.646265195,0.620576488,-0.549220012,-1.622523152,-0.797619202,-0.828737835,-1.351313392,0.996099566,0.680517764,-0.716825308,-0.536143432,0.123190611,0.769830405,-0.966006324,0.227613546,-0.727738625,-0.382432409,-0.717234976,0.912242549,-0.321169917,-0.58554917,-0.104250021,-1.410587054,1.133786364,-1.196666229,0.645006805,-0.94803943,-0.534435489,0.332177312,-0.136507245,-1.193692495,0.120977927,-0.893551245,-0.915291232,-1.35751256,-0.876108942,0.925171184,-0.616371342,-0.202973345,-0.445506158,-0.73168013,-0.647218249,0.62513597,-0.834019739,0.115647424,-0.880199912,-0.872273846,-1.212677245,-0.028193734,0.228330078,0.431587592,-1.158043872,-0.163696093,-0.304489191,1.08913418,-0.811480368,-0.938536341,1.033184483,-0.501700716,0.014297305,-0.177214619,0.673403552,-0.450985623,-1.044692447,0.862721165,0.457298257,0.441218278,-0.584651584,0.246625675,-1.116572614,0.842558074,-0.899679466,1.143426304,0.682086233,-0.771973961,-0.887946259,0.711183543,0.262518099,-1.062183932,-0.187535124,-1.155500151,-0.944175935,-0.24041688,0.741318105,-0.63073592,0.876468238,1.137576559,-0.56951462,0.650552783,-0.851205485,-0.93140437,-0.893306895,-0.893062606,0.489377243,-0.852611955,-0.63073592,-0.82052611,-0.85943792,-0.157706996,-0.144794585,0.549103585,-1.236840408,0.610851938,-0.230042293,0.934876933,-0.554951682,-0.807436327,0.725856355,-1.262661801,-0.935983365,-1.220779923,1.508954374,-0.907083251,-0.09376138,-0.963644428,-0.63073592,-0.26097523,-0.389198136,-0.420375721,-0.208008664,0.463167818,-1.068277089,-0.978166136,0.00039992,0.83090712,-1.017769901,1.488850949,-0.148384006,-0.726290399,0.964928503,-0.307612708,-0.415515444,-0.226398844,-0.099709844,-0.083925235,-0.089924708,0.393122585,-0.171856507,0.630846154,0.527446725,-0.773489933,0.537720687,1.296451707,-0.851674089,-1.481484548,-0.185366187,0.185067782,0.291250697,-1.501929705,0.185233978,-0.794294363,-0.80430223,-0.66087362,0.149281703,0.829250264,-0.129880921,-0.469523744,-1.516403046,-1.177655496,-0.947523434,-0.743809095,-0.06325934,-0.593120866,0.284652488,-0.386545223,0.934327094,-0.603672174,-0.194191729,-0.244878043,0.520756152,-0.553559166,-0.136163425,-0.138457793,-0.402270217,0.461845442,-0.007024615,1.430765689,0.175129086,1.151773837,-1.399582255,0.456665065,-0.310336763,-1.214359897,-1.339792527,0.86596539,0.847626378,0.453302438,0.173617116,-1.072652187,-0.339256108,1.028297115,-1.085301275,-0.288482393,-0.971539206,0.333181113,-1.233058385,-0.136965855,0.543950874,0.313496007,0.020880478,-0.027576768,-0.965480976,0.143580728,-1.229974607,0.433728573,0.944217135,-0.350976923,0.231984356,-1.393520406,0.54927681,0.341104349,1.199271772,-0.964693471,0.09630968,-0.58842687,0.699626147,1.41373928,0.327287327,1.212060015,0.571995979,0.733569095,0.662430208,1.102803493,-0.434945413,-1.023875943,-0.421137278,-0.060812139,-0.968900682,-0.383605774,0.149109423,-1.399987688,-0.771324962,-0.067529657,-0.63111179,-0.839561199,-1.071191693,-0.919546025,-0.813508537,0.073250462,-0.082186671,0.514976995,0.890028889,0.558529484,0.045260131,-0.298271274,0.15083089,-0.453657951,-0.510159179,-0.703803761,-0.460766424,0.76714086,-0.499556032,-0.934963997,1.663982914,1.423228809,1.781305011,-0.429860265,0.542149857,1.678422784,-1.245837008,-0.117883041,0.09121088,0.291250697,-1.044692447,-0.0062193,0.559501496,0.272543054,-0.171619034,0.176554962,0.648724963,0.516588984,1.40056702,-0.702591639,-0.641124152,-0.415061002,-0.263835346,0.760992727,0.837637059,-0.89037935,1.197310661,-1.016111067,-1.116878097,-0.685972977,-1.075872802,1.362385816,1.136999321,-0.571460662,-1.150748043,0.842945546,-0.483048343,-0.315121788,-1.016387348,-1.058430499,0.097308182,-0.499226488,-0.176021444,-0.064325211,-0.029325829,-1.128865332,-0.178528759,-0.495937011,-0.240544066,-0.237876551,-0.772190388,-0.700373226,-1.055552799,-1.022762976,0.230873597,-0.587526699,0.013705647,-0.416121688,-0.466968241,-0.472887784,-0.773273225,-0.854490331,-0.578926036,-0.659519,0.054014588,-0.975775379,-0.932166081,0.499744454,-0.347290544,-1.30600553,-0.675700267,-0.436955775,0.294310059,0.972444196,-0.485645325,-0.678849876,0.244513577,0.300548938,-1.135380013,-0.514499029,-0.981095955,-1.105032856,-1.167319487,0.201225087,-1.337123317,-0.773706688,-1.281213885,-0.704814985,-0.886246611,-0.009242581,0.354382318,0.847969064,-0.290486,-0.069242903,0.906846273,-0.065498982,0.202940844,-0.665142984,-0.628671161,-1.220779923,-1.106846094,1.411328379,-0.292493629,-0.09530018,0.008761506,-1.060449828,-0.515838166,-0.261364764,-0.962596485,0.918168967,-0.347998408,-1.29974976,-0.467127769,-0.559665789,-0.18248157,-0.179724931,-0.765502843,-0.004610613,-0.400328324,0.938404412,-0.272596435,0.290727431,0.483906534,-0.342912933,-0.366436721,-0.580175702,0.183737221,-0.728981634,-1.019154367,1.126292304,0.252391626,0.663872838,0.31685245,0.932085338,-0.674129175,0.218733843,-1.072652187,-0.265529268,-0.515168373,0.932242818,-0.176498543,0.753630616,0.652116831,-0.039884934,-0.168655366,-1.256670593,1.315737768,0.401524019,-0.739610055,-0.191887162,0.181571275,-0.496265472,0.495671376,0.121420855,-0.664171072,-0.638848407,-1.080870607,-0.95581149,-0.47096409,-0.109480101,-0.195528384,0.239725311,0.053825087,0.099302201,-0.501700716,-0.656236827,-0.119234088,0.157089215,0.235546318,-1.399582255,-0.261624538,-0.041655675,0.513003251,-0.195771605,-0.860619535,-0.895263365,-1.201642189,-0.728567126,0.523188883,-0.630172381,1.814515248,0.897800843,-0.925836145,-1.337123317,-0.816897988,-0.140182031,-1.15169666,-1.24897017,-1.081755172,0.156747306,0.036235493,0.811641075,-1.113827454,-1.474470052,1.729511656,0.814700876,-0.919796871,-0.939815277,-0.857786003,0.558014507,-0.445662298,-0.707043286,-0.909315118,0.10020726,-1.218409852,-0.662036186,-1.279414999,0.252158516,-1.25842899,0.686223265,0.863649161,1.201620039,0.811241279,-1.03732906,-0.279184942,0.769274541,-0.658745754,0.450310996,1.118414916,-0.71273783,0.061095099,-1.000487891,1.402143104,-0.460924965,-0.761640177,-0.049925809,-0.464896692,-1.427950036,-0.815314815,-0.422051912,-0.056358734,0.480387035,0.035463664,0.254564696,1.357148724,-0.317866404,-1.98195192,-1.054691102,0.282393111,-0.497909398,-0.55739326,-0.701179352,0.196717437,-0.520539316,0.411712221,0.460962885,-0.79939698,0.651543631,-1.449021191,-0.186932169,-1.434644622,0.016660441,1.001256685,-0.631863952,0.01064316,-0.1030299,-0.67648674,-0.570044983,-0.952954716,0.254564696,-0.444101992,-0.967847219,-1.333322476,-0.0438474,0.6970894,0.998202461,-0.131932671,0.97240638,-0.144216851,-1.071191693,-0.174948802,-0.527971783,0.203675268,-0.218031639,0.255107227,-0.339958306,0.435282777,0.266279666,0.229920536,-0.797175251,-0.163813885,0.25727441,-0.900663476,-1.009228728,-0.185245828,0.382946797,-0.064751877,-1.551169004,0.834038919,-0.825079852,0.67935247,0.102014925,-1.127320453,0.05619128,-0.440988664,-1.418817553,-0.42617815,-1.289893867,-0.147456469,-0.437265421,-0.791642427,0.753254021,-0.932928373,-1.155500151,1.118055374,-0.005213567,-0.804749357,-1.388697246,-0.795844579,1.112350815,-1.072067733,0.160587065,-0.645881988,-1.051251717,-0.776528789,1.559406979,-0.047930534,0.314518726,0.601141535,-0.49807394,0.761179591,-0.170313938,0.048218572,-0.48240015,-0.12397718,-0.762711644,0.426247647,-0.964955904,0.75160475,0.004589452,-0.135361638,-0.621384814,-0.34418188,-0.802738857,0.345856637,-1.039023497,-0.54818141,0.349247428,-0.404066087,0.035656677,0.37411203,0.251458862,-0.998043234,-0.880923588,0.058834786,0.417591288,-0.338554403,-0.737099068,-0.621198681,-0.026960182,0.594210433,-0.127492521,-0.327393573,0.673556531,-0.573587946,-0.022143365,-0.510492346,0.140978593,-0.447694342,0.472064005,1.448259261,-0.698762919,-0.570044983,0.163563384,0.158711691,-0.602940913,-1.092729626,-0.914292729,0.73169459,-1.122392817,1.377808457,-1.0744076,-1.122085645,0.248187322,0.149626174,0.193673545,-0.864172778,-0.30652516,0.45767798,-0.818256992,0.790455363,0.071483102,-0.36672528,-0.003606496,-0.794737036,-0.027268427,0.406864129,0.116181754,0.467625804,0.227135573,1.046476534,1.060010051,-0.346159002,0.11064652,-1.175385347,0.146003294,-0.301105093,-1.294627173,0.964928503,-0.141218002,-0.62960916,-0.236228791,-0.122958907,-0.938791997,-0.825993094,-0.854960477,1.708414092,0.147039743,-0.974979728,-0.893062606,0.833343811,-0.410075721,-0.436336772,-0.633746837,-1.274752986,-0.538196821,-0.460132509,-0.786359562,-0.958676448,-0.02306394,-1.019985968,-0.5730557,0.030141157,0.097035963,-0.268010173,0.126103877,-0.913295223,0.572673027,-0.881647788,-1.247228313,-0.513328754,0.007472015,0.982415494,-0.110261394,-1.140998005,-1.016111067,-0.377023434,-1.627092848,-0.964168812,-0.648556297,-0.571814895,0.470690893,-1.097213268,-0.649896139,-1.04497674,-0.070851741,-0.023985363,-0.493149439,0.161693589,-0.16629074,-0.681613945,-0.943661929,0.848611283,-0.328226328,-1.133825044,0.1780625,-1.371997056,-0.892086043,0.775832547,0.173701175,-0.535972506,-0.380674939,0.180570024,-0.151404454,0.90737107,-0.890135774,-0.201626708,0.973238012,-0.767224384,-0.32628431,-1.552585101,0.412308307,0.981441566,0.460205787,0.168645126,0.213820224,-0.180084062,-0.320480784,0.366377719,-1.49923912,0.464299894,-0.085122253,0.908460153,-0.353679435,-0.591854929,-0.750564451,-0.110038105,0.053066721,-0.570752572,-0.802738857,0.129272336,-0.84304027,-0.191160505,0.365198515,-0.753109522,-1.660731207,-0.525431776,0.182654835,-0.787897517,-0.953214086,-0.736263472,-0.286615974,-0.410075721,0.073250462,-0.815766894,-0.370918764,0.056285811,-1.355183366,-0.948813924,0.701264149,0.365684238,-0.187535124,0.461593362,0.671412688,0.077886539,0.443980444,-0.752260445,-1.288079314,-0.183322057,-1.633730605,-1.222815892,-0.429245637,-0.596383512,-0.513495852,-0.962596485,-0.316630394,1.338573625,-0.58250066,0.555148682,-0.54283242,0.696192539,0.356484926,-0.309655053,-1.26940061,-0.909811766,0.073343394,-0.11867093,1.215239101,-0.851908473,-1.159636991,1.155339128,-1.051251717,-0.963906586,0.906725127,0.202859208,0.829861004,-0.660292844,-0.708666992,0.658296903,-0.706637771,-1.265848208,-0.599110539,-0.044892769,-0.707854809,0.72711373,-0.049715592,-0.405265128,0.557041048,-0.771757581,-0.785920581,1.173472359,-0.870600606,-1.488548595,0.028198654,-0.934454703,0.205549683,-0.626236475,-1.495216768,-0.506335718,0.054582878,0.118760336,-0.07278577,0.956703042,0.445262578,0.172944395,-0.810130536,-0.782634347,-0.511325749,-0.449730524,-0.047825629,-1.236151703,1.203602736,-0.032110054,0.136626598,-0.954511945,-1.204639693,-0.365427421,0.373010785,-1.231686643,-0.260845418,-1.599982754,-0.731056754,-0.89037935,0.369561554,0.084708728,0.510545585,0.15083089,-0.502857454,-0.263835346,-1.615455985,-0.801623657,0.317143783,-1.432966769,-1.087375657,-0.386250889,-0.247692424,-0.035419945,0.202369252,0.390013004,-1.001304106,-0.976837232,-1.181233317,0.197045952,-0.703803761,0.537545448,-1.160594081,-0.108253585,-1.367276355,-0.95217701,0.070458464,0.098577563,-0.457442847,0.605026097,-0.872034641,-0.215051381,-0.181521877,0.47218874,-0.116646182,-0.160403521,-0.936748574,-0.221894332,-1.241674672,0.1167158,-0.401971219,-0.449260268,-0.414758155,-1.232372279,-0.716006475,-0.598564538,-1.019708691,-0.802515718,-1.420057991,1.381080794,-1.250016743,-1.141311043,0.342951203,-0.095960391,-0.001300846,-0.100704704,-0.117883041,-0.340660997,-1.076459484,-0.798729943,-0.014707629,0.609548157,-0.771973961,-0.860856025,-0.522055106,-0.127038233,0.0798273,0.799037556,-1.044692447,1.535705254,1.603117984,-0.173163619,-0.080993159,-0.961288098,1.440900911,-0.266181541,-0.2026059,-0.145719654,-0.756299996,-0.316218731,-1.057566319,-0.269973139,-0.690550555,-0.769380487,-0.822572728,-0.54697107,-0.642454066,-0.339115728,0.103819329,-0.234078116,-0.592578126,-0.713349888,-0.607703699,0.487106537,-0.383312303,0.289904601,0.045260131,-0.552689828,0.059117604,0.300622977,0.120534802,0.148592404,0.003493889,-0.794515675,-0.400179104,-0.262664309,-0.810805224,-0.434018916,-0.808109199,-0.011263192,0.530922325,-0.040613683,-0.789217649,-0.404815319,-0.587526699,-0.725463782,-0.418702335,-0.141448364,-0.381406843,0.265052954,0.355504259,-0.199915425,0.693197179,-0.156186083,-0.479650006,-0.528141346,1.318416939,-0.328365188,0.552850095,-1.326894018,0.389809868,0.360467742,-1.118406916,-0.117658043,-1.121471583,0.390960422,-0.897959775,-0.731472295,-0.322273517,-0.188621359,-0.037390389,-0.410226425,-0.406015259,1.262345481,0.311593892,0.124250962,-0.934454703,-0.122732765,-0.329198753,0.618800718,1.003678705,-0.447225042,-0.513328754,0.390689823,0.065787741,-0.434482057,-0.128174339,-0.515503213,-0.880441079,-0.619153501,-0.38890302,-0.357389485,-0.657008134,-0.855195633,-0.4547604,-0.543348815,0.305055281,-0.169958298,0.133218844,-0.187173308,-1.266202881,0.642432666,-1.027222293,-0.883339632,-1.091835304,-0.725670372,-0.83034242,-0.846065287,-1.097512893,-0.949072221,-0.405565113,-0.550433078,-0.722370039,0.327287327,-0.201749054,-0.590771114,-0.200281882,1.050926514,-0.793409602,-1.107451237,-0.316218731,-0.785920581,-0.971010944,-0.771757581,0.392987587,-1.000487891,0.257738196,-0.574653287,-0.178170186,0.01202738,-1.132582808,-0.436182081,-2.270117903,0.344652969,-0.905103542,-0.915291232,-0.519698202,0.392514949,0.153579088,-0.708463885,0.799172475,-0.227402608,-0.604587004,-1.064500759,-0.48191428,-1.072652187,-0.774357236,-1.293168383,-1.023041102,0.045068963,-1.049536451,-0.158878505,-0.75608698,0.137498513,-0.774574179,-1.232372279,-0.404215889,-0.005314095,1.096910842,0.735008635,-0.205549243,-0.317728994,0.349599975,-2.026469657,-0.46808547,-1.028619917,0.3074847,0.172439557,-2.058854908,-0.495608658,0.279372645,-0.548700576,-0.895018597,-0.828966904,0.408261195,0.299882346,0.249279025,0.424352284,-0.768301854,-0.805196684,-0.322549608,-1.060449828,-0.135705182,1.171366965,-1.203972804,-0.642834367,-0.162754251,-0.758432647,-0.544210068,-0.068492996,-0.755448207,0.200325181,0.429311835,0.459511277,-0.999672341,-0.696753676,-0.810130536,-0.222893583,-0.280507869,-1.02443289,-0.126697653,0.322228416,0.316998127,-0.885034342,0.029558802,0.976595302,-0.595657559,0.183154543,-0.88673193,-0.818937187,-0.417335281,0.945072533,-0.878513368,0.459005875,-0.848398466,0.703345006,-0.45870767,-0.455075609,-0.772623382,-0.579282924,-0.823939471,-0.288215548,-0.205794913,-1.14790758,-0.117545564,0.176722578,-0.742757681,0.0303352,-0.21121498,-0.834941186,-1.128865332,0.005087039,0.32627759,-1.353246507,-1.217058044,-0.720312849,-0.310882466,-0.083599024,-0.56528181,-0.393635356,-0.116646182,-0.606235809,-0.441610555,0.106429944,-0.228030473,-0.202116184,-1.076752954,-0.499061757,-1.247228313,-0.309655053,-0.504512262,1.140233963,-0.789217649,-0.682602967,-1.201642189,-0.518185978,-0.420832585,-0.611382879,-1.491210531,-0.776094101,-0.341927087,-0.701179352,0.133043774,-0.566162169,-0.624367665,-0.656044093,0.875885317,-0.406015259,0.770524802,-1.147277461,-0.764858028,-0.09145761,-0.903621329,-0.51617323,-1.208315554,-0.878994947,-0.528480559,-1.098412309,-0.623061573,0.435541576,-0.280772664,-1.35208619,-0.956071602,-0.423883694,-0.679836167,0.708085053,-1.411817318,-0.375129908,0.788911803,-1.410996974,0.141933496,-0.889648801,-0.053189829,-0.438349935,-0.928869514,-1.013352445,-0.757365753,0.120446153,-0.524079739,-0.672168774,-0.608806032,-0.39734814,-0.950623411,0.261440761,-1.027781108,-0.376149054,-1.966112856,-0.706435075,-0.392894451,-0.132960127,-1.442229993,-1.156135475,0.114131934,-1.0820502,0.475364235,-1.194022473,-1.100514096,-0.54697107,0.4717521,0.031401763,-0.283291724,0.424221437,-0.293834292,-1.165714092,-0.33086797,-0.4167283,0.758232427,-0.745282935,-0.562820919,-0.029325829,-1.580850456,0.570583988,-0.939815277,-1.463607464,-0.062833309,-0.039884934,-1.370027389,-0.942891414,-0.946234608,-0.496758367,-1.153596597,0.395616772,-0.24679608,-0.736681183,-1.011151013,-0.271677498,-1.336361992,-0.192129498,0.326998935,-0.398539148,-0.154434053,-0.712126147,-1.285906187,-0.372223774,-0.672756491,-1.378326191,-0.265268478,0.773066804,-0.749505914,-0.640364995,-0.782196997,0.977009467,-0.07063708,0.639535411,-0.076017486,-0.322549608,1.371586732,-0.088831214,-1.658103084,-0.484670666,0.05704174,-0.85566611,-0.45082865,0.245296356,-0.525770071,-1.399176987,-0.814862939,-1.061605563,-1.093923299,0.629301753,1.030690272,-1.392714929,-0.388165611,-0.60495317,-1.016663706,-0.805868051,-0.59402609,-0.250129416,-0.444725822,-0.482886255,-0.096070469,-0.392006088,-1.055265484,-0.116758561,-0.342349474,-1.061894706,0.016266972,-0.687761708,-1.055840197,-0.611751542,-0.427097408,-0.585369588,0.357604512,-0.547143886,-0.95503156,0.285028555,-0.596383512,-1.313043899,-0.611382879,0.011829752,0.297360089,-0.451613764,-0.985372893,-1.395536942,-0.37775267,-0.51902582,0.357464632,-0.979496808,-0.407968238,-1.410587054,1.214140933,-1.371997056,-0.280375497,-0.902141309,0.559272872,0.642169626,0.235862324,-0.201626708,-0.570752572,-0.353821875,0.650657129,-0.621943422,-0.759714425,-1.345536369,0.345077958,-0.663006024,-0.902634405,-1.145075163,-0.094860281,-0.007326775,-0.855430844,-0.229413164,-0.130678324,0.435153352,-0.636955901,0.101201881,-0.820980552,0.450183502,-0.137424676,-0.46203546,-0.840487768,-1.069733329,-0.036560255,-0.981095955,-1.039023497,0.336472237,1.010836984,-0.646836278,-1.323131786,-0.022961612,0.4010554,-1.030019497,-0.283026261,0.314007498,-0.701380985,-1.07089985,-0.245133569,-0.64226397,-0.506335718,-0.641124152,-0.104694071,0.273988745,-0.31429987,-0.703197516,0.242240047,0.05600219,0.537487029,-0.235848924,-0.331982331,-1.053830146,-1.237529588,-0.560716393,-0.361687486,-0.939303506,0.190950883,-0.082621029,0.460647497,-0.006923915,-0.196866828,-0.225270812,-0.861802547,0.803301189,0.634511205,0.035849653,-0.543521007,-1.286630038,-0.294236841,0.195977883,-0.471925475,-0.225270812,-0.213812224,-1.178955041,0.019900662,-0.772839949,-0.454917992,0.369768843,-0.282230294,-0.325037859,0.591778686,-1.271181554,-0.501865882,-0.997500787,-1.207311706,-1.884532869,-1.383498274,-0.298540816,-0.964168812,-0.526108481,-0.471925475,0.399782325,-0.204689873,-0.71396232,-1.319383656,-0.708463885,-0.463306108,-0.280640258,-0.162518929,-0.061981792,0.300919075,-0.662617976,-0.943148186,-0.59402609,-0.022143365,0.335042644,-0.987786734,-0.01501212,0.839107266,0.672383091,0.177978807,-1.270468796,-0.098164249,0.75396002,-0.547835449,-0.252958636,-1.320132159,0.176135798,-0.815088851,-0.293968457,1.364202115,0.077053629,-0.06049338,1.44505843,1.612134274,-0.687761708,1.290911679,1.69037253,-0.107696575,0.306307537,-0.265920581,-0.99912901,-0.817350784,-1.126703169,-1.09243143,0.53098113,-1.05987246,-0.479488468,-0.63714499,-0.703197516,-0.699769057,-0.602940913,0.321793602,-0.895998029,-0.165582441,-0.786579125,-0.433864583,-0.74865989,0.130150684,-0.559315833,-1.560647748,-0.978964326,1.509661775,0.795116954,1.435251178,-0.819617845,-0.034280934,-0.565809932,0.320995951,-1.006762635,0.185233978,-0.662230078,0.648045207,-0.655273528,-0.549220012,0.183654002,-0.267748735,-0.374984401,0.93691655,-0.073861849,0.041525747,-0.492985706,-1.274037679,-1.560171671,-0.972861083,-0.201993793,0.514199924,0.346493286,-1.004575647,-0.435254437,1.611395994,-0.339256108,0.554574531,-0.732719956,-1.282294771,-1.172474137,-1.548342813,0.953432362,-0.303946965,-0.400328324,-0.547489608,0.94008538,0.0428679,-0.246156326,1.1076381,1.435060715,-0.487597498,-0.35982275,-0.094750337,-1.304898723,-1.171182982,0.554976472,-0.030871664,0.112882157,-0.806987997,0.264439034,-0.830801346,-1.142877705,-0.87562875,-0.47320876,-0.504843552,-1.136937403,1.220062665,0.350656872,-0.875388741,-0.449103565,-0.417638909,-0.867976872,-0.464260155,-0.702187925,-0.39705061,-1.641444709,-0.198694871,-1.595535007,0.087186362,-0.594750859,-1.343234872,-0.091019398,-0.042281392,-1.209320411,-0.719696516,0.839625647,-1.559220196,1.262147368,0.799487216,-0.788777412,-0.033143219,-0.668844888,-0.334354481,-0.693347201,-0.708260818,-0.067422676,-0.486783629,-0.511992972,-0.47096409,0.110288354,1.150002245,-0.321032052,-0.387576075,-0.477713272,-1.117795108,-0.233193887,-0.085884739,-1.021095846,-0.072355662,-0.322825775,-0.285151943,-1.287354413,-0.084686808,-0.920800887,-0.082186671,-1.038740892,-1.202640359,0.121952111,-0.911551978,-0.328087487,0.616266136,-0.033246594,-0.073108472,0.398641883,0.164327293,-1.177980224,-0.189708775,-1.648698626,-0.712941808,-0.910805802,-1.037611267,-0.922560345,-1.318635713,-1.108965701,0.17479329,-0.996687669,-0.770028225,-1.28916765,-0.650662569,-0.567043304,-0.516340804,0.247406803,-0.591674212,-0.846997905,-1.250715067,-0.573233084,-0.697958738,-0.163342798,-0.267618041,0.623529114,-0.111490376,-1.133203733,1.00730077,-0.957112726,-0.234457311,-0.576965426,-1.11078609,-0.058052931,-1.392312433,-1.088859997,0.222423292,-0.651621434,-0.62511477,-0.188017749,-0.198694871,-0.265790126,-0.352398387,-1.316768298,-1.15518264,-1.09302791,-1.484127721,-0.919546025,0.318017272,-1.419644341,0.249980205,-0.693747361,-0.525770071,-1.080281332,-0.394228476,-1.371208724,-0.540941248,-0.856372242,0.495244872,-0.758219177,1.558797037,-0.919796871,0.494696242,0.056474847,-0.182961762,-0.194434625,-0.629046255,-0.992362169,-0.531028331,0.520993753,0.053161548,-1.098712294,-0.587346762,-0.517682411,-0.928363313,1.117891903,0.305571105,0.564461173,-0.746969987,0.460205787,0.557270182,0.984659409,-0.507996297,0.184984674,1.417138744,-0.621384814,0.021467907,-1.228607085,-0.542144307,-0.338414121,-0.842807955,1.549008272,-0.983499482,0.739171619,-0.355532739,-0.616371342,0.648724963,-0.385662481,-1.052396865,-0.642454066,0.049742092,-0.065071997,-1.107451237,0.411977192,0.054488185,0.361443556,-0.197719499,-0.610093625,-1.322005871,0.926755782,-1.415929166,-1.11078609,-0.179844627,-1.132893223,-0.856372242,0.224742273,-0.002002003,-0.430936774,-0.902881045,0.592553065,-0.400776119,-0.104694071,0.559844333,0.174205376,1.265566368,-0.938536341,-1.6321949,0.072320662,0.218331994,-0.436646226,-0.049925809,-0.30069977,0.097671027,-0.90017135,-1.120244589,-1.136002678,0.849637977,-0.56528181,-0.686370196,-0.719491156,-1.596521687,-1.381107834,-0.234963128,-0.726290399,0.235230212,0.05902334,0.058268908,-0.503519049,-1.192044233,-0.568984538,-1.25211318,-0.730849048,-0.908322562,0.942075431,0.442054156,0.830209831,-1.135380013,-0.179485582,-0.402718882,-0.419919065,-1.302688777,1.267032107,-0.169247397,-0.334913452,-0.591132255,-0.089049817,-0.30924625,-0.888675565,0.284050486,-0.157941188,-0.197475805,-1.188427593,-0.386103755,0.050122609,-0.314573768,-0.239908298,-0.06049338,0.003693172,-0.713145827,-0.446912298,-0.214679473,1.580565075,-0.026138658,0.126192025,0.483536644,-0.658745754,0.03411153,-0.935218742,-0.848632083,-0.510159179,-0.3137523,-0.779576909,-0.918042265,-0.314710745,-1.087672349,0.325916723,0.374868434,-0.01349059,0.411248353,-0.126470664,-0.987786734,0.403195869,-0.1062498,-0.179724931,0.570866546,-0.676290063,0.223143551,1.698400717,-0.716006475,0.439673279,0.799262411,-1.505077897,-1.144446825,0.24247548,-0.695149183,-0.727324632,-1.20330636,0.437028373,0.455714525,-0.550086338,-0.526785643,-0.041864204,-0.175306222,0.189048878,-0.623061573,-0.771973961,-0.936493439,-0.762926075,-0.920047781,-1.166355941,0.108944087,-0.139606954,-0.626423549,-1.449021191,0.956088202,-0.511826124,-0.287015628,0.826891051,-1.329536027,0.397432936,-0.174234347,0.145744014,-0.2646168,-1.205974807,-0.611382879,-0.555474375,-1.229290612,0.890069952,-0.775876828,-0.590410103,0.853436125,0.570697021,0.215192022,-1.449873343,0.068219239,0.161523434,0.474493535,0.971498355,-1.296819355,-0.101036544,0.05552931,0.119914097,0.06241126,-0.175544573,-0.219400565,1.546434213,0.333037774,-0.750564451,-0.469203949,0.393055088,0.100930719,-1.264784944,-0.218031639,-0.421137278,-0.995063413,0.574757711,0.231508468,0.488764047,0.198604927,-0.622502341,-0.577677931,0.16627686,0.81920698,0.670850446,-0.563699113,-0.339256108,-1.340938659,0.592387177,-1.089454351,-1.099913134,-0.506169812,0.418118054,-1.233401615,-0.737517128,-0.815993011,-0.389788629,-0.068707198,-0.445818462,-0.941352162,-0.733760863,-0.131134268,-0.859201765,-1.156453288,-0.801177925,-0.902881045,-0.962858368,-1.097213268,-1.044124103,-1.306374738,-1.046969056,-1.537582475,-1.231001477,-1.399582255,-1.242020872,-1.095716486,-1.152329571,-1.120551196,-0.149544637,-1.221118963,-0.779140894,-0.5642264,-0.76378426,-0.395861372,-0.781104459,-0.876108942,-0.486295626,-1.283376827,-0.072140678,-0.186932169,-0.563347743,0.612641866,-0.636010989,1.142246326,-1.410996974,-1.235463471,0.157089215,-1.326517157,-1.039588948,-0.517179098,0.812528938,-0.484995447,-1.068568167,-0.288215548,-1.405681075,-0.942891414,-1.629130546,-1.010876174,-0.827822084,-0.660486398,-0.347007539,-1.783196239,-1.283016012,0.510725619,-1.384296358,-1.322005871,-1.309703759,0.424875502,-0.420680274,-1.04611472,-0.180203801,0.320415442,-0.452871231,-0.938025224,-0.018571386,-0.420680274,-0.683394889,-0.919295241,-0.572523738,-0.406165353,-0.643024571,-0.468884256,-0.783509621,-1.341320995,-0.925079238,-0.884065585,-1.231686643,-1.017769901,-0.892818376,-0.944947441,-1.356347285,-1.501929705,-1.237529588,-0.924574951,-1.179280192,-1.09243143,-0.432784919,-1.666008264,1.391505758,-1.815232825,-1.24098263,-0.742757681,-0.092663685,-1.363750397,-0.133074354,-0.907083251,-0.993441791,-0.681811671,-1.069150579,-0.747181069,-0.26683424,-1.388697246,-0.07278577,-1.22894879,-0.338975367,-1.684161459,-1.136937403,-1.691190414,-1.131342113,-0.906092907,-0.294236841,-1.354795694,-1.646101897,0.396760667,-0.689155159,-0.966269102,-0.890135774,-1.140685065,-1.14538948,-1.160913315,-1.234775713,-0.847231196,-0.657201054,-0.236988958,-0.499226488,-0.822345119,-0.934200152,-0.217037233,0.601579987,-0.990744918,-1.560647748,-0.012781334,-1.192373668,-1.605944023,0.183986836,-0.498403104,-1.061605563,-1.515037237,-1.092729626,-1.519597208,-0.718670138,-0.844900736,-0.815314815,-1.555897146,-0.911800827,-1.097812608,0.9345235,-1.413460029,-0.366148246,-0.242071561,0.01350835,-0.240671268,-1.250016743,-0.958937307,-1.00103196,-1.582309245,-1.290620611,-0.337432698,0.492498707,-0.297059234,-0.708870141,-0.755661086,-0.953992599,-0.323792959,-0.02644665,-1.512311202,-0.991014278,-0.391710143,-1.010052112,-0.265920581,-0.849800991,-0.575364145,-0.821435201,0.278086179,-1.884532869,-0.788997506,-0.379651173,-0.603672174,-0.858257701,-1.381505844,-1.513219055,-1.297185186,-0.63111179,-0.896978421,0.07064484,-0.579997083,-0.99398204,-1.725410089,-1.357123984,-0.425871918,-0.203218383,-0.106583485,-1.544118446,-0.989668202,-1.339792527,-0.588607001,-1.424619475,-1.921412677,-1.339792527,-1.027222293,-0.681021001,-1.582795981,-0.278524135,-0.796287939,-1.279774518,-0.814411268,-1.31378767,-1.606941032,-0.430321484,-0.122732765,-1.255968099,-0.68319685,-0.687761708,-1.857899272,-1.434644622,-0.462670582,-0.69254736,-0.363268059,-0.612858349,-1.213349966,-0.451456692,-0.223268559,-1.068568167,-1.268333563,0.225460864,-0.347432077,-0.521212717,-0.771324962,-0.156069186,0.331316109,-0.697556889,0.443595483,0.309174448,-0.174829691,-1.320132159,-1.191714907,-1.383498274,-1.161232651,-1.424203934,0.102737077,-0.812832024,-0.859674131,-1.532014015,-1.147277461,-0.028193734,-0.390822831,-0.548354436,-1.195674002,-0.405865188,-0.572701027,0.713439884,0.292818857,-1.529702944,-1.247228313,-0.620826519,-0.641314032,-2.129472475,-1.625567294,-1.485010334,-1.102018082,-0.336312249,-1.547872557,-1.245837008,-1.035919219,-0.770676383,-1.284821392,0.068779515,-0.475941222,-1.235119533,-1.689022392,-0.744651023,0.774496726,-1.170538028,-0.323792959,0.22050006,-0.858257701,-0.671777155,-1.226559303,-1.459295254,-0.925331477,-2.682382454,0.607534824,-0.36658099,-0.95998142,0.530745891,-0.207762449,-0.440211844,-1.218409852,0.259745454,-1.994365369,-1.882559834,-0.259418607,0.070085608,-1.127629238,-0.650854268,-0.495280412,-0.275226631,-1.565421027,0.317726194,-0.237496058,0.335900645,-1.458005209,-1.839480205,0.946160165,-0.33673227,-0.553385238,-1.64092858,-0.717644812,-1.374761125,-0.462829425,0.257815473,-0.88140633,-1.504177402,-0.980029573,0.1194705,-1.578908707,-1.81954185,-0.462511763,-0.382872259,-0.835171681,"RMS"
"26",1.026256627,-2.640858952,-0.05013607,-1.033386504,-2.001000115,1.632236049,1.510169911,0.680365846,-0.201137471,0.767512263,1.86179846,-0.527124397,2.073574363,0.964623649,-0.217285742,-2.20909475,0.09803374,1.105223718,-0.822345119,0.488273219,0.777809968,1.793108559,-0.858729621,1.61571815,2.013929213,2.365240592,0.132255579,0.244983318,-1.873403458,-0.428938464,-0.422814746,-0.02706292,-1.951224244,1.265086718,1.407958001,-0.22614806,-1.014730805,-1.255266099,-1.228607085,-1.17409043,-1.763755273,1.248008828,-0.690949597,-0.288615842,-0.586807145,0.669417854,2.318438757,0.124692444,0.702602339,-1.694995801,1.561654242,-0.895753081,0.352064331,0.236336145,1.068324888,0.364087404,1.288957128,-0.963644428,1.433750302,2.169476468,1.287385213,1.603460081,-0.19431317,0.054204054,1.093867718,-1.124237836,-2.62554898,-0.173401459,-0.991014278,0.121155122,-1.523260216,-1.098412309,-0.354819523,-1.293168383,-1.381107834,-0.606786015,1.128882812,-1.46015621,-0.685575915,-2.544656654,-0.15280159,-0.784823969,0.051928093,0.862003486,-2.292634762,-1.430455257,-1.596521687,1.124215056,-1.949817774,-4.710530702,-1.717023123,0.217527813,-1.350155315,0.67187247,-3.47054746,-0.714779481,-0.375129908,-1.382700826,0.041909403,-1.263722809,1.174152568,-0.645309851,-0.834710745,0.044016885,-0.136621878,-1.169249368,-0.224895084,-1.159636991,-1.752731082,-1.773134005,-1.213686497,1.241384189,-1.767261998,-0.180203801,-1.505979204,-1.117489344,-1.065080806,0.466811038,-2.008424054,0.392650011,-0.691149178,-0.418398384,-0.662036186,-0.208131794,-0.15431736,0.061941402,-1.266202881,-0.423120043,-0.83632495,0.206200831,-1.702101597,-1.872102222,1.215268764,-0.505009238,0.732223653,0.114042716,-0.260196616,-1.204639693,-2.082646673,0.891383096,1.931970586,-0.490532921,-0.567572358,-0.538196821,-1.679860377,0.664490471,-1.139434283,2.000831141,-1.795165262,-2.129472475,-0.490696253,-0.096731189,-0.52306691,-1.807279281,-1.111393623,-2.123602438,-1.957577954,-0.437730069,0.541102615,-0.846065287,0.27140024,1.006021741,-1.283016012,0.540869745,-2.03408584,-0.880682304,-1.547402522,-0.727738625,-2.136223556,-1.213349966,-1.615455985,-2.472187877,-1.321255965,-1.450299691,-1.105636904,1.155842922,-3.649658741,0.630846154,0.650552783,0.261286761,-0.192856859,-1.5847453,1.423349269,-3.31869616,-0.603123678,-0.19650162,2.424643421,-1.415105443,-0.797619202,-1.630150954,-0.988592644,-0.179126666,-0.757579041,-1.173120341,-0.87562875,-0.426331301,-2.808423175,-1.714243027,-0.787018396,-0.877070019,-1.562554327,1.904582074,-0.706029806,-0.241562137,0.776384779,0.098305689,0.215917506,-0.378628454,-0.430475271,-1.366883968,-0.415061002,0.498226588,-0.742967876,0.628928608,0.591059083,-1.376740148,0.975238655,1.06481418,-1.573105983,-3.346709196,-0.030253043,-0.148152041,0.158028864,-1.26513924,-1.50733269,-1.319009614,-1.025268894,-2.462753845,-0.562820919,-2.082646673,-1.136937403,-2.086667587,-1.356347285,-4.51899249,-1.788564578,0.221382001,-0.195649987,-2.143020523,0.319689331,-0.916790857,1.285423751,-1.446044366,-0.803855303,-1.667596827,0.369907013,-0.714575128,-1.181885208,-0.298001805,-0.560190953,-0.2424538,-0.13995196,1.128785789,-1.284098849,1.602956956,-2.869981068,-0.164992575,0.140283545,-1.290984181,-1.723727059,0.43857746,1.380578054,0.194167779,-0.320618573,-1.031140574,-2.336141877,0.930509169,-0.990744918,-0.57963994,-1.160274949,0.372184054,-1.395536943,-1.475781528,0.075571187,-0.556869562,-0.463306108,-2.813410717,-0.695349604,-1.161871628,-1.143191332,-1.414693836,1.112778144,0.139501039,-1.139746832,-1.877317358,-0.385662481,0.712655647,0.312033163,-1.150748043,0.173533051,-1.322005871,0.505913579,1.910327382,-0.053295297,1.85818683,0.278767455,1.432581395,1.284538452,0.965614087,-0.234710188,-2.333044301,0.545806593,0.624011442,-0.787897517,0.608786832,-3.63818634,0.075107473,-1.051537881,-1.956869989,-1.633730605,-0.50766396,-1.625059293,-0.78987837,-0.21121498,0.097671027,-3.244193633,1.58350453,-0.21741002,0.40165787,-0.919295241,-0.432784919,-0.17757285,-1.849600469,0.770339676,-0.577499757,-2.012905018,-1.637323116,-0.38580955,-2.02798826,1.526208466,1.027331087,2.1825395,0.933305162,0.054961558,1.208840936,-1.576003136,-0.752472647,0.128217298,-0.184043038,-1.022762976,-0.533582611,1.154614479,0.058740495,0.064100925,-0.326977455,0.08204071,0.512404377,1.571798349,-2.200931439,-1.348998576,-3.63818634,-1.222476276,-0.593301846,1.012291582,-2.164563795,0.624975401,-0.368024825,-1.171505614,-3.608221551,-2.898605563,2.060182267,0.966717651,-1.128556165,-2.599644327,1.54541126,-1.168605661,-0.307204739,-1.025826619,-0.289684075,0.00249688,0.051263294,-1.637323116,0.356134798,-2.019664338,-0.100594115,-4.261580482,0.602839468,-1.693907069,-2.252843001,-0.811030221,-1.989966535,1.195164122,-2.578338595,-0.834710745,0.022152805,-1.984858899,-1.69936262,-1.329536027,-1.523719037,-0.091128933,-0.986713196,-0.853081219,-1.911218909,-1.915283956,-1.667596827,-1.313043899,0.46115207,0.460458216,-0.797841252,-0.823255866,0.259436907,-1.194682757,0.291848381,-2.229334631,-1.243406874,-0.85566611,0.918807562,-2.283763339,-0.876108942,-2.884190899,-3.044922518,-1.30600553,-0.456179623,-2.003963081,-1.532476871,-1.918003196,-0.925079238,-1.233058385,-0.37353049,-0.14792013,1.104130369,-0.445506158,0.000499875,1.247319609,-0.029016949,-0.058264908,-0.79939698,-0.47997316,-2.114447151,-1.218071729,0.536493371,-0.716620537,-0.793188535,-0.81712436,-0.809007067,-0.108476476,-1.088265997,-1.903138057,0.560301267,-0.577143505,-1.776673832,-0.469363834,-0.885761527,-0.951141009,0.358233728,-0.48191428,-0.017247893,-0.116533816,2.019837493,-0.283158984,-0.300024596,0.997501987,-0.119797564,-1.330292171,-1.57358826,0.067938983,-0.256441837,-0.979763155,1.580667999,-1.157407335,0.515932561,0.197866768,1.010618611,-0.825308084,-0.759286983,-1.689022392,-0.523235644,-0.433710274,-0.600203435,0.003194891,0.26297946,0.504103078,-3.448288989,0.849937231,-2.434974281,1.315308433,-0.113504701,-1.246184653,-0.90017135,0.454953441,-1.257373581,0.695943268,0.121509417,-0.529668712,-0.998857456,-1.597509342,-1.470110847,-0.217782945,-0.200770701,-0.882372514,0.046883586,-0.276148837,0.169151883,-0.750564451,-0.569161201,0.517006483,-1.049822125,0.428400079,-1.396748819,-0.776746204,-0.523742016,0.764304375,-0.529668712,-1.325387426,0.200570691,-2.072267338,-2.697110261,0.914569251,-3.432688049,2.527039784,0.458879485,-1.37436579,-1.277619345,-0.618225254,-0.607336524,-0.984569573,-1.706499625,-1.160274949,-0.348990261,-0.151637175,1.599650168,-1.004575647,-4.976233867,1.873247286,0.889577078,-2.609110253,-1.694995801,-1.454573202,0.926676611,-0.459815703,-0.116421463,-1.222136775,0.744220451,-1.026943002,0.30276771,-1.182863841,1.049176916,-2.474560358,0.754618503,0.980541712,1.247290881,0.839582459,1.183535376,-1.338266392,1.849808227,0.742556201,0.360119006,0.716033284,-1.92004749,-0.00080032,-2.259525604,2.127850681,-0.622129693,-0.265268478,1.880868644,-0.778922958,-1.254915283,-1.305267523,-0.697757793,-0.40167231,-1.744112816,-0.099378444,-0.715188311,1.076230338,-0.632240246,-3.700952035,-0.864647499,0.429897524,-1.443076375,-0.932166081,-0.179007056,0.672485184,-0.335193055,-0.953473523,1.698107913,-0.40977438,0.700867304,-0.670016763,-0.13995196,-1.711470638,-0.210227326,0.611340418,-0.714779481,-1.090941782,0.191529038,-1.129483952,-1.271894821,-1.050965635,0.770663623,-0.68121861,-0.099709844,-1.727658544,-0.79142175,1.67030721,0.762066716,0.30417039,1.532556868,-0.194191729,-1.806670082,-1.899121988,-0.458075058,0.381104107,-0.017553159,0.430482871,-0.110038105,0.611014791,-0.708260818,-1.207311706,-0.473369287,-0.190555362,-0.820753305,-1.887169654,-0.342490309,-0.303134177,0.497679592,-0.032316602,-1.481044698,0.85929701,-1.71981097,0.986861025,0.056380333,-0.999944117,-1.301585633,-0.88673193,-3.445149269,-0.744861616,-1.422128814,-0.965218406,-1.255266099,-2.121931593,0.103188158,-0.623621118,-3.369698715,-1.170538028,-1.713133149,-3.571985703,-1.32915817,-0.702591639,1.105289943,-0.581784713,-1.518227032,-1.322005871,-0.977634362,0.252080801,0.127953364,-0.001801622,-0.131704491,0.610471844,-2.124438908,0.88376754,-1.781413177,0.817044817,0.153321765,-3.473768075,-1.07382212,-0.341645595,-1.703748592,-0.578390943,-0.773056564,-0.06240746,-0.370194494,-0.353537015,-0.166763218,-0.201749055,-1.240636789,-0.769812266,-0.933691247,0.528626248,-0.137539414,0.573180513,-2.274969926,-1.046969056,-2.718100537,-1.795165262,-0.018877056,-0.370194494,-0.819617845,-0.519361955,0.031207927,-1.044692447,-0.752897185,-0.393783603,-1.596521687,-1.064210862,-0.26683424,-0.122167634,-0.16028613,-1.433805344,0.47778577,1.595420121,-1.193362625,-0.784823969,-0.360826407,-1.177330873,-1.267622831,-1.677716753,-1.174414002,0.047551302,-1.219424909,0.882361594,-0.829883704,-0.498732376,0.275052656,-0.254118356,-0.040821995,-1.058718725,-0.379212737,-1.181233317,-1.208315554,0.684207339,-0.833099141,-0.667869373,-0.264486515,-1.633730605,-1.358679194,-0.279449388,-0.017146159,-0.059856167,0.86630185,1.274440588,-0.379066634,0.388251127,0.717107818,-1.504627548,0.05845757,0.53467886,-2.480516302,1.003165433,-1.406497068,-1.11078609,-2.24243117,-1.319757837,-0.803185286,-3.259697819,-0.375420987,1.998326384,-0.609725572,-0.576253429,-0.681021001,0.818766102,-0.514666323,1.592149322,-0.148268017,-1.580364665,-1.392714929,-1.211333159,-0.626423549,-0.296117551,-0.77414034,-1.704848097,-0.432939085,0.173112618,-0.967057849,-0.482076211,-0.194556095,-1.221118963,0.673760467,-0.949847515,-0.840256046,-0.421899415,0.742556201,1.668857102,-0.799841919,-0.731888009,-2.042531188,-1.30379314,-1.94911528,-0.933945667,-1.574070769,-1.039306183,0.199260611,-0.782853094,-0.238764932,-1.915963073,0.002197584,0.841739585,0.258510695,0.22218309,-0.443011224,-1.376740148,-0.877310432,1.93841067,-0.493476985,-1.847060785,-0.543004522,-0.851674089,-0.799841919,-0.210597582,0.579474436,-0.800732391,-1.066241909,-0.66533748,-1.928266714,0.386350244,-0.729396313,0.048123275,-0.320205264,-0.553559166,-0.332539978,-1.704848097,0.631750386,1.170219518,-0.643024571,-0.27628065,-0.517682411,-0.217658621,-0.459657337,0.289380629,-1.115961927,-0.208378099,-1.275110832,0.879336249,-0.630172381,-0.253473901,-0.634312395,-0.397496939,-1.276185138,-0.376586149,-0.987518241,0.215836923,-2.146436411,0.126456424,-2.73029581,-0.456968951,-1.570698084,0.509284437,-0.490369615,-1.248273063,-0.821435201,-1.729348209,-0.779140894,-1.430873405,-0.199060881,-2.65498348,-0.509493179,-0.376294731,-0.930896884,-1.722046857,-0.014504686,-0.083707749,-0.839561199,-0.220896079,0.585840328,-0.051714436,-0.371208619,-0.709073331,-1.24098263,-0.146993024,-3.162968193,-2.379466137,-0.10858794,0.090571698,0.179317048,-1.25211318,0.211718534,1.328585796,-0.868691753,1.071446621,-1.051824127,0.229523158,0.075292984,-0.851908473,-1.093326284,-0.218280396,-0.833559334,0.596195655,1.325296232,-0.935218742,-0.783947545,0.87763306,-0.670016763,-0.494788246,0.426312941,0.406531206,-0.248717802,-0.186329578,-1.838851077,0.22218309,-0.679244275,-1.765507098,-0.749717532,0.287882053,-1.140685065,1.811660131,-0.123863987,-2.736449676,0.412970208,-0.508328744,-0.810580278,0.338612801,-1.618478657,-2.219163485,0.233093882,-2.15330339,0.250603064,-0.900417383,-1.612442422,-1.078221599,-1.718137329,0.755558441,-1.523719037,0.835817932,0.008860628,-0.457916968,-2.237734121,-0.886974678,0.294384561,-0.850971266,-2.898605563,-2.175071773,1.601506542,0.7066062,-0.137883707,-0.815088851,-1.271538124,0.654406352,-0.497251504,-0.944433038,-4.976233867,-1.672910335,-1.274752986,-1.793360751,0.381240719,-0.962858368,0.474617967,-0.258641204,-0.887946259,0.109302735,-1.762589092,-0.631299777,-0.061024702,-1.16443163,-1.177330873,0.232380757,-0.652965391,-0.702995517,0.546848923,1.289342835,-0.69615169,-1.692819521,-3.264919763,1.401010545,-0.321032052,0.77615472,-1.707050741,-0.030974804,-2.393604491,-2.227477621,-0.37571215,0.965385612,-0.392006088,0.700371026,-1.963259787,-0.409623743,-0.486783629,-0.197475805,0.182738137,0.267045598,-0.842575694,-0.455075609,-1.886509806,0.119115481,-0.912547746,0.224502627,0.028393075,-2.657832485,-0.029531803,-0.035523556,-0.932674211,-0.804525769,-1.957577954,0.9345235,-1.669718843,-2.811745437,0.147557564,-0.268925744,0.740936844,0.319761966,-0.168537002,-0.17387731,-0.748659891,-1.47840965,-0.135361638,1.213368526,-1.059583902,-1.585721386,-0.615260642,-0.010757657,0.939577479,0.422780986,-0.62735944,0.831908623,1.575694969,-0.726910811,-1.837594006,-1.793360751,0.530687073,-1.271894821,0.364087404,-1.733867991,-0.70623242,-0.277203828,-0.630923837,-0.065071997,-1.381107834,-1.317514846,-0.396009949,-0.447537885,-1.279415,-0.66650525,-2.24620476,-1.610438413,-0.902387827,-2.487710577,-1.352472813,-0.287015628,-2.091514123,0.767605092,-1.274752986,-0.586627337,0.158028864,0.170164627,-1.704848097,0.261979575,-0.661260992,0.520280783,-1.055840197,-0.444101992,-0.644357016,0.538654776,-1.519140275,-1.385894441,0.382401169,-0.293029679,-0.925079238,-0.623061573,-0.770244231,-1.041570548,-1.150748043,-2.143873402,-2.051048467,0.371770432,-0.51266064,-0.917041013,-0.040613683,-0.640175296,-1.649739209,-2.051048467,1.204232771,-0.802962047,-0.063365876,-2.368724896,0.423108543,-0.005716307,-0.823939471,-0.205058084,-2.045619993,1.231189059,-0.02081514,-2.646484845,-1.056702886,0.292445708,1.173998016,-0.896733233,-1.474033275,2.123578037,0.710987099,-0.364419139,-0.545417069,-1.763755273,-1.008131936,1.072370978,1.306926426,-0.410377153,-1.232715273,1.213576541,-1.311929279,0.005385472,0.013212332,0.33153148,-0.608438453,-0.834480357,0.097308183,-1.609938038,0.383083157,-0.613227557,-0.479004011,-0.253473901,-0.430167721,-1.028340236,0.525556588,-0.634500985,-0.721958262,-0.574830954,-1.286268047,-1.443499835,-4.635629394,-1.028619917,-0.99912901,-0.194434625,-1.868208641,-2.085057281,-0.193827497,-1.667596827,-2.937463365,-0.595476153,-1.976884953,-1.774312556,-0.643405089,1.350071151,-1.0761661,-2.772588722,-1.65286747,0.05259245,-1.223835433,-0.915041513,-0.534606152,-3.402197882,-0.45523325,-0.55582299,-0.867262501,-0.962072925,-1.071191693,0.098577563,-1.559695821,0.364781993,-0.668454568,-0.416273307,-0.561592741,-0.053400777,-2.091514123,-1.407313728,0.365545484,-0.252443637,-1.235463471,-0.946492241,-0.738772359,-1.533403226,-2.344449297,-1.672910335,-0.68458395,-0.004108428,-0.811030221,-0.803408575,-0.300159594,-0.461083532,-2.310617265,-1.918003196,-0.281832548,-0.488575015,1.142820543,0.791271579,0.148592404,-0.540426094,0.391569003,-0.567748771,-4.605170186,-0.754809841,-0.247692424,-1.97833004,-1.37081479,-2.176833888,0.007174204,-2.624168717,-1.78557861,-0.344040806,-1.669187917,0.572785824,0.048027969,-0.918042265,-0.680428408,-1.949817774,-1.159955919,-1.849600469,0.356694944,1.408104775,-1.90851803,-0.439746042,-0.646645347,-0.506667614,-2.111964733,-1.935168053,-4.022954566,-1.823869523,-0.005716307,1.376673226,-0.811255269,-1.470110847,-2.425883309,-0.194677579,-0.061131,-1.691733155,-1.000487891,0.024302293,0.325627935,-2.815078774,0.531745274,0.537077995,-0.867024491,-0.061131,-1.460586966,0.060812839,-1.968258013,-0.888432404,-1.425035189,-2.087473713,-1.340174426,1.025324493,-0.628296208,-0.476102188,-1.019154367,-0.369326062,-0.99479296,-0.294639553,-3.072613318,-1.135691297,-0.71233,0.813327341,0.491153388,0.808928214,-1.323507373,-0.796953349,-1.251763468,0.365961688,0.083881484,-2.353878387,-1.072067733,-1.59405681,-0.521044324,0.567300471,-0.480619782,-0.963644428,-0.370339306,0.138543809,-4.406319327,0.238623122,-0.001100605,0.132167964,-1.968974089,-0.526955006,-4.110473944,-0.128629143,-0.740029167,1.155842922,-0.720312849,-0.874429278,-1.20330636,-0.313341819,-0.40917197,-4.247495742,-4.431216879,-0.559665789,-0.646645347,-2.033321606,-0.133417113,-0.759286983,-0.701986129,-1.732736129,0.412837862,-0.881647788,0.8156745,-0.810580278,-1.119631656,0.133481391,-1.308592854,-2.198225078,-1.422958346,-1.38230234,0.789910849,-1.191714907,-0.356532097,0.25533965,0.31816278,-0.585010522,-2.112791521,-1.122700084,-1.144132804,0.221862731,-2.61866664,0.185649347,1.443170791,-1.495216768,-0.998314567,-1.930332119,-1.581336482,-1.324634981,-0.753746803,-3.11002142,-0.750140902,0.008860628,-2.172434409,-0.087520598,0.369077711,-0.66650525,-1.466203744,-0.697958738,-1.333322476,0.810218852,-3.132698129,-3.927136643,0.092032085,-2.404617819,-1.116267224,-1.388296364,-1.325387426,-2.253794929,-0.041655675,-2.492535677,-1.179280192,0.253789141,-0.785043195,0.725323912,-0.441455046,0.335614726,-1.564464547,-1.137249172,-0.446912298,-0.057099592,0.456855065,-2.090704734,-1.159955919,-0.315395911,-0.968637212,0.017446914,-0.475780282,-2.924342278,-0.413396478,0.014790086,-1.751001477,-1.483245887,-2.48530673,0.118582716,-2.031794888,0.139327065,-0.309791358,-0.771757581,-1.676646662,-0.384046141,-1.936554054,1.065572435,0.480758092,-0.413698913,0.248577353,-1.399987688,-1.129483952,-0.702591639,-5.099466508,-3.816712826,-0.762282919,1.172636924,-0.869407146,-1.131342113,-0.802515718,1.248066242,-0.330728762,-0.107585211,-0.403018105,-0.78745786,0.936720613,-0.939047719,-0.952695414,-0.049610501,-1.278696351,-1.797576355,-1.277978218,0.114042716,-0.975244875,-1.495216768,-1.273322883,-0.35982275,-0.539911205,1.441989205,2.035385156,-1.877971166,-0.415970093,-1.236840408,-1.373180722,-1.371997056,-0.653349711,-0.109480101,-0.658939009,-1.218071729,-0.16251893,-0.600750331,-0.987518241,-1.045830103,-2.21183073,-1.924148657,-2.32585372,-1.08146023,-1.275110832,-2.721135441,-1.322381035,1.022486898,-0.478358434,0.065506802,-2.573082341,1.062674182,-0.187897071,-1.28916765,-1.184497028,-2.055725015,0.775418173,0.415877379,-0.305574525,-1.261955087,-0.743178114,-0.921805913,-1.825729989,-1.123622452,-1.016111067,-2.008424054,1.224921833,-1.610438413,0.041525747,-1.246532419,1.276842153,-0.644357016,1.055008651,-0.576431381,-0.650087691,-0.017756722,-0.946492241,-1.119019098,-0.595838998,-0.482238167,0.26174869,-0.746969987,-1.183516796,-2.150722744,0.645426444,0.41111578,-0.381699755,-0.701179352,-0.810805224,0.393325048,-0.46013251,-0.949589017,-2.689719244,-0.053295297,-1.154230712,0.946393076,-1.366099654,-1.16219127,-0.830113036,-0.605685905,-2.224698554,-0.532219517,1.61921001,-0.0629398,-2.265289308,0.432107039,-0.671581403,-1.266202881,-2.635264531,-0.326977455,-1.177006356,-0.484183693,0.302176519,-0.590951668,-0.511826124,-0.607703699,-0.3315643,0.307411168,-1.16315081,-1.340174426,-0.813057477,-0.839792761,0.326710459,-0.551126921,-0.918543267,-0.560716393,-0.684980618,-0.458233174,-1.091239534,-0.928869514,-0.668649709,-1.043840053,1.149812245,1.314637229,-0.219525106,-3.158251203,-0.736890104,-0.628671161,0.658866247,0.082317043,-1.385494681,-0.945204742,-0.995333939,0.16627686,-0.797841252,-0.482724194,-0.983232138,-0.885276678,-1.702650294,-0.890622985,-1.438008797,0.582494911,-0.623807703,-1.2772606,-0.145719654,-1.745830537,-1.576486812,-1.62049886,-1.222815892,-1.402423743,-0.176259965,-0.69174816,-0.09244429,0.271628907,-0.103806169,-2.405725852,-0.195406796,-0.786579125,-0.598382604,-1.020263322,-1.474033275,1.133754182,-3.074775481,-0.310473161,-0.535972506,-2.063568193,-1.564464547,-1.724287754,0.021957167,-0.998585975,-0.587166857,-1.051537881,0.59603037,1.278012917,-1.891800823,-3.483492624,-2.54338358,0.292744238,-0.399284249,1.1814204,-1.724848764,0.351290474,0.422780986,0.02810143,0.127953364,0.688184889,-2.309609708,0.838069697,1.160146301,-1.987774353,1.32274202,2.022540448,1.073670478,-0.249872611,-0.229035877,-0.548527491,-2.101278236,-1.051251717,-1.336361992,-0.6314878,-2.269150317,-0.95191791,-0.917791858,-1.339029169,-2.609110253,0.267887445,-2.173312757,-1.877317358,-1.269044801,-0.717030121,-1.748125432,-3.858482239,0.900445862,-1.572142128,-1.413049098,-2.545931352,1.847808935,0.524018218,1.377480634,-1.077927698,0.322735461,-0.446287103,-1.344001449,-0.939303506,-0.271152771,-1.279055611,0.312399075,-0.674521716,-1.196666229,-1.59405681,-0.478035801,0.317653411,0.710004298,-0.483048343,0.674728595,-0.372659156,-1.032543689,-2.135377174,-1.105032857,-1.298283484,1.048441171,0.371563556,-0.586267819,-0.379505006,1.480103415,0.549045837,0.795748894,-0.748237147,-2.777400279,-1.397153105,-3.661264287,1.34638341,-0.913046002,-0.746337009,-0.847231196,0.14401376,0.855733608,-1.541312083,0.9680859,1.162056461,0.161183038,-0.784166579,-0.294908118,-1.535258514,-0.740867917,0.815630265,-0.448320418,0.018232768,0.161012796,0.412109651,-0.769812266,0.350938522,-1.11108981,-0.51232675,-0.209240646,-1.188755839,1.608157093,0.4602689,-1.114741671,-1.198653643,-0.551994901,-1.330292171,-0.357389485,-2.599644327,-0.424342164,-0.930136139,-0.030459208,-1.574070769,0.240511846,-1.790959789,-0.555125883,-0.207147178,-0.427710717,-0.923063616,-0.698360748,-0.394080163,-1.997308712,0.084984324,1.278152203,-0.10402807,-2.406835114,-1.5711792,-0.436027414,-0.386692423,-0.493476985,-0.167945391,-1.905824426,-0.982964865,-1.071483621,0.047169805,1.452994607,-0.798063351,-0.406165353,-1.758518135,-1.443923474,-0.884792065,-0.511159013,-1.51367329,-0.145372653,-1.233401615,-0.583575544,-1.77136878,-1.670781543,-2.240549702,-0.655466114,-0.745915246,0.494269322,-0.926341068,-0.892818376,-0.186450067,0.006677655,0.729382673,-1.270112607,-0.036663984,0.296096571,-2.327902901,-0.582142623,-1.744685062,-0.923818998,-0.742547531,-0.919796871,-1.401204974,-1.690105816,-2.21183073,-0.472727335,-1.705398304,-1.18515105,-1.248621556,-0.191160506,-1.101717104,-0.709073331,0.03130485,-1.535258514,-1.379517377,-1.430455257,-0.858493633,-0.398986142,-1.523260216,-0.721135217,-0.133874309,-0.431090656,-0.700171796,0.747351235,-0.493640799,-0.233320158,-1.328025453,-3.821268642,-0.561768103,-3.755019257,-1.770193691,-0.201259758,-0.767655233,-1.200977295,-0.429092039,1.185706996,-0.682207241,-0.241562137,-2.143873402,-2.093946228,-1.809719795,-1.924148657,-1.623536837,0.018919885,-0.404215889,-0.635255702,-1.424203934,-1.38230234,-0.604220971,0.381718714,-1.881903019,-0.300159594,-1.521427035,0.17083922,-2.001740034,0.910473847,-2.629701235,1.511891234,-0.856843273,-0.135590654,-0.470323681,-1.767261998,-1.304161532,-1.063921049,0.640748012,-1.643511893,-3.9633163,-0.163460549,-2.274969926,-1.129174594,1.520519263,-2.63945741,0.445646898,-2.399095993,0.130852808,-0.684187439,0.609982939,-0.726910811,0.058929068,1.447624616,-2.000260744,-0.605136303,-2.039451894,-1.043272194,-2.1086644,-0.101257832,2.000263044,-1.968974089,-0.045415864,0.1645818,-3.321462414,0.992436626,-2.722656354,0.144706221,-0.924070919,0.486676364,-1.222815892,-2.116935746,-1.13103218,0.477165422,-0.850268936,0.186147562,-1.066532395,-1.121471583,0.886697129,-2.03408584,-1.161871628,-0.411885676,-1.1858055,-1.756199294,-0.695550065,-1.557794679,-0.3315643,-2.065933192,0.381377313,-1.178955041,-0.291556234,1.419221271,0.12009148,1.257352421,-0.460449416,-1.176681944,-0.517346841,-0.24692408,-1.53433044,0.328368058,0.130940539,0.534385888,-0.48824907,-1.182211313,-1.855978042,1.883973953,-0.700776208,-1.71981097,-0.845366394,-1.223835433,-2.279845606,-0.2125746,-0.153500891,-1.574070769,0.421404072,-0.436027414,0.098939948,-1.786175091,-0.180203801,-1.268333564,0.810707969,-2.144727008,0.956357241,0.310201594,0.011533236,-0.853081219,0.099573805,-1.87993516,-0.603123678,-2.710553331,1.829649169,-0.304353607,-1.097213268,-0.858965665,1.063951828,-0.528310938,-3.785390355,0.817972031,0.577792444,-2.089087919,-1.470110847,-0.056147161,1.464943791,-2.039451894,0.632600681,-2.419118909,-0.631675859,-1.053256587,-2.402405428,0.397432936,1.21873333,0.972746677,-1.358679194,-0.356817811,-0.839561199,0.47871557,-1.025268894,-1.227241431,0.487536526,-0.304353607,-0.19007151,-0.981896489,0.360328262,-0.697958738,0.416536922,0.167292518,-0.888675565,0.121332285,-0.466808738,-2.072267338,-1.092729626,0.019802627,-1.479287228,1.532686449,-1.170538028,0.546906798,2.184049274,-0.377460912,0.607480354,1.619487248,0.335257213,-1.605944023,-0.622688717,-0.046462874,-1.693363147,-2.098828256,0.357814295,-0.352398387,-0.862039317,-0.58842687,-0.709479835,-0.03397052,-2.177716111,-0.073538903,-1.531551374,-1.887169654,-0.536314387,-1.533866726,-0.559840813,0.551641218,-1.262661801,-0.547489608,-1.054978252,-0.501865882,-0.921052049,-1.346304713,-2.219163485,-3.48675527,0.239803992,-0.221644675,0.125663018,-0.141563564,-2.643667942,-0.809905741,-0.594388409,-1.077046511,1.327658386,-2.144727008,-0.573587946,1.19824644,0.871837151,-0.225270812,-1.763172012,-0.466011608,0.327791813,0.217125479,1.201589968,-1.31378767,0.489070692,0.319834596,0.268957864,-0.272596435,-1.330292171,-0.966269102,1.795651884,0.345219581,-2.064355904,-1.297551151,-0.366292473,0.367209263,-1.463607464,-1.676112046,0.215192022,-1.550697417,0.173953307,-0.168892137,-0.028193734,-0.521718065,-0.28143496,-1.955455562,-0.016231013,1.214675328,0.636788447,-0.34757363,0.934719867,-2.854232711,0.720227185,-1.696085719,-0.891354247,-2.596956154,0.45152138,-2.338212271,-0.840487769,-1.359847191,-0.29732845,0.163733192,-1.519140275,-1.354408172,-1.090941782,-0.474172306,-1.724848764,-0.993441791,-1.968258013,-1.349769586,-1.400393286,-3.155901026,-0.577143505,-2.989750202,-1.934475771,-1.378723096,-1.319383656,-0.774357236,-1.036764885,-1.525096764,-0.369181396,-4.491841501,-0.191887162,-1.556845462,-0.705422211,-0.556695057,-1.175061461,-0.680230955,-1.813391769,-1.002665948,-0.801846598,-1.929643177,-0.598382604,-0.968637212,-2.712058223,-1.28916765,-1.190069899,0.476296289,-1.485451933,-2.964233607,-0.05234648,-1.637323116,-1.025547718,-0.173520401,1.185890297,-0.850737101,-0.948555693,-0.494952275,-0.916040763,-1.370421012,-0.697556889,-2.122766666,-1.32915817,-0.78987837,-0.83609419,-4.755993076,-2.721135441,-0.285417971,-1.295357366,-0.914292729,-1.266912604,1.299810118,-0.968637212,-2.514541455,-0.884792065,0.795162106,-2.047167981,-0.855195633,0.050407903,-0.33128571,-0.153500891,-0.859674132,-2.706052198,-0.884065585,-0.668259465,-0.180922536,-0.889892258,-1.085005285,-0.548700576,-1.728221448,-1.004029646,0.29229641,-2.650725135,-0.53204926,-1.393117587,-1.523719037,-1.397962166,-3.251915679,0.176051944,-0.712533894,0.035463664,-2.052604888,-0.477552047,-1.719252778,-1.708705914,-1.091239534,-1.225196441,-1.948413279,-0.558791128,-0.31320503,-0.376149054,-0.553907114,-1.056702886,-0.801177925,-0.837017551,-2.363397232,-0.256441837,-1.026663789,-0.689553645,-1.115351613,-1.378326192,-1.786771928,-0.574475651,-1.608438412,0.083329608,-2.140466244,-1.666008264,0.435541576,-0.232058169,-0.119008787,-0.702389762,-1.733867991,-1.016387348,-0.720107362,-0.937003774,-0.6923475,-0.422356976,-1.07031642,-0.25902983,-0.885519073,-0.524755529,0.123544186,0.872380641,-1.410587054,-0.560366069,-0.555474375,-1.517314624,-1.414282398,-1.019985968,-1.968974089,-0.34658318,-1.023875943,-0.539568093,-1.893792195,-1.308222826,-0.889162065,-0.770028225,-1.025268894,-3.684887433,0.305497432,0.125839385,-1.940723622,-1.279415,-0.615815838,0.551929179,-0.735637232,-0.861565832,-1.951928221,-1.303056763,-2.385966702,-0.83378951,-0.422356976,0.568377294,0.683601768,-1.113827455,-1.3108159,-0.942121492,-0.604587004,-0.06240746,-1.306744082,-0.491349847,-0.006823225,0.36748629,-0.285151943,-0.060812139,-0.085884739,-0.416273307,-0.271021632,-2.22192719,-0.424189317,-1.720369473,-1.452006905,-0.430782916,-0.693547261,-1.292439786,-0.30870144,0.351290474,-0.254634218,-0.674521716,-1.97256218,-2.050271164,-1.648178741,-0.776094101,-0.696552974,-0.322687682,-1.247576442,-1.152646177,-0.567043304,-1.104429174,-2.33407576,-0.929882685,-0.426484475,-2.298593072,-1.980501594,-1.037893554,-2.643667942,-1.117489344,-0.217658621,-0.901894852,-0.325868654,-0.527124397,-0.602027587,-0.31443681,-1.355571189,-1.994365369,-0.518689799,-0.626423549,-3.600868577,-0.707043286,-0.798507696,-0.551300456,-0.630548039,-0.506335719,-2.968117107,-1.236495996,-0.652197194,-0.781322872,-1.797576355,0.558128969,-0.814637078,0.785042445,-1.205640861,-0.609909582,0.123102197,-1.061316504,-0.0629398,-0.151520808,-0.597473431,-1.671845373,-0.897468978,-0.546107438,-1.052110455,-0.490859611,-0.265529268,-1.491654877,-1.137873003,-0.29410264,-0.659325632,-1.235119533,-0.068814316,0.826278493,-2.082646673,-3.11903049,-0.401522889,0.887150242,-1.525096764,-0.511325749,-0.803185286,-2.291645153,-0.134102985,-2.430418465,-0.79628794,-1.235119533,-0.59293992,-1.009228728,-0.971539206,-0.6680644,-0.813959801,-1.271181554,-1.005395207,0.047074407,-0.045834536,-1.210326278,-0.283955691,-0.745072253,0.398306211,-0.906092907,-1.069733329,0.870246793,-1.00758399,-0.623994322,-1.65652952,-0.436182081,-0.422662133,-2.62554898,0.010247317,-1.633730605,-0.764213629,0.588008862,-0.564402225,-1.999521919,-0.550433078,0.42160089,-1.166034965,-1.831956659,-0.668259465,-0.606235809,-1.218071729,0.069805874,-0.787677664,-0.576253429,-2.507152259,-1.444347293,-4.160484365,-0.139721943,-1.67932404,-1.742969305,-0.240925721,-3.780994743,-0.459498997,-1.36963392,-1.927579192,-2.188363949,-0.389050567,-0.823255866,0.221942831,-1.938636665,-0.709886505,-0.78745786,-2.239610294,-1.836338513,-1.394326533,0.152120048,-1.495216768,"RMS"
"27",0.215756333,-1.085597352,-1.546463113,0.278464723,-1.532476871,-0.254763226,1.674382601,-0.137424676,-0.051714436,0.061753396,1.305843237,-0.396901877,1.597142634,0.31816278,-0.573942933,-0.733760863,-0.113616727,0.186645528,0.808393669,-0.924070919,0.165599181,1.773612471,-0.560015868,1.187782445,0.767326579,1.650714204,0.003294567,0.015381102,-1.81954185,0.029170377,-0.531368525,-0.503188197,-1.89578754,1.166924929,1.422939645,0.182654835,-0.392302122,-0.791863154,-0.800732391,-1.714798428,-1.189412653,1.037764725,0.837810137,-0.642644198,-0.800732391,0.047360571,1.318122581,-0.118445755,1.337104117,-1.786175091,1.451894818,-1.569256123,0.016266973,-1.496555755,0.541102615,0.317726194,1.366397729,0.566733256,0.445454756,1.515303042,1.363409489,1.900718502,-0.066139803,0.21993842,0.758934921,-1.817692851,-0.97127504,-0.559315833,0.23079421,-0.672952473,-0.186691089,0.741127493,-1.84136997,-1.087672349,-1.706499625,0.033821549,0.643431588,-1.23031678,-1.266202881,-0.972332123,-0.262794357,-1.881246636,1.022378983,0.767744319,-1.232715273,-0.433401727,-0.085231144,0.95578064,-1.901128006,-0.297597737,-0.991014278,-1.461880348,-2.617295838,0.119736682,-1.282294771,-1.126703169,-0.574653287,-2.052604888,0.628981923,-1.019154367,0.394471567,-0.670212209,-0.245644817,0.151862349,-0.14329317,-0.91130319,-0.097171912,-1.269756545,-1.673443242,-1.066241909,-1.905824426,0.408194713,-0.982163476,-1.132893223,-0.321169917,-0.526785643,-1.807888851,0.199260611,-2.042531188,-0.32462272,-1.124237836,-1.243753674,-1.88981341,0.103909463,-0.500875293,0.362139983,-0.715801871,0.520696744,0.827415801,0.938013084,-1.331806176,-1.615455985,0.621704883,-0.547662514,-0.302322049,-1.202307525,0.501744515,-1.283016012,-1.722046857,-0.03128429,0.002297359,-0.733552595,-1.814618763,1.174152568,-1.550697417,0.337685786,-1.791559489,1.797045474,0.37692845,-0.834480357,-0.930896884,-0.380821277,0.271705118,-1.670781543,-0.810805224,-2.02722867,-2.098828256,-0.713349888,0.581321365,-1.204639693,0.509524778,1.123857594,-0.426790895,1.365121796,-1.949817774,-1.788564578,-1.249318906,-0.700776208,0.584670704,-0.55809195,-0.106806004,-0.508328744,-0.676093426,-0.874669057,-0.787897517,0.469440971,-2.574393816,0.171344866,-0.932420114,1.104030915,-1.002393431,-1.695540612,-0.27733578,-1.948413279,-0.922811949,-0.847231196,1.727771907,-1.318261951,0.560529656,-1.349769586,-1.481924592,-1.668126909,-1.141937413,-1.206643033,-1.346689107,-1.135380013,-1.425451076,-1.140685065,-0.900417383,-1.148222789,-2.704556312,1.574908578,-0.162871933,-1.375948069,1.379420792,-0.220023424,0.38601042,-0.893551245,-1.161871628,-0.393487131,-0.505009238,1.354855292,-1.266202881,1.306087057,0.615672007,-0.472246142,-0.584651584,-0.283424482,-1.855338451,-2.160217852,-0.639985632,-1.061316504,0.116982716,-1.768433644,-0.313068259,-0.59529478,-0.511325749,-0.556346139,-0.738144547,-0.293566016,-1.757358043,-0.342912934,-1.697176827,-1.69936262,-0.120474154,-0.898942094,-0.430167721,-1.64506509,-0.467446901,-0.991283711,0.807635907,-1.077633882,-0.958154936,-1.283376827,0.196388814,-1.102319151,-1.604450371,-0.808109199,-0.95191791,-0.497580397,1.688175153,0.906563576,0.139588014,1.101341893,-2.628315233,-0.429092039,-0.371788582,-1.218071729,-1.636809109,0.046692728,-0.493804639,0.025570276,-0.485320333,-2.03714863,-1.17993081,0.271628907,-1.228607085,-1.340938659,-1.629130546,0.297879897,-0.466330384,0.224662397,0.819074737,0.548699276,-0.117095772,-0.043429558,-1.196666229,0.334684926,-1.696085719,-0.429245637,0.372804166,-0.305167387,-0.044369948,-1.684700397,0.499744454,0.434635485,0.949338586,-0.995063413,-0.067422676,-0.219774234,0.184818437,1.695340341,0.38206,1.178285697,0.719643044,0.164327293,0.624761268,1.702527447,-1.270825111,-1.864975532,0.608732429,1.324631701,-0.178170186,-0.239527031,-0.046148656,-1.310074335,-1.383897237,-0.391710143,-1.150432037,-0.937259038,-1.187771425,0.044973366,-1.667596827,-0.560541216,-1.152329571,-0.319241541,0.390216097,0.198932823,0.158797012,0.143147509,0.197292268,-0.840719545,-0.937259038,-1.277619345,-1.371208724,0.280430846,-0.050767117,-1.134757735,1.52653445,1.501206613,1.554453604,-0.616927155,0.428725802,1.676180253,-1.729348209,0.279145741,-0.868691753,-0.471604911,-0.772190388,-0.448163863,0.382332944,0.627167622,0.2758119,0.018429136,1.069320784,1.378488978,1.671473303,-0.501865882,-0.663200104,-2.044074398,0.047741996,0.352767319,1.220446367,-0.93140437,1.485438093,-0.582321626,-1.973281346,-1.275468806,-1.71981097,1.461842367,0.857347196,-1.300483705,-1.082345316,0.735344229,-1.596028226,-1.22758267,-1.319383656,-1.477094725,-0.806987997,0.873508484,-0.455548608,-0.127606125,-0.556520583,-1.068568167,-1.128865332,-0.185606948,-1.038740892,-0.857078872,-1.503727458,-1.860466667,-1.854699269,-1.810942289,-0.332121714,-2.134531508,-1.667067025,-1.966112856,-0.530858278,-1.852784171,-0.357246536,-0.78329073,-0.011768984,-0.290352301,0.076312683,-0.241180239,-1.284460055,0.249356958,-1.102319151,-1.588655373,-1.478848343,-0.809456303,-0.424189317,0.882651215,-0.700574696,-1.843263312,-1.001576326,-0.004208845,-0.675896827,-0.661842331,-1.208650394,-0.828050943,-1.149169012,-0.580354353,-1.766091723,-0.942634707,-1.618983325,-0.604038006,-0.160168752,-0.87251311,-0.026652031,-0.845366394,-0.56457808,-0.06166266,0.991286881,0.051643233,0.578689859,-0.964955904,-1.426283369,-2.107841016,-1.383897237,0.966489427,-0.615260642,-0.467127769,-1.267267655,-1.404051083,-0.371788582,-0.064858572,-1.087375657,0.814523752,0.1783972,-0.777616337,-0.455706325,-1.22894879,-1.118100965,-0.803631914,-1.184170177,-0.266703666,-0.395415772,1.609697879,-0.571106555,0.030044121,-0.082729648,-2.569158202,-0.199060881,-2.011409131,0.59685652,0.084249232,-1.394326533,0.763092931,-0.321997503,0.440188544,-0.418550348,1.250044992,-1.249667764,0.225460864,-2.020418201,-0.544727175,-0.389493339,1.052428724,0.81381494,0.976105614,0.988276454,-0.235342659,0.249902321,-0.761211912,0.666392443,0.609330695,-0.638848407,-0.06134363,-0.113280687,-0.551994901,0.816735555,-0.393635356,-0.973390324,-1.342851803,-1.272251645,-1.266912604,-0.870123051,-0.015926151,-0.086647807,-0.810130536,0.263056333,-0.142255048,0.042580448,-0.425871918,-0.873710284,-0.049925809,-0.386250889,-2.007679176,-0.112161367,-0.204199135,0.312106356,-0.742547531,-1.337885222,-1.058718725,-1.152013065,-1.961125315,0.142540687,-1.863040671,1.804642788,-0.392598242,-0.784604791,-1.389499492,-0.657973106,-0.177692288,-1.022206958,-1.040154719,-0.764643182,-1.216382824,0.663357852,1.424553073,-2.314657674,-2.282782466,1.391853878,0.95693351,-1.567336736,-0.533241663,-0.921052049,0.250213823,-0.102475792,-1.4554301,-0.802738857,0.2275339,-1.249667764,-0.78329073,-1.744685062,-0.055301316,-1.344001449,1.529788461,1.540709292,1.830419128,1.413106677,-1.196004635,-1.273322883,1.524402763,0.075478461,-0.134789326,0.483906534,-1.466203744,0.391704193,-1.354020801,1.727078716,-0.577677931,-1.692276191,-0.173401459,-0.199304962,-1.708153885,-0.444101992,-0.343194782,0.13251838,0.569339785,-0.002402885,-0.186088643,1.339124134,-0.331007197,-2.019664338,-1.188099455,-0.496758367,-0.086320707,-1.021373508,-1.041853955,0.169573984,-1.05010788,-0.439746042,0.99451024,-0.072355662,0.904622927,-0.470163642,-0.91130319,-2.009169489,-0.246156326,0.963632228,-0.531028331,0.478963371,0.399715276,-0.475297618,-0.150706617,-0.311428466,0.614644952,-0.341927087,-1.596028226,-1.280134165,0.478901426,0.277934721,0.54034559,-0.048560191,1.210243105,0.502773291,-1.495216768,-0.194556095,-1.167962367,0.382537604,-0.00471108,-0.460449416,-0.877550904,-0.336592244,0.862763365,-0.280507869,-1.847695102,-0.193463397,-0.081643989,-0.887946259,-0.714983875,-1.339410775,-0.010353412,0.280128617,-1.918684163,1.196736687,-1.525556429,1.370901497,0.361443556,-1.901128006,0.090480353,-0.818483672,-2.357041279,-0.902881045,-1.553530281,-0.929629296,-2.057288737,-2.378386806,-0.389345726,-0.632428446,-2.095570924,0.156576307,0.065506802,-0.834019739,-2.003963081,-0.520034563,0.347341523,-0.721135217,-0.269711187,-0.734802856,-1.825729989,-0.592397278,0.984883523,-0.713145827,0.142107017,0.908621398,-0.496922719,-0.308293026,-0.75162411,-1.077633882,-1.244794799,-0.536656384,-1.270825111,-1.177330873,-1.994365369,1.120602065,-0.345169952,-0.557567886,-1.74239804,-0.68319685,-0.178767879,0.121597972,-0.72216413,-1.495662898,0.564745466,0.75954335,-1.094520671,1.417405356,-0.22589734,-1.052110455,0.321213556,-0.075585987,0.432820838,-1.458005209,-0.815540829,-0.68319685,-1.187115687,0.312764853,-0.944690206,-0.925079238,-1.227924025,-1.317888329,-0.247820539,-0.210103938,-0.259288998,-0.708260818,0.062786988,1.585657384,-0.656044093,-0.558791128,0.264439034,-0.220771367,-0.701179352,-1.129174594,-1.379517377,0.785361665,-1.652345413,1.05050689,-0.456653145,-0.707246105,0.365545484,0.542091706,-0.099820335,-0.977900214,-0.474172306,0.293042679,-0.371063681,0.744600462,0.012718772,0.152120048,0.264515794,-1.420057991,-0.415515444,0.025667747,0.026349775,0.436640726,0.317580623,0.880331893,0.782256356,-0.03334998,-0.14618251,-1.669718843,0.256733054,-0.559315833,-2.502256288,0.540112544,-0.326145739,-1.22587764,-1.217058044,-0.448007331,-2.222850125,-1.540378377,-1.770193691,1.37634503,-0.542316291,-1.07089985,-1.156771203,0.554172428,-1.415929166,-1.169249368,0.099845335,-1.35751256,-0.575897621,-0.039884934,-0.778269434,-0.473529839,-0.129767058,-0.700776208,-0.433401727,0.0428679,0.108675017,-0.418702335,-0.160755779,-1.966112856,-0.412640792,-0.390822831,-2.270117903,-0.70097776,0.639799145,0.875968612,0.339254078,-1.724287754,-1.208985346,-1.417166025,0.054298773,-1.503727458,-1.089454351,-0.874908894,0.770061924,-0.413094135,-0.987786734,-0.633181599,-0.285817146,0.256114003,-0.14387037,-0.604220971,0.13374387,-1.113522901,-1.36963392,0.935387228,-0.019182819,-1.715910157,-0.404365713,-1.666008264,-1.008954417,0.715006515,-0.771108722,-0.397645759,-0.210844496,0.084800602,-0.376440429,0.507961526,-0.30870144,-0.15431736,0.887561985,0.100026314,0.058834786,-0.507830115,-0.142255048,-0.347432077,0.746071644,-0.07709705,-0.376877651,-0.630360193,-0.373239961,0.493720156,-1.006215439,-0.260585847,-0.553733125,1.168324901,-0.944947441,0.027906953,-0.683989243,-0.644738041,-0.414304057,-0.783071888,-0.934709317,0.388251127,-1.16667702,0.045164552,0.729093307,0.064757247,0.620307634,-0.17411532,0.154436353,-1.270112607,-1.677181565,-0.47981157,-0.442077227,-1.318261951,-0.318691259,-1.123930097,-2.913231052,-0.176737179,-1.676646662,-1.686859059,0.154436353,-0.444881841,-0.966794864,-0.356674944,0.46171941,0.121863588,0.004390348,-1.204973305,-1.848329821,-2.073061935,-2.289668868,-1.204973305,-0.98564081,-0.007326775,-1.509140191,-1.212677245,0.031498667,1.115436629,-1.465770563,0.847754899,-1.611941043,0.026154958,-0.398986142,-1.010326724,-1.752154215,-0.912298711,-0.397645759,-0.314573768,1.137993245,-0.762711644,-1.221797389,1.158640654,-1.905824426,-0.590590592,1.60154686,1.055217543,0.548294804,0.560472564,-1.175061461,0.442503956,-0.997771974,-1.501929705,-1.419644341,-1.378723096,-0.567572358,-1.047539019,-0.160873226,-0.13547614,1.948093478,-0.759500681,-1.164111271,1.071515121,-1.112305616,-1.142564176,0.468502503,-1.476219069,0.656794351,-0.33086797,-0.443322751,-0.48694635,-0.083490311,-0.028399475,0.059494572,1.307467581,0.561613791,-0.570575628,-0.599656838,-0.414001439,-0.283690051,-0.803855303,-0.388607991,-1.935860813,1.319593504,0.568433936,1.198306783,-1.979053368,-1.286268047,0.196799576,0.149970527,-1.699909816,-0.352540645,-1.703748592,-0.907826654,-1.763755273,0.733953175,0.2112329,0.379805361,0.285554811,-0.496429744,-0.17888746,-2.51825663,-0.324484379,-0.284620098,-1.375552265,-1.300483705,0.081395638,-0.489064132,-0.388313049,-0.170669704,0.586062958,-1.116878098,-1.067986095,-1.457146102,0.390689823,-1.010326724,0.61106907,-1.296819355,0.155806451,-1.899790213,-1.212677245,0.204735152,0.050122609,-0.573410499,0.570866546,-1.188099455,-1.11932533,-0.860619535,0.379189577,-0.064751877,0.398440493,-0.87803202,-0.285817146,-1.38230234,0.279221382,-0.430936774,0.304465441,0.077979041,-1.652345413,0.264976235,0.084892467,-0.951141009,-0.564753966,-1.42129997,1.346539505,-1.24098263,-1.418817553,0.274520842,0.395078015,0.951271701,0.039893564,-0.106806004,-0.860619535,-1.457575563,-1.090941782,-0.726703964,0.575545379,-1.270112607,-1.354020801,-1.272251645,-0.840024376,-0.522898205,0.302619945,-1.522343206,1.333816155,1.588336843,-0.555300114,0.37775127,0.104810364,1.657732716,0.450119749,0.424679327,-1.119631656,-0.345169952,-0.317591603,-1.687399454,0.356554937,-1.314159763,-0.140412154,-1.516858731,-0.136392625,-1.058430499,-1.37436579,0.028295869,-0.452085129,-1.720369473,-1.794563397,-1.148853505,0.290652656,-1.097812609,0.237598572,-0.126130277,0.107957142,0.036717583,-0.428631386,0.408593543,-0.187535124,0.393257565,0.571487892,-0.215671537,0.486553423,-0.07612539,0.223143551,-0.813057477,-0.754809841,0.753583549,-0.204812595,-1.121471583,-0.291020974,-0.967847219,-1.003483944,-1.313415716,0.048504409,-0.28568407,-0.289016296,-0.050241216,-1.079103822,0.85045003,-0.162166051,-1.053256587,-0.953473523,1.283042731,-1.109572129,-0.212203611,-1.734434403,0.572898608,0.845782427,-1.072359918,0.648620415,-0.786140047,0.397701718,-1.519140275,-0.077421147,-0.629984606,-0.047720736,-0.12397718,-2.020418201,-0.698964066,0.875260382,-0.462988294,0.124162643,-1.829461336,-2.30058709,-0.763998922,0.016857117,0.896822449,-1.032543689,-0.880682304,-0.243728985,-1.019431491,0.239882667,-0.166408838,1.342081206,-0.45082865,-0.27089051,-0.983766897,-0.588246771,-0.750776293,-1.53991185,-1.956162526,-1.417578651,-0.319379159,-1.077633882,-0.219525106,-0.955551446,-2.399095993,-2.084253099,-1.210997419,-0.925583779,-0.608254714,-1.135380013,-0.343335737,0.094673614,-0.76507292,0.335185695,0.227215251,-0.586267819,-0.391710143,-0.217658621,0.100297721,0.11439954,-0.213564577,1.457311848,0.418907684,-0.557567886,-0.443946095,0.736876943,0.126103877,-0.932166081,0.005882663,-1.359847191,0.262441185,-0.029531803,-0.068064731,0.213739471,-0.076773059,-0.116983356,-1.950520762,-0.372514008,0.460142669,-0.723606388,-0.773489933,0.378573413,-0.714983875,-0.172806964,-0.10402807,-1.022206958,-0.372949516,-1.180256278,-0.404965233,-0.685774426,-0.520371037,-0.203708639,-1.132893223,0.525556588,0.087736114,-0.362261951,-0.004108428,-0.051503843,-1.013077001,-1.338266392,0.090571698,-0.593663902,1.103400805,0.931336967,-0.52661631,-0.492821999,0.436123629,-0.889892258,-1.173120341,-0.642644198,0.393527471,-0.41794263,-1.285906187,-0.445974651,0.862467925,-0.772623382,-1.38230234,-1.955455562,0.581097677,0.862552345,0.474680177,0.404531339,-0.704612659,-0.66087362,-0.426790895,-1.914605299,-0.242963679,1.321542484,-1.223155624,-0.581784713,-0.95010608,-0.818256992,-0.459024125,-0.208008664,-0.573410499,0.044590883,0.363461861,1.385769223,-0.935473551,-0.578034374,-1.703748592,-0.933436891,-0.409623743,-1.770193691,-1.546932707,0.227055888,-0.195285223,-0.371353579,-1.512311202,0.703048005,-0.193463397,0.92544867,-0.899925378,-1.338647708,-0.629984606,0.462097458,-0.327532317,0.090114889,-1.297917251,-0.121941671,-0.644547511,-0.283291724,-1.913249367,-0.66087362,-0.613966383,-0.458075058,-0.815766894,-1.314159763,-0.623434568,-0.227402608,-0.120474154,-0.011162065,-0.814637078,-1.335601247,-0.161813296,1.336867745,0.149023271,-1.893792195,-1.93171143,-1.177980224,-0.203463481,0.472749855,-0.280772664,-0.723194102,-0.239908298,-0.189346172,-1.737839627,-0.927604492,-0.976306164,-0.534947566,-1.885850393,-0.222643676,-1.240636789,-0.21109147,0.091302158,1.54769016,-0.847931394,-0.112273243,-1.557319958,0.155635292,0.267428343,-1.63475572,-1.501032039,-0.872273847,-0.081861027,-1.256319285,0.086728004,-1.167962367,-1.176357637,-0.802515718,0.585339228,-0.250771718,0.243730185,-0.535459905,-1.194682757,-0.133074354,-0.610830138,-0.999400639,-0.829196025,-0.298945265,0.135142594,-0.699769057,0.225540676,0.617669039,0.17412136,-1.099312534,-2.035616062,-0.471284449,-1.08915713,0.560815069,-2.031032403,0.174289385,-0.204935332,-1.56303154,0.745360052,-0.894773888,-0.207639365,-0.816219178,-1.307483181,-1.341320996,-0.945204742,0.045355702,-0.960503887,-0.933691247,-0.540254435,-0.253602759,-1.096614286,0.782805053,-1.708153885,-1.615455985,-1.796973036,-1.956162526,-0.34601765,-0.241052972,-0.128742876,-0.707854809,0.968655452,-1.2772606,0.58076205,-0.684782264,-1.748125432,0.66808575,0.593989609,0.156918275,-0.015519812,0.574307337,-0.851908473,-1.242713633,-0.448320418,-0.271677498,0.491520473,-1.974001029,-1.085301275,0.42618235,-0.10458304,0.767883527,-0.701179352,-1.567336736,0.045928932,-0.6680644,-0.636577829,-0.728981634,-1.485451933,-0.397943467,-1.710917081,0.283297474,-1.027501661,-0.716415808,-1.109875481,-1.586209786,-2.197324582,-0.194920592,-0.043325125,0.405131719,0.232618522,-1.079692404,-1.81954185,-1.505528449,-2.114447151,-2.101278236,-0.390822831,0.457424847,-0.566338334,-0.580175702,-0.236862224,0.025375306,-0.521044324,0.270561346,-0.187293898,-0.141794006,1.396343697,-0.297059234,-2.526979426,-0.165582441,0.697637086,-1.509592578,-0.467766134,0.54284741,-0.010757657,-2.072267338,-1.247924692,-0.163578314,-0.538882222,0.888672845,1.675150744,-2.036382052,-0.141102841,-1.121778567,-1.088859997,-1.003483944,-0.93623837,-0.328365188,-0.017247893,-1.092133323,0.126632651,0.094764576,-0.878272665,0.048980622,-1.157089218,-1.464904762,-0.572701028,-1.811554097,-1.54975491,-1.350927217,-0.464101084,-0.626423549,0.034787826,-0.032110054,-1.604450371,0.684862961,-0.806763907,-0.311155429,-0.320480784,-1.140372223,0.456284957,-1.025547718,-0.434018916,-1.723727059,-0.780667778,-0.174472442,-0.367880348,-0.350125013,-0.978698192,-0.735428573,1.674363859,-2.092324168,-0.13834295,-1.455858825,-0.331146444,0.702800438,-0.075046874,-0.369615455,-1.461449035,0.036331929,-0.253731633,-1.305267523,-0.229916436,-0.657780037,0.870833009,0.233489843,-1.377929445,-1.830084584,0.26174869,1.221685013,-0.283424482,-0.970219074,-0.666115842,0.475302068,-0.200526261,-0.683989243,-1.681471115,0.207258042,-0.582500661,-0.538882222,-0.201749055,-1.377136423,0.071576199,-0.820071874,-0.271939966,0.786591985,1.640626454,-0.085340047,-0.417031745,-0.296924654,0.355504259,-0.854960477,-0.480781502,0.395616772,-0.967847219,-1.011151013,-0.369760184,-0.558791128,-0.387723427,-1.115656723,-0.523404406,0.311813552,-1.101416216,-1.06363132,0.206200831,0.110377908,0.370735628,-0.186450067,-0.839792761,-1.342468882,-0.374693449,-0.380674939,-1.033105487,-0.940583424,0.292445708,-0.990206415,1.008322817,-0.760783829,0.148678592,-0.290753451,-1.818925137,0.947052694,1.281211585,-0.262404265,-1.509140191,-1.227241431,0.141499562,0.25176988,-0.303811454,-0.613412213,-0.739191119,-1.651823629,-1.131962268,-1.475344178,-0.472566912,0.484522715,-0.447068658,-1.829461336,0.175380859,-1.822012512,-1.275468806,-1.368847448,-0.626610657,-1.829461336,-1.318635713,0.294011996,-0.770028225,-0.603672174,-0.56563386,0.469753598,0.38206,-1.234088428,-1.755041886,-0.876589365,-0.299214988,-1.210997419,-1.049822125,-0.105805059,0.730153906,-1.235119533,-1.06363132,-1.386694441,-0.081969563,0.055718489,-0.231301739,0.29884454,1.022163117,0.884593645,0.134793096,-1.444771291,-0.310882466,0.654302397,-1.123930097,0.057419491,-1.022206958,0.078256498,-0.663200104,-0.568101692,1.274049089,0.646998525,0.488580015,1.316435043,1.408349352,-0.943918899,1.286363523,1.784281579,0.226577648,0.652793826,0.077423897,0.441604155,-0.780449509,-1.151380354,-1.422543494,-0.437420279,-1.662311402,-0.999672341,0.176638774,-2.774190004,-1.760842367,-1.713687934,0.127337249,-1.648698626,-0.031490667,-1.302320927,-1.458865054,-1.973281346,0.820924551,-0.310609577,-0.817803785,-0.913046002,1.676909628,1.567010463,1.729014894,-0.630923837,-0.448476999,-0.643214812,-0.106583485,-1.066241909,-0.174710594,-0.392450171,1.409278198,-1.406497068,-2.161953963,-0.927857368,-1.686859059,-1.119019098,0.366377719,-1.266912604,0.428790933,0.314372688,-0.551647618,-1.576003136,0.254719735,-0.020917248,0.485015387,0.646107983,-1.199980783,-0.350408902,1.13101494,-1.368061593,0.672638304,-1.170860453,-1.520511703,-2.32995629,-0.795622972,1.325163361,-0.806315879,-0.339958306,-0.41521246,0.237046457,0.499319684,-0.614151174,1.242741492,0.985928729,0.390689823,-0.192371893,0.375005901,-0.84769794,0.343873352,1.479124195,0.662017645,1.10207296,-0.201871416,0.537194879,-1.486335715,-1.026105598,0.071017487,-0.129994797,0.707247305,-1.537582475,1.628318546,0.375074627,-1.422128814,-1.40283033,0.15905293,-1.430455257,0.171176346,-1.114741671,-0.565809932,-1.612442422,-0.440988664,-1.378326192,-0.067101804,-0.951141009,-1.724287754,-0.051293294,1.23045893,0.108046904,-0.023780529,0.831647458,-0.464578373,1.580750331,0.89877828,-0.929375971,0.119381757,-0.165228479,0.102014925,-0.391858105,0.039124555,0.0428679,-0.993711879,-0.607703699,-0.381553288,0.437351297,1.176375477,-0.68121861,-0.445350042,-0.864884944,-0.592397278,-0.390084006,-0.522223669,-1.037046933,0.428660666,-0.699567748,-0.109591677,-1.591106956,0.923544361,-0.319103943,0.138543809,-1.213013549,-1.641961104,0.59161267,-1.510950966,0.425006263,0.386282289,0.17756024,-0.716415808,0.066255796,0.006975614,-1.749850066,-0.653926467,-0.633746837,-0.559140901,-0.186329578,-1.026105598,-1.09481949,-0.374693449,-1.100514096,-0.83149013,-0.791863154,-0.974714652,-0.540597782,-0.917291232,-0.371063681,-0.577143505,-0.845133538,-0.778051688,-0.635822114,-1.382700826,-0.024190239,0.059494572,-0.550433078,0.297582897,0.231905057,0.6917462,-1.199980783,0.481438007,0.37740851,0.295873432,-0.934454703,-1.727658544,-1.123622452,-2.009169489,-1.267622831,0.042005294,-1.096913732,-1.600973834,-0.298271274,-2.170680022,-0.952954716,-1.177330873,-1.324634981,-1.848964943,-1.534794369,-1.815232825,-1.619993426,0.340819915,-1.736703264,-1.769606665,-1.466203744,-1.740116236,-1.475781528,-1.085301275,-2.142168372,-1.696631124,-1.216720377,-1.639381789,-1.581336482,0.963861105,-1.884532869,0.379189577,-0.18825915,-1.320132159,-0.218529214,-1.8426318,-0.992901834,0.116448813,1.251905458,-0.108253585,-1.512765025,-0.750140902,-0.494296322,-1.349769586,1.793208419,0.024009453,1.049597099,-1.572142128,0.461593362,-0.359679453,0.969338486,-1.598992655,-1.0761661,1.741553303,-1.459725639,-1.280134165,-1.443923474,-1.638351923,-1.085893516,-0.031593872,1.801429233,-1.963259787,0.887273783,-0.376877651,-1.030579878,0.293191866,-0.561592741,-1.353633579,-0.543176654,-0.120699785,-0.637523277,-2.112791521,-0.173163619,-0.205303633,0.386893723,-0.669430654,-1.215033752,-0.249872611,0.360955768,-0.920549789,-0.712126147,-0.06720875,-2.61866664,-0.236355445,-0.331982331,-0.107807953,-0.059325466,-1.784982485,-1.079103822,-1.325763861,-0.290352301,0.611340418,0.065974989,0.194167779,-1.034511363,-1.606442404,-0.430475271,0.465430689,0.074272244,1.025826519,0.256036595,0.146089706,-1.175385348,-2.298593072,-1.873403458,1.409180465,-1.258077063,-1.349384007,-0.3878708,-2.414634597,-2.456902453,-1.572623939,-1.173120341,-1.65286747,0.015774919,0.718863659,-0.88140633,-2.157619323,-0.966006324,-2.013653801,-1.498343865,-2.020418201,0.085351667,0.266203041,0.041813503,-2.376231633,-0.714166548,-1.677716753,-0.725670372,-1.276185138,0.907007778,-0.578390943,-2.205458382,-1.275110832,0.563493972,-1.055265484,0.015282624,0.920322593,-0.669235361,-0.744019511,-1.9618363,-0.372368881,-0.248589573,-1.061605563,-0.677864557,-0.486458267,-0.265138108,-1.646620704,-1.020263322,-1.744112816,1.181727195,-1.771956842,-0.455390917,0.164327293,-1.316768299,-0.756726162,0.006180859,-0.756726162,-0.069135739,0.427683117,-0.733969175,-2.08586211,0.120357497,-0.99398204,-0.030974804,0.00059982,0.054204054,0.086728004,-0.030459208,-1.807888851,0.011632084,-2.20909475,-2.621413894,0.324399655,-0.810805224,-0.513997315,1.86200045,-1.449873343,0.112882157,0.388183301,-1.589145209,-1.524178069,-0.525770071,0.824394717,-0.330311255,-0.596201975,1.238345245,0.402527464,0.016758784,0.028976108,0.257738196,-1.080281332,-0.522223669,-1.325387426,-1.741827101,-1.77136878,-0.729188952,-1.595042032,-1.432128898,0.087552897,0.011829752,-1.059007034,-1.776673832,-0.142716302,-1.103222901,-0.585728784,0.569283193,-0.394525168,0.207095467,-0.082403826,-0.484670666,0.878422703,-1.340174426,-1.500583508,-1.234775714,-1.967542449,1.005582839,-1.439695138,-0.983766897,0.397634529,-0.039989008,-0.651429587,-1.725410089,0.141325936,-0.079367935,0.051833149,0.901867211,-1.671313316,0.182154876,-0.185968198,-0.979230532,0.3654761,-0.205058084,-0.088394151,1.629279755,0.934169942,-0.877550904,-0.781759839,0.589784668,0.20880119,-2.073061935,-0.06240746,0.172018664,-2.3227878,0.285178942,-0.833329211,0.221061385,-0.018163971,-0.433093275,-1.106241316,0.274368843,-0.146414019,0.618423634,-1.276543497,-0.858493633,-1.707050741,0.91055431,-1.13227249,-1.504627548,-2.540842282,-0.090252989,-0.99398204,-0.120248573,-1.281213885,-0.275621758,-0.221395081,-0.801623657,-1.152013065,-0.695550065,-0.054139446,-0.459815703,-0.153617489,-0.720518377,-1.044408235,-0.124883182,-1.221797389,-0.619525041,-2.659260037,-0.744651023,-1.149169012,-0.418398384,-1.000215967,-1.659679129,-0.738981717,-1.214696768,-0.94160854,-0.297193833,-1.469241282,-0.781978394,-0.54818141,-1.016663706,-0.016739324,-1.109875481,-1.540378377,0.285329307,-1.46793835,0.037681067,-0.68121861,-1.059583902,0.17050198,-0.811480368,0.003693172,-1.485451933,-0.959198233,-0.2953111,-1.552585101,-0.86441011,-0.670016763,0.640273691,-0.221769496,-0.885761527,-0.779576909,-0.613781625,-0.752048289,-1.316022308,-1.658628157,-0.913046002,-0.958676448,-0.512493681,-1.970407781,-1.677181565,0.78577194,-1.406905315,-1.037611267,-1.408949052,0.229125623,-0.395712817,-1.867561183,-0.563523413,-0.314984755,-0.681613945,-1.402423743,0.1208007,-0.611935925,-0.512994641,-0.770244231,-0.910060182,-0.373094728,-0.365139237,-0.827364523,-0.564402225,-0.86298696,-0.269973139,-0.55321134,0.142627398,-0.45870767,-1.901128006,-1.273322883,-0.739400565,-2.849037894,-0.688756832,-2.130313872,-0.549220012,-0.625862434,0.16211885,-1.425451076,0.627915086,-2.124438908,-1.524178069,-0.777833989,-0.776746204,-1.505528449,0.428400079,-0.638469619,0.228648372,-0.83171983,-1.161871628,-1.307113563,0.037103088,-1.400799047,0.391839365,-0.915041513,0.586786165,-2.074653025,-2.63108916,-2.185691342,-0.508661301,-0.575364145,-0.738981717,-1.010876174,-2.312635429,0.559444345,-1.155500151,-1.286268047,-1.511857584,-0.671190013,-0.744229971,-1.104429174,-1.222476276,-1.503277717,-0.487760351,-0.338554403,-0.37571215,-0.46968368,-1.154230712,-0.055407007,-0.018978967,-1.381904013,-1.633730605,-0.338694705,-1.605944023,-1.724848764,0.188220789,-1.513219055,-0.606235809,-1.586209786,-0.430321484,-1.221458119,-0.820753305,0.327143141,-0.541284831,-0.523235644,-1.641444709,-1.452434164,-0.022347864,-0.906340401,-0.545244551,-0.164520932,0.19062036,-0.220023424,-0.79628794,-0.894284652,-0.414152737,-1.152962883,-0.895263365,-0.371788582,1.066880795,0.175045148,-0.020713042,0.022837234,-1.026943002,-1.827593922,0.242946179,-1.309703759,-0.755661086,-0.528141346,0.04382548,-0.575719764,-0.244367188,-0.481105022,0.116537816,0.339823757,-1.770781063,-1.432547746,-0.200404064,-0.38287226,-0.785043195,-0.811930717,-1.624044065,-0.184043038,0.14660802,-0.833329211,-0.178767879,-0.099378444,-0.342772039,-0.805196684,-1.851509474,-0.593301846,-0.872034641,-0.364707116,-1.104429174,-0.714575128,-1.689563957,-1.187115687,-1.530626732,-1.144760945,-1.885850393,-0.380821277,-1.253163049,-2.271086426,-0.845366394,-0.995875211,-1.016387348,-0.189708775,-1.838851077,-1.355183366,-0.246028424,-0.510992304,-0.877550904,-1.02945943,-0.651237778,-1.850236399,-1.267267655,-0.658745754,0.091575944,0.284727713,-0.459815703,-1.351313392,-0.694948803,-0.112049504,-0.409623743,-1.037611267,0.359490975,-0.048560191,-0.768301854,-0.342772039,0.025277807,-0.310064023,-1.543182117,0.319761966,-0.00020002,-0.961288098,-1.175385348,-1.642994696,-1.249318906,-1.553057579,-0.834941186,0.292520349,-0.156069186,-2.508380006,0.149109423,-0.698360748,-0.712533894,-0.163813885,-1.086782537,-1.260543156,-0.176259965,-0.807884858,0.347270864,0.74862919,-0.733136189,-0.626423549,-0.560015868,-1.552585101,-3.270169119,-1.504177402,-2.26144315,-1.221118963,-0.203953857,-1.127629238,-1.356347285,-0.615630738,-1.925519459,-0.704005924,0.46033201,0.364990276,-0.734802856,-0.409623743,-1.048965349,0.986711916,-0.358533813,-0.90090963,0.951966708,-0.527632742,0.11439954,-0.67766761,-1.199648833,-0.605869173,-2.041760475,0.17454137,-1.00731013,-0.198816859,-0.385515433,0.242867744,-1.540845121,-0.125676608,0.952969756,-1.180581852,-0.738144547,0.25332352,-0.431090656,-0.968110481,0.33675791,-0.732511904,-0.365571544,-1.144132804,0.333539369,-0.306932852,-0.505672259,-2.085057281,-0.938536341,0.851389478,-0.520202786,0.175884215,-2.347582459,-1.001304106,-2.88598141,-0.400179104,-0.153384307,-0.335053244,-1.223835433,-0.442077227,1.040170699,-1.199980783,-1.458435039,-0.87803202,-0.345028739,-1.592580795,"RMS"
"28",-0.161930867,-1.025826619,0.031014054,0.295873432,-1.825729989,-0.060918415,1.427628225,0.328152005,0.031692447,0.888261559,1.263985474,-0.283026261,1.163556977,0.617399403,-0.897959775,-0.867976872,0.064194712,1.245220308,0.531568985,0.411844715,0.750708291,1.301798001,-1.096614286,0.806207973,1.39869219,1.41699329,0.038739828,-0.155718575,-1.779633289,-0.599292605,-0.463624022,-0.088940509,-2.298593072,1.557470707,0.971006164,0.200325181,-0.664559724,-0.201993793,-0.621384814,-0.351261054,-0.502361545,1.019533006,0.450374737,-1.150116132,-0.170788321,0.685014197,1.176467991,-0.342631164,-0.051503843,-0.738353773,1.343621697,-0.230545881,0.000299955,0.327431492,0.841222299,0.441668453,1.254447264,0.039220713,0.897474818,1.410450244,1.171304974,1.797956892,-0.37789858,0.210747031,1.14756117,-1.920729851,-1.672910335,-1.325763861,-0.962858368,0.802136106,-0.229413164,0.106519843,-1.041003976,-1.432128898,-1.907843948,-0.233572747,0.567243764,-1.109572129,-1.201309687,-1.916642651,-0.948555693,-1.795767491,-0.059537713,0.571939538,-1.142877705,-1.157725553,-1.38230234,0.533799687,-0.788117418,-2.766209115,-1.162830861,-0.889162065,-2.694147296,-0.379651173,-1.766676689,-0.373966441,-0.440211844,-1.525556429,0.585283535,-1.506430162,-0.147572365,-0.303811454,-0.494296322,-0.041864204,-0.069671673,-0.273384768,0.354452476,-0.873470735,-1.7333019,-1.623029866,-1.746403768,-0.043742923,-0.542660347,-0.187173308,-0.770028225,-1.123314901,-1.546932707,-0.214431611,-1.963972292,-0.367013922,-0.4167283,-0.799174585,-1.995100393,-0.174591511,-0.134446097,0.420879034,-0.430167721,0.424221437,-0.261105058,0.642011768,0.102195512,-1.703199292,1.00803091,0.191776716,-0.002803927,-0.204689873,0.445390701,-1.034792776,-1.06479074,0.125045489,1.379471136,-0.233699065,-2.384880336,0.389335726,-1.599487582,-0.298675614,-1.982677873,1.484464085,-0.425412746,-2.03408584,-0.742967876,-0.361400377,-0.763569645,-0.789437841,-0.372659156,-1.474033275,-2.25094186,-0.015316704,0.358024034,-1.635781888,0.114934538,0.639957352,-1.208650394,0.262441185,-0.789217649,-0.788337368,-1.320132159,-0.442077227,-0.335193055,-0.160168752,-0.658166212,-1.447744323,-0.32573014,-1.332564039,-1.200312844,0.819603605,-2.307597635,0.088560177,-0.13995196,0.82863915,-0.556869562,-1.745257636,0.118760336,-2.424752727,-1.254214021,0.482549598,1.627533201,-1.323507373,0.04018179,-1.581336482,-1.531551374,-0.526447005,-1.437166692,-0.650662569,-0.460766424,-0.484021421,-1.494325105,-1.68848112,-1.031701583,-1.68848112,-2.575707014,1.450559407,-0.361974677,-1.286268047,1.357200201,-0.725670372,0.557613785,-0.50766396,-0.358676947,-0.873710284,0.031595562,0.008860628,-1.144446825,0.425071638,0.865544656,-1.707602161,-1.146333025,0.417459553,-1.63475572,-2.924342278,0.100388174,-0.651429587,0.328224028,-1.89645354,-0.915541013,-0.452871231,-1.825109449,-0.916540763,-0.887703275,-1.027781108,-2.384880336,-0.95191791,-1.789162843,-2.138767008,-1.689563957,0.355223892,1.161148807,-1.049536451,0.307558227,-0.503684516,1.382487123,-0.863698282,-0.803408575,-0.612120342,-0.303540488,-1.38309947,-0.877070019,-0.580711751,-0.297059234,-0.074939087,-0.035419945,1.187050425,-0.003907625,0.504767309,-1.169893491,0.258896721,0.034401427,-1.440961763,-1.335981547,-0.055407007,1.322022471,0.187972228,0.294011996,-1.585721386,-1.201309687,0.315029694,-1.333701911,-0.452713961,-1.264784944,0.339894944,-1.543650172,-0.304353607,0.132430787,0.43041785,-0.194070304,-1.090644119,-0.740238788,0.2749767,-0.345876317,0.07612736,0.989057805,-0.032729825,0.096400494,-1.776673832,0.539704583,0.083973434,0.909829906,-1.199316993,0.116092719,-0.842575694,0.306822716,1.407346208,0.017250353,1.028440151,0.427096128,1.034855684,0.556639936,1.374854171,-2.021172634,-2.207274913,1.209109588,0.560072826,-0.784385661,0.608623616,-0.580533036,-0.001100605,-1.387895643,-0.598382604,-0.788777412,-1.018323457,-1.177655496,-0.910060182,-1.838222344,-0.632052081,-1.709258248,0.915810617,0.335257213,0.389064687,-0.57963994,0.144792745,0.01439588,-0.985908799,0.881906305,-0.821890057,-1.696085719,-0.929629296,-0.019896632,-1.944910649,1.306195402,0.964242449,1.905623725,0.39628981,0.272543054,1.071172573,-0.810130536,-0.454917992,-0.800064463,-0.19723217,-1.044124103,-0.358676947,-0.064538521,0.544821171,0.915450379,0.127073083,1.013562623,0.811463407,1.639423808,-0.860619535,0.069526063,-2.130313872,-0.291020974,-0.696552974,1.25752305,-0.786579125,1.000264166,0.194579454,-2.314657674,-0.980829253,-1.810330855,1.576749418,0.995545437,-1.365707728,-1.7567785,1.269535801,-0.099268002,-0.60166249,-1.766676689,-0.397199364,-1.273322883,1.261552796,-0.609173747,0.115825566,-1.117183674,-0.781322872,-1.45328923,0.68928975,-0.822800389,-0.941352163,-0.416880011,-0.800732391,1.044754305,-2.102096232,-0.659712405,-0.637901706,-2.292634762,-1.035074268,-0.753534331,-1.420471813,-0.623248053,-0.09783336,-0.036249133,-0.754809841,-0.166763218,-0.303134177,-1.457575563,0.116003676,0.118316227,-1.880590683,-0.362693016,0.001998003,-0.854020406,1.200235831,-1.271181554,-2.548485631,-0.819617845,0.865207942,-0.62511477,-0.50385001,-0.840719545,-1.194022474,-0.6919479,-1.052110455,-1.270825111,-0.546798284,-1.096015663,-0.358390701,-1.591597994,-1.173120341,0.130501808,0.155806451,-0.008233805,0.278767455,1.450231139,0.180736969,0.808037146,-0.598382604,-0.934454703,-1.968258013,-1.215370849,0.505732677,-0.582321626,-0.233572747,-0.950882177,-1.610939039,0.272162261,-0.713758135,-0.637523277,-0.09123848,-0.208624465,-0.899433615,-0.238257189,-0.393931872,-1.411407062,0.009058845,-0.121264088,-0.334354481,-0.300024596,1.726847545,0.359490975,-0.088612658,0.255649463,-0.777616337,-0.519361955,-0.64055473,1.170374655,-0.109926479,-0.423272727,1.240285447,-0.290084957,0.180403051,0.142107017,1.29893747,-1.126086266,0.269110687,-2.438404816,0.243181445,-0.633369977,0.307925779,-0.325591646,0.565541056,0.754007069,0.129096573,0.254254546,-1.060738636,0.338969117,0.114756237,-1.160594081,0.001698557,0.331244309,-0.715188311,0.864618418,0.102556588,-1.425867136,-0.656622406,-1.830708219,-2.012905018,-0.527632742,-0.418398384,0.14401376,-0.345735004,0.134618302,0.30276771,-0.239908298,-0.429706573,-0.747814582,-0.805420423,0.154607718,-1.149800325,-0.722370039,-0.162283663,0.661398482,-0.238764932,-0.549393217,-0.381114017,-2.165435255,-1.914605299,0.239725311,-2.097198263,1.583237664,0.314956715,-1.668657272,-1.952632695,-0.436491487,-0.089377811,-0.526785643,-1.243060193,-1.578423859,-0.176498544,0.077979041,0.628875291,-2.026469657,-2.375155786,1.739535918,0.810796874,-1.668126909,-2.065933192,-0.40107476,0.633184839,-0.479004011,0.039220713,-0.839792761,0.400117502,-1.282655326,0.439093289,-2.342365963,-0.19723217,-0.651237778,0.915090011,1.314261158,1.060945035,1.085830954,-0.905598102,-1.678787991,1.363511798,-0.35140315,0.11680478,0.295054827,-1.5154923,0.070551656,-1.759098687,1.63006373,-1.165393322,-1.130722343,1.093298194,-1.0761661,-1.586209786,-0.91130319,0.352767319,-0.628671161,0.111094048,-0.072355662,-0.107919342,0.649352021,-0.374984401,-2.530741186,-1.515037237,0.171597593,-1.113218441,-0.470163642,-0.318828801,0.578801979,-1.079103822,-0.204689873,0.923941391,0.031401763,0.353961265,-0.690949597,-0.21035073,-2.31364604,-0.486620935,0.602456315,-0.788337368,0.261286761,1.18301471,-0.742127363,-0.01501212,-1.417578651,0.646265195,-0.614890683,-0.781104459,-1.033386504,0.172523714,0.663254823,0.566336014,0.026252371,1.522550164,0.17050198,-0.514499029,-0.065605757,-1.476656801,-0.822572728,-0.586627337,0.358303617,-0.26918749,-0.06720875,-0.949847515,-1.160274949,-1.057566319,-0.863224011,-0.728567126,-0.703601639,-0.488575015,-1.705948813,-0.1030299,0.027615167,-2.107841016,0.518198378,-1.47359669,0.832300242,0.184818437,-1.474470052,-0.105249411,-1.171505614,-1.95828642,-1.026384655,-1.666537505,-1.313043899,-1.360236827,-1.752154215,-0.745915246,-1.318635713,-2.163693094,-0.356389271,0.192271888,-1.255266099,-0.287815415,-0.668454568,0.557441998,-0.153617489,-0.155484903,-0.675307262,-1.838851077,0.57964248,0.318526456,0.084800602,0.015676479,0.434117351,-1.339029169,0.647888274,-1.284098849,-0.135247149,-0.413698913,-1.855338451,-1.705398304,-0.991014278,-2.33407576,-1.789162843,-0.679047056,0.184070027,-2.054163735,-0.043011891,-0.189346172,-0.131134268,-0.079909383,-0.940071261,-1.52924137,0.482364419,-1.067404362,1.090109576,-0.659132302,-1.158999439,-1.671313316,-0.809680997,0.274520842,-0.460449416,-1.030579878,0.189048878,-0.222019184,-0.091457611,-0.730641385,-0.523235644,-1.236151703,-0.570398715,-0.131476363,-0.246028424,-1.026384655,-0.811030221,0.467375178,1.317533606,-0.996416776,-0.573765424,-0.17888746,-0.37571215,-0.858021824,-1.156771203,-1.511404172,0.013804281,-1.283016012,0.905431989,-0.86298696,-0.447850825,0.336900716,-0.282362911,0.331890327,-0.798285499,-0.806315879,-0.75162411,0.029170377,0.756356694,-0.252057562,-0.044265416,-0.029222859,-1.715910157,-1.383498274,0.022934971,-0.07192574,-0.076449172,0.341246536,0.308513582,0.323459364,-0.004912044,0.384037161,-1.576970722,0.492254238,0.590228127,-1.459295254,0.867982452,-1.092133323,-1.128247094,-0.940583424,-0.274436846,-1.0761661,-1.346689107,-1.012251123,1.346279333,0.013311014,-0.474975971,-0.99912901,0.121332285,-1.357901287,0.11172025,0.600483496,-1.851509474,-0.861565832,-0.649896139,-0.152219213,-0.451456692,-0.107251191,-0.323931205,-0.051714436,-0.053928342,0.156405279,-0.293968457,-0.083490311,-0.515168373,0.339325306,-1.582795982,-0.717234976,-1.108965701,0.518972349,1.228850766,-0.064218572,-1.631683521,-1.870802677,-1.479287228,-1.300116665,-1.694995801,-0.283158984,-1.659679129,0.396693416,-0.042594398,0.058834786,-1.054978252,-0.29410264,0.786409811,0.409988197,-0.164874643,-0.201993793,-0.844900736,-0.440056553,1.359693679,-0.233446444,-1.666537505,-0.862039317,-1.299016353,-1.191385689,0.02887896,-0.260585847,-0.398539148,-1.066241909,-0.701380986,-0.614890683,0.142193766,-0.224144052,0.477971799,0.109930059,0.236336145,0.023814178,-1.123314901,-0.018571386,-0.771108722,0.59812196,-0.314847741,-0.200770701,-0.757152511,-0.045311223,0.388861359,-1.808498793,-0.101700555,-0.602575482,1.068496665,-0.905103543,-0.332400537,-1.161871628,-0.645691239,-0.347007539,-0.658939009,-1.160594081,0.378915773,-0.764428383,0.388183301,-0.549046837,0.071389996,0.14202026,0.454699618,0.622671067,-0.734802856,-0.77283995,-1.567336736,-0.256571077,-1.787966671,0.249512806,-1.659679129,-0.650854268,-0.322963887,-1.828216006,-1.958995389,-0.570398715,-0.453815369,-0.888918785,0.087369646,0.032079894,-0.035212756,-0.356532097,-1.199648833,-1.064210862,-0.296924654,-2.432693778,-1.196666229,-0.18224156,0.15280692,0.457045028,-0.348706774,-0.078826781,1.03797725,-1.411407062,0.547774528,-1.329536027,-0.177334015,0.197374359,-0.527463265,-0.404365713,-0.200770701,-0.657973106,-0.041342964,1.000080258,-2.286711744,-0.981629573,0.878505788,-0.241689469,-0.502196297,1.100510486,0.895148808,-0.086975014,0.501865602,-1.28157405,0.317871744,-1.417991448,-1.142877705,-0.729603718,-0.534776845,-0.918543267,0.902516299,-0.871556401,-1.944910649,0.348824207,-1.174414002,-1.247228313,0.680517764,-1.22894879,-0.794737036,0.121420855,-1.917322692,0.655601065,-0.458391314,-0.22652426,-0.700373226,-0.813508537,0.657001734,-0.574653287,0.996468815,-0.265268478,-0.245900538,-1.694995801,-1.090644119,-0.273121921,-0.865360003,-0.705422211,-1.158680815,1.239880343,0.37692845,0.777855909,-1.119938075,-0.870123051,0.438706442,-0.250129416,-0.496922719,-0.983766897,-2.640858952,-1.79275997,-1.385494681,0.617992507,-0.562820919,0.071203759,-0.320480784,-0.60166249,-0.401821753,-2.798522104,-0.845599304,-0.369036752,-1.467070671,-1.32425897,0.440059753,0.165344933,-0.83149013,0.068592792,1.345498408,-0.687562802,-1.003211204,-1.07557959,0.523603636,0.064194712,0.387708387,-0.482076211,-0.381553288,-2.193730688,-0.924070919,0.497010635,0.825840722,-0.152685088,0.916290732,-1.832581464,-0.704005924,-0.730018655,0.220820856,-0.387281438,0.278086179,-1.165072655,-0.506169812,-1.794563397,0.841006684,-0.182121577,1.138057336,0.419762413,-1.154547921,0.637951545,0.204979581,-0.548873691,0.431002892,-1.278696351,0.575207883,-1.033105487,-1.16219127,0.062505205,0.260593467,1.010290963,0.173196719,0.072878645,-0.069457265,-2.095570924,-0.17411532,0.524018218,1.65196086,-1.225536982,-1.160913315,-1.484127722,0.088377111,0.502531321,0.076868444,-1.368847448,1.386919166,1.277204679,0.147557564,0.002397125,0.140196631,1.352349705,0.01400152,0.497253944,-1.001576326,0.560529656,-0.623621118,-0.314573768,0.625457032,-0.656622406,-0.446443365,-0.447850825,0.096945206,-1.103524333,-0.488086137,0.023521195,-0.132960127,-1.122392817,0.136277618,-1.388697246,0.40726349,-1.539445541,0.908137585,-0.599474705,-0.481428647,-0.917541514,-0.006319929,-1.89645354,0.131115978,0.349811444,0.519686252,-0.206163531,-0.056252942,0.509044038,0.951850907,-1.582795982,-1.067404362,0.677576586,0.187392014,-0.608438453,0.159138221,-0.773706688,-0.596565083,-0.725257235,0.494208318,-0.013287894,-0.023370986,0.094218675,-1.47840965,0.778911948,-0.424953785,-1.348998576,-1.668126909,0.884511065,-0.923063616,0.550661532,-1.678787991,0.45139404,0.239331812,-1.060161102,-0.287015628,-1.354020801,0.706458195,-0.749929195,-1.020540753,-0.090581378,0.405931666,0.720908251,-1.835084594,-0.009646377,1.35268587,0.571036042,0.467312511,-1.48236483,-2.520741103,-0.664365379,0.590782174,0.977837282,0.17302851,-1.275110832,0.666649189,-1.976884953,0.121509417,-0.509659637,-1.502828177,-0.059431584,0.056474847,-0.730018655,-0.436336772,-0.646263595,-1.367276355,-0.080993159,-0.871317366,-0.210597582,-0.459024125,0.333897496,-0.852846559,-1.379120157,-1.703748592,0.295575835,-1.318635713,-0.668844888,-0.930643238,-0.657587005,-0.791642427,-0.54818141,0.056663847,-0.285817146,-1.347073648,-0.467606505,-0.321859524,-0.211462047,-0.413547684,-0.784166579,0.973917925,-0.864884944,-0.360109406,-0.819164021,0.866764297,0.146780731,-0.648938926,-0.538710827,-1.674509909,0.078533878,-0.012680053,-0.372804326,-0.222643676,-1.615455985,0.448205262,-1.097812609,-0.639985632,-0.258900271,-1.371997056,-0.376440429,0.077886539,-0.618782099,-0.032316602,-0.012578782,-0.485970423,-0.343758719,-1.134446742,-0.665921194,-1.234775714,-1.069733329,-0.652965391,-1.288441961,0.514618422,0.195237782,-0.463147188,-0.391562203,-0.33477368,-1.126086266,-1.417991448,-0.358676947,-0.526277728,1.09078171,0.569170001,-0.04103035,-0.387428746,0.539587992,-1.146647738,-1.465770563,-0.255795884,0.132343187,-1.108056748,-1.379120157,-0.572523738,0.557041048,-0.592759007,-1.949817774,-0.194556095,0.207989304,0.81708899,0.729623747,0.393797303,0.154179251,-0.364995176,-0.443011224,-1.457146102,-0.11945944,0.661966063,-1.237184939,-0.795401415,-0.658552536,-1.136937403,-0.700776208,-0.258511695,-0.672560547,-0.11272087,0.216803496,1.247089763,-0.484508315,-0.808558032,-1.483245887,-0.522055106,-0.218778094,-1.336742582,-1.243406874,-0.368458383,-0.330033013,-1.321255965,-0.108030744,0.264669298,-0.514666323,0.491153388,-0.032419891,0.150228713,-0.953992599,-0.261624538,-1.035355839,-0.857078872,-0.587166857,0.753395261,-0.03397052,-0.241307522,-1.274395269,0.322083499,-1.293532881,-0.146298258,-1.323131786,-0.384633599,-1.011151013,0.529097669,-0.248076818,0.453747207,-1.547402522,-0.365283319,-0.402569305,0.169067441,0.315540401,-1.848329821,-0.651429587,-1.079103822,-0.325868654,0.536142432,-0.369904933,-1.065951506,-0.506169812,0.228568808,-2.701571235,-0.132960127,-1.052110455,-0.089049817,-1.293532881,0.473933398,-1.115656723,0.1857324,0.162288903,1.355654725,-0.611935925,-0.693347201,-0.666894809,0.584614974,-0.156419919,-1.588165777,-1.123622452,-0.541456667,-0.386986887,-0.638658995,0.293415604,-0.710293339,-0.340098805,0.006180859,0.353048376,-0.910805802,0.455080329,-0.858729621,-0.825764705,0.358652986,-0.628296208,-0.502361545,-0.677077,-0.026652031,0.727307032,-0.418398384,0.175548673,0.919126707,0.385738478,-0.470323681,-1.922095971,0.302546054,-0.03635283,0.514558647,-2.208184418,-0.054773026,0.988202007,-2.243373233,0.147384987,-0.99452258,-0.372368881,-1.330292171,0.136801042,-1.170538028,-0.016434307,0.245139849,-1.369240607,-0.558791128,0.520577915,-0.160403522,-1.034792776,-0.03469497,-2.069887329,1.063537635,-2.672200548,-2.498599977,0.378093911,-0.521886571,0.355083679,-0.479004011,-0.234710188,-0.845599304,-0.041968485,-1.039306183,-1.319757837,0.202859208,0.417064244,0.584837877,-0.271283927,0.734289124,-0.66533748,-2.02798826,-0.616741849,-0.055935632,0.181654668,-2.414634597,-0.485157877,0.769737783,0.780745885,0.455587718,-0.299484785,-0.702793558,-0.238637972,-0.527971783,-0.446130865,-1.895121982,-1.259837937,0.305423754,-2.059638914,-0.457442847,0.187723606,-0.425718837,-1.008954417,-0.763140552,-0.855901432,0.609711222,-0.084795652,0.342312293,0.57402575,-1.111697528,-0.834710745,-1.25351325,-2.567853571,-2.420243137,-0.56141741,1.586394439,-0.933691247,-0.158644093,-0.426637673,0.853095308,-0.124203604,-0.002904213,-1.028899676,-0.058264908,0.66582737,0.101563315,-2.764620553,0.100116791,0.444172869,-0.763569645,-0.004811557,0.393932192,-0.784385661,-0.905103543,-1.753885817,-0.328226328,0.015479571,0.452539516,1.443383328,-2.125276078,-0.075262485,-1.780226233,-1.042988385,-1.734434403,-0.3013754,0.009554213,-0.920298753,-1.884532869,-0.100041354,0.046024438,0.057513906,0.081764302,-1.1858055,-1.29974976,-0.579818495,-1.096913732,-1.240636789,-1.420885806,-0.300294611,0.611557444,0.226657371,0.179818427,-1.047824122,0.920322593,-0.241052972,-1.532939942,-1.25456459,-0.993441791,0.34967047,0.02586266,-0.456968951,-1.776673832,-0.560716393,-0.412187654,-0.805196684,0.076590602,-1.099913134,-0.832179389,1.389813163,-0.846997905,-0.068278841,-0.425871918,1.207466694,0.321431113,0.550257853,-0.480619782,-1.639381789,0.141412753,-0.788117418,-1.122700084,0.532919741,-0.207024169,0.857262335,0.359211724,-0.741077714,-0.331842968,0.335257213,0.997723243,-0.069993372,-0.835632829,-0.696753676,0.096037188,0.322590617,-0.206286434,-1.746977327,-0.175902205,-0.574120474,0.201470376,-0.678455632,-0.342208659,0.178731788,-0.008032172,0.079457921,0.443787982,1.527077521,0.223943232,-0.180084062,-0.006621876,0.41534943,-0.761211912,0.463671121,0.285479649,-0.407667532,-0.695349604,0.098305689,0.11867153,-0.231679882,0.448907666,0.256346192,0.438641953,-0.29732845,-1.20330636,0.075385727,0.081211255,0.417920549,0.00608147,-0.698762919,-0.84629836,-1.532014016,-0.061981792,-1.125469743,-0.401821753,0.464928271,-0.183802653,0.51204488,0.576444811,0.072878645,-0.235469201,-0.452085129,0.55910137,0.998607774,-0.073216062,-1.198653643,-0.553907114,0.52756474,0.039220713,0.0329511,-0.742337425,-0.195771605,-1.300850879,-0.87275243,-0.356389271,-0.070959089,0.777993716,-0.400925428,-1.399582255,-0.52256088,-2.207274913,-1.123930097,-1.817692851,-0.557742544,-0.826221535,-0.714370817,-0.128856622,0.439157749,0.414623046,-0.077421147,-0.230545881,0.333109446,-0.199427025,-0.190918404,-1.079986825,-0.295176754,0.426769875,-0.543693227,-0.361113351,0.13076507,-1.399987688,0.070085608,-1.340556469,0.363531385,-0.648173815,-0.251928903,0.230873597,0.471315269,0.803659403,-0.319654452,-0.84769794,-0.665532014,0.252857681,-0.67766761,0.808482779,-1.162511015,0.15315018,0.050312814,-0.26097523,1.050646784,0.721880399,0.434441216,0.952275446,0.815232061,-1.690647968,0.616805947,1.626413017,0.473061449,-0.525600909,-0.149776925,-0.533923675,-1.08975166,-1.541779264,-2.428148316,-0.006722546,-1.942117351,-1.18678798,-0.979763155,-1.818308805,-2.014403146,-0.174353387,-0.565105831,-1.658103084,-1.119938075,-1.215370849,-1.112914073,-2.691193084,0.438190413,-0.689553645,-0.855901432,-1.47490702,1.266412249,0.460962885,1.295986648,-1.162830861,0.289006195,0.044399587,-0.322687682,-0.645119212,-0.363411872,-0.070959089,0.894740178,0.273836666,-2.429282746,-0.522223669,-1.808498793,-0.362118304,0.667059846,-0.646645347,0.663254823,0.607316924,-0.100262422,-1.168927463,-2.818423259,-0.971010944,1.351858184,-0.274305275,-0.234963128,0.02391182,0.393932192,-0.485482816,1.208363153,0.197210169,-1.907170321,-1.928266714,-1.504627548,1.071926023,-0.751412089,-0.338694705,-0.167590592,-0.319654452,0.610308902,-0.722575991,0.904015701,0.360467742,0.020194707,-0.629984606,0.531980278,-0.972861083,0.645426444,0.781249629,0.095128345,1.014034312,0.580090458,0.02166364,-0.28568407,-0.668259465,0.457108341,0.171344866,0.86141207,-1.257022025,1.307251154,0.626205775,-0.642644198,-1.554476354,0.287732071,-1.451152934,-0.534264856,-0.480296419,0.087094707,-1.886509806,-0.241944181,-1.533403226,-0.400029906,-1.575036486,-1.621510494,-0.115972176,0.188303629,-0.273910668,-0.075909594,0.12804135,-0.596201975,1.159895517,0.671719233,-0.60531947,-0.494132401,-0.274042187,0.094400675,0.144100344,-0.270497248,-0.06038715,-1.318635713,-0.622688717,-0.735845935,0.276646403,0.929720152,-0.554603371,-0.141218002,-1.516858731,-0.212822002,-0.313068259,-0.840024376,-0.915541013,-0.028811082,-0.47096409,-0.452713961,-1.951928221,0.309027627,-0.307204739,-0.007830579,-0.307204739,0.986674635,0.842428883,-0.389788629,0.029947076,0.451075619,0.422387775,-0.904609227,0.188386461,0.561613791,-1.767261998,-0.908074577,-0.599292605,-1.091239534,-0.576965426,-0.611014351,-0.659712405,-0.439901285,-0.484670666,-1.123314901,-1.653912403,-0.606052474,-0.962858368,-0.351829559,-0.374984401,-0.722781986,-0.317042228,-1.686318957,-1.162511015,-1.293168383,-0.568807906,-0.88746035,-0.404365713,-0.022961612,-0.328087487,0.742603789,-0.998585975,0.597021669,0.179818427,-0.323931205,-1.792159549,-1.855978042,-1.128247094,-2.360214206,-1.341320996,0.42794389,-0.725257235,-1.495216768,0.056852812,-0.081752502,-1.132582808,-0.028296599,-1.889151815,-2.199126385,-1.672910335,-2.073857163,-1.477094725,-0.665532014,-2.405725852,-1.487662856,-0.559840813,-1.398771883,-1.633730605,-0.603489309,-2.155890714,-0.678849876,-1.018046641,-0.680428408,-2.045619993,-1.332564039,-1.48722028,0.766908664,-0.885276678,-0.427557355,-1.415105443,-1.773723107,-1.525096764,-0.843505062,0.591834019,-0.497415937,-1.451152934,-0.934200152,-2.268183666,-1.762589092,0.963975523,-0.560891601,0.691545899,-1.49923912,0.002696362,-0.26175445,0.868486082,-0.838866835,-0.611751542,1.04679254,-1.203972804,-1.891800823,-1.852784171,-1.48943512,-1.308592854,0.27117152,1.594730284,-2.069887329,0.46171941,0.149023271,-1.876663976,0.14115228,-0.732719956,-0.345452438,-0.546625528,-0.093651556,-0.568631306,-2.463928243,-0.285018955,0.665673204,-0.373239961,-1.152013065,-1.257022025,-1.208315554,0.397231303,-0.96942783,-0.210721031,-0.88116493,-2.078641862,-1.944910649,-0.513161684,-1.756199294,-0.718464989,-1.6321949,-0.333377032,-1.08146023,0.180736969,0.321866084,-0.524755529,0.7305393,-0.518018094,-2.349676701,-0.486458267,-0.782853094,-0.014200349,1.032935342,-0.738772359,-0.019284761,0.105440513,-2.061994628,-2.061208773,1.056052674,-0.253216236,-1.792159549,-0.544554777,-1.903138057,-2.595614772,-1.426283369,-0.325868654,-2.257611727,0.119559235,0.506395827,0.289155986,-1.651823629,-0.358390701,-0.228156093,-0.394228476,-2.530741186,1.425130385,0.575151622,-0.068385913,-0.879476759,-0.637901706,-1.795767491,-0.510658971,-1.998783639,0.729430893,-0.019896632,-0.242581245,-0.757792374,0.639904619,-1.168927463,-0.762926075,0.44743844,-0.217037233,-0.697757793,-2.041760475,-0.145372653,1.059282236,-1.429619486,0.020978406,-0.483210457,-0.132845913,-1.346689107,-1.235463471,-1.232715273,1.18362723,0.007670506,-0.680230955,-0.249230886,-1.521427035,-0.045939232,-0.399433336,-0.721135217,0.698283965,-0.201259758,-0.018469516,-0.745704431,0.75954335,-1.200312844,0.220018674,-0.345311185,-0.0438474,-0.001601281,-0.162283663,-2.272055888,0.06325645,-0.398092354,-1.642994696,1.103433979,-0.612858349,-0.044683608,1.77943382,-0.816897988,0.71270468,0.358513253,-0.284354282,-1.658103084,-0.454602833,0.125663018,-0.463783017,-1.368454443,0.834820339,-0.001300846,-0.117770536,-0.918543267,-0.111937653,-0.747603366,-0.539053645,-0.193463397,-1.384296359,-1.430873405,-1.261601917,-1.799388496,-2.070680036,0.189214413,-0.922057327,-0.901648455,-1.838851077,0.298992864,-0.903127745,-1.167640875,-0.483696956,-0.537683078,-0.300159594,0.244670182,-1.215370849,0.596415992,-1.904480339,-0.990206415,-1.134135845,-1.37081479,0.99124977,-0.539739634,-0.179605249,0.474680177,0.248109297,0.21993842,-2.059638914,0.241847536,0.071576199,0.220259396,0.233331478,-0.648173815,0.484214672,0.367417041,-0.678652734,0.171681822,-0.465533635,-0.297867098,1.491037186,0.665261977,0.362279211,-1.198653643,0.481129012,1.357277412,-1.6321949,-0.462194202,0.69409673,-1.721487416,0.62245644,-0.762926075,0.461845442,-0.379505006,-0.497251504,-1.053543325,-0.343617705,0.158455686,0.338897864,-0.838404193,-0.382432409,-1.741256487,0.784905606,-1.087079053,-1.509140191,-3.206453305,-0.531368525,-0.235089622,-0.833559334,-0.57234648,-0.63412384,0.663306339,-0.555648667,-1.431291727,-0.342067863,-0.063898726,-0.586807145,-0.206778197,-0.466968241,-0.411734721,-0.595657559,-1.288079314,0.238623122,-2.350725468,-0.472887784,-1.697176827,-0.098936748,-0.372659156,-1.077927698,0.811196847,-0.013896105,-1.62964062,-0.105249411,-1.004575647,-0.425259735,-0.532900831,-0.899433615,0.106429944,-1.434644622,-1.385494681,-0.518018094,-1.047253996,-0.472246142,-0.444101992,-1.177980224,0.285629968,-1.043556083,-0.166999541,-1.255617038,-1.392714929,-0.274042187,-1.46793835,-0.932674211,-0.186209104,1.071480871,-0.487434671,-1.282655326,-0.581426931,-1.826350914,-1.203639527,-1.938636665,-1.444347293,-1.051824127,-0.25747623,-0.539911205,-1.806061254,-2.256656161,0.514080322,-1.141624179,-1.271181554,-1.190727578,1.134912073,-0.56457808,-1.84136997,-0.487760351,0.335686214,-0.770244231,-1.325011133,-0.476585241,-0.163107338,0.262287338,-1.254915283,-0.718670138,-0.789658081,0.152892746,-0.457916968,-0.517346841,-1.307113563,-0.402120707,-0.68995229,-0.3588201,0.125045489,-1.875358493,-0.296521021,-1.09302791,-2.269150317,-1.321255965,-1.26513924,0.392987587,-0.800064463,-0.140872559,-1.349769586,0.542208005,-2.270117903,-1.898454208,-0.671972945,-0.727324632,-0.648173815,-0.957373177,-0.369181396,-0.327671081,-0.798063351,0.165429689,-0.135590654,-0.195042121,-1.356735559,-0.182601596,-0.883097765,-0.432476657,-1.358290165,-1.934475771,-1.807888851,-0.802069588,-0.599292605,-0.166526951,-0.768948894,-1.589635285,-0.113392687,-1.016663706,-0.236355445,-0.643785751,-0.630548039,-1.009503114,-0.756726162,-0.598382604,-1.07089985,-0.337152468,-0.852377406,-0.509992638,-0.613227557,-0.302457358,-0.059750004,0.508021696,-1.002393431,-1.875358493,0.325122355,-1.210661793,-1.899790213,-0.080342753,-1.093624747,-0.171975265,-1.002938539,-0.378920553,-1.786771928,-1.362187286,-0.822572728,-1.605944023,-1.395940738,-0.906835573,0.672995492,-0.46792579,-0.224018934,-0.921554562,-0.529668712,-0.004409709,-0.206040643,-1.242713633,-0.828050943,-1.318261951,-1.240291067,-0.844667988,-0.287682073,0.790364631,0.467124489,0.169405165,-0.4547604,-0.527632742,-1.171828351,-0.655273528,-1.227924025,-0.288615842,-0.237242476,0.105710454,-0.783728559,-0.314710745,0.708380561,-0.186932169,-0.35982275,-2.718100537,-1.021651248,-0.13776893,-0.899925378,-0.528480559,-0.116646182,-1.586209786,-0.597109992,0.956703043,-0.084033996,-0.322273517,-0.584292776,-1.059583902,-0.296521021,-1.510950966,0.052212871,0.315613337,-1.37081479,-1.564464547,-0.164049512,-0.443946095,-0.991822795,-0.764643182,-0.18248157,-1.53433044,-0.885761527,-0.579104465,-2.537042404,-0.484833044,-0.472085796,-0.321445703,-0.733969175,-1.146647738,-0.642834367,0.340606536,-1.628111178,-1.623029866,0.025960102,-0.372949516,-1.040437725,-0.196258223,-0.431244561,0.180069022,0.054961558,-0.311018938,-1.201309687,-1.386294361,-0.247692424,-0.80430223,-1.214696768,0.864492047,-0.758859724,0.867898489,-0.787677664,-0.674718045,-0.566162169,-1.339792528,0.034787826,0.138804963,-0.859910398,-0.793630719,-1.244794799,-0.346866066,-1.364924335,-0.157004749,0.881657878,-0.758005753,-1.599982754,-0.001901807,-0.946492241,-1.500135178,-0.043325125,-0.156302994,-1.901797574,-1.046684196,-1.110178925,0.484214672,-0.457442847,-0.027576768,-1.274752986,-1.310074335,-0.868453403,-2.304587096,-0.372949516,-1.472724089,-0.717439873,0.145138766,-1.476656801,-0.677470701,-0.753534331,-1.692276191,-0.901648455,0.192519382,0.21333561,-1.210326278,-0.432322562,-0.471925475,0.39285257,-0.250129416,-1.078515587,0.996394976,-0.836555764,-0.046043939,-1.843895224,-0.249872611,0.242004559,-1.969690678,-0.0438474,-1.889151815,-0.003305457,-0.142485648,-0.190192451,-1.299016353,-0.544037758,0.474120145,-1.199648833,-0.369326062,-0.042490052,-0.599292605,-1.286630038,-0.155368087,-1.547402522,0.172776144,-0.819164021,-0.257993829,-0.952695414,-0.255925041,-1.729912066,-0.989668202,0.392987587,-1.117795108,-0.659712405,-1.235807528,-1.216720377,-2.889572078,-0.685972977,-0.100262422,0.564688614,-1.614953093,-0.676880208,-0.00060018,-1.043840053,-1.930332119,-0.540941248,-0.152568599,-1.450726221,"RMS"
"29",0.37101168,-1.813391769,-0.953214086,0.112792828,-1.852146619,-0.069778895,1.931564889,-0.364995176,0.235230212,0.037488444,1.830948131,-0.029222859,1.575032786,0.272009903,-0.275226631,-0.742547531,0.523307401,0.263210061,0.512823626,-1.616966179,0.485138517,1.654392157,-1.097812609,1.749686693,0.600648046,1.695927487,-0.833329211,-0.009040745,-2.125276078,-0.289951312,-0.417031745,-0.39660448,-0.965743616,0.71083974,1.487993181,0.547543207,-1.065370955,-1.121471583,-1.122085645,-1.021095846,-0.844435295,0.873591977,-0.250001006,-1.041287222,-0.143985851,0.72947911,1.748016546,-0.253087428,1.674045181,-1.963972292,1.583155537,-1.903808973,0.522062256,-1.634243031,0.162543929,0.55583723,0.907855253,0.675034125,0.432171951,1.883517895,1.85362254,1.94329244,-0.612858349,0.642432666,0.586341176,-1.846426871,-0.570398715,-2.218243945,-0.735845935,-0.767655233,-1.47840965,-0.918292735,-0.823255866,-1.915963073,-2.517016704,0.897107913,-0.039676817,-0.664365379,-2.161953963,-0.112608944,-1.37634403,-2.149864006,1.240256516,0.557212903,-0.383312304,-2.850766503,-0.929882685,-0.011667805,-2.907721396,-1.028060633,-1.496109227,-0.815088851,-2.100460909,0.835514422,-0.833559334,-0.627546724,-0.810355382,-1.683084453,0.98155399,-1.470545914,0.229046097,-0.9105572,-1.113522901,-0.802515718,-0.670994376,-0.825308084,0.809284418,-1.202307525,-1.859182146,-2.551046452,-2.610469873,-0.023166278,-1.40853997,-0.676880208,-1.203972804,-0.748448496,-2.052604888,0.005683817,-2.66068963,-0.100704704,-0.992092445,-1.901797574,-1.311929279,0.404931633,-1.143191332,-0.149660775,-0.741707371,0.109033761,0.355293991,1.063226878,-1.169571378,-2.448767603,1.314637229,-0.704814985,0.02849027,-0.575541939,0.339752565,-1.11932533,-1.341703478,0.933344486,0.677881247,-1.358290165,-1.663366255,1.278096491,-1.730476241,0.191694163,-2.558768498,1.765244364,0.455524308,-1.238909374,-2.012156795,0.074179398,-0.048350261,-1.513219055,-1.407722309,-0.973919845,-2.697110261,-0.279449388,0.668547064,-1.26655768,0.987345476,0.835427688,-0.545934801,0.716521852,-0.590951668,-1.328780455,-1.140685065,-0.438349935,1.241990872,-0.874908894,-0.360969868,-1.407313728,-0.75098818,-1.590125601,-0.168418652,0.979490858,-2.75986995,1.06343406,-0.988323935,1.502854427,-1.40853997,-2.191938573,0.414556985,-1.906497147,-0.700171796,-1.016111067,1.824936314,-1.176681944,1.073431224,-1.441384327,-1.438851612,-0.997229674,-1.56303154,-1.013352445,-1.077633882,-0.108030744,-2.093946228,-2.305589602,-1.809719795,-0.731056754,-1.887829938,1.386469346,-1.062762636,-1.89645354,0.721248611,-0.434790938,-0.073861849,-0.502031076,-0.383018919,-0.728567126,-0.188138442,0.725081799,-1.837594006,0.962410668,0.839193682,-2.132842318,-0.225020311,1.416435518,-2.21183073,-2.582298996,-0.676093426,-0.382432409,-0.717644812,-1.938636665,-1.122700084,-0.102032726,-0.803855303,-1.315649522,-0.432784919,0.84689778,-2.445301395,-0.740238788,-2.017406151,-1.9618363,-1.392312433,-0.044579043,-0.831030888,-1.26655768,-0.512493681,-0.242963679,1.227064136,-1.268689119,-0.961026626,-0.980562622,-0.066674133,-0.956071602,-0.799174585,-0.519866368,-0.966269102,-0.437110586,1.145527681,0.768764727,-0.168300315,1.484033407,-2.066722769,-0.600385701,-0.971539206,-0.534094251,-2.299589584,0.666854539,-0.054773026,-0.13868752,-1.076752954,-2.41128451,-0.773489933,1.16807616,-1.941420244,-0.825536369,-1.292804018,0.050788167,-0.654311157,0.812706416,-0.013693327,0.019214219,-1.216720377,-0.982964865,-1.018046641,0.760431927,-0.823483682,-0.223893833,0.889042857,-0.452871231,-0.62008261,-2.429282746,0.9680859,0.84766922,1.142565376,-1.583282955,-0.04144719,-1.171828351,0.422912022,1.419366402,-0.032523192,0.592829484,0.835037292,0.051928093,0.347058857,1.487518835,-1.220779923,-1.267622831,0.598891445,1.125838275,-1.560171671,-0.117883041,-0.361687486,-1.05010788,-1.275468806,-0.780013114,-0.704814985,-1.279055611,-2.653562016,-0.469523744,-1.345920467,-0.989399204,-1.245489485,-0.356103679,1.380351739,0.249434885,-1.219086442,-0.088066479,0.070178835,-1.521427035,-1.096015663,-1.301585633,-0.747181069,0.204490663,-0.579818495,-2.11943055,1.528748329,1.018233413,1.732009465,-1.062762636,-1.048394573,1.470980119,-2.076246651,-0.063578982,-1.086189769,-0.616741849,-1.320132159,-1.263722809,0.501017683,0.705026343,0.781753119,-0.351687402,0.986674635,0.228489238,1.631981877,-1.085597352,-0.335612606,-0.627734042,0.220580269,-0.616371342,1.732557793,-1.268333564,1.483284946,-1.00758399,-2.529485693,-1.654958428,-1.989966535,1.77330693,0.876884402,-1.432128898,-0.941095851,1.76323996,-0.661648514,-1.520969264,-1.000759889,-1.274037679,-1.099612789,-0.036871475,-0.03894875,-0.117658044,0.220981215,-0.749082813,-0.763355076,-0.491676805,-1.101416216,-1.041003976,-0.685575915,-0.404965233,0.145138766,-2.05494407,0.076034686,-0.807884858,-1.283376827,-1.420057991,-0.428938464,-0.719080563,-1.130102956,-1.815232825,-0.874189556,-0.57234648,0.02586266,-0.596746686,-1.307113563,0.771079972,0.167292518,-1.406088988,-1.292804018,-0.309791358,0.204898111,1.212565779,-1.654435278,-1.912572089,-0.494296322,-0.313889165,-1.058142356,-0.857078872,-1.352859585,-1.519140275,-1.898454208,1.261439504,-1.400393286,-0.844900736,-1.554949727,-1.161871628,-2.823461053,-0.59529478,-0.322549608,1.431363325,-0.8703618,0.081948583,1.755976839,0.183654002,-0.631675859,-1.701005106,-1.169893491,-2.611831343,-1.48236483,0.09148469,-0.213440776,-0.733969175,-1.67932404,-0.750352654,-0.861802547,-1.547872557,-0.039260714,-0.18248157,0.224262925,-0.998585975,-0.183802653,-1.468806783,-1.164752091,-0.109814866,-1.432128898,-0.050346374,-0.764213629,1.29324662,-0.886974678,-0.518185978,-0.123863987,-0.618039708,-0.361256853,-0.954511945,0.793218734,-0.174591511,-1.298649851,1.184453537,-0.34658318,0.414226614,0.371149678,1.123890096,-1.506881324,0.200570691,-2.07544952,-1.073529508,-0.09629066,1.061083477,0.799711971,0.936132574,0.204327637,-0.733136189,0.094946477,-1.226218413,-0.117095772,0.575207883,-1.926892143,0.171850257,0.060342229,-0.873231242,0.779921029,0.030723173,-0.158409737,-1.773723107,-1.055265484,-1.268689119,-0.835171681,0.733713142,-0.428170946,-0.350125013,-0.667479434,-0.652773286,0.044590883,-1.426283369,-1.111697528,-0.422509543,-0.600932697,-1.938636665,-0.056782014,-0.188379871,0.064944689,-1.831956659,-0.655466114,-1.208985346,-0.922057327,-1.676646662,0.154779054,-2.380546635,1.823258136,-0.561592741,-2.015903521,-2.152442435,-0.419462618,-1.078809661,-0.808109199,-1.461017907,-1.682008605,-0.01095984,-0.111490376,1.858062059,-1.508688009,0.321431113,1.947252105,0.64353668,-1.893127964,-3.537017105,-0.737308076,0.72890035,-0.21915153,-1.361406646,-0.543693227,0.339111608,-2.686778066,-1.271894821,-1.037893554,-1.550697417,-0.95972029,1.056191795,0.912965208,1.552592391,1.483194186,-1.247228313,-2.474560358,0.136888252,0.171513358,0.498591086,0.703345006,-1.491210531,0.31889,-1.485893726,1.772338769,-0.047720736,-1.828216006,-1.0336676,-0.461876742,-1.11078609,-0.742757681,-0.588787165,-0.365715689,0.610417533,-0.464101084,-0.220148042,1.340930819,-0.693547261,-2.704556312,-1.199980783,0.892571645,-0.759286983,-0.489716661,-0.490043085,-0.365139237,0.860481995,-0.096621039,0.473933398,-0.839098236,0.883560907,-0.865835288,-1.691733155,-1.082935809,-0.299754654,1.262203976,-1.202640359,-0.257734996,0.551007413,-1.227241431,-0.3013754,-1.810330855,0.486000002,-0.99452258,-0.966794864,-1.947711771,-0.167945391,0.358163835,0.797281945,-0.552863635,-0.177214619,0.029850022,-1.326894018,0.374662199,-0.598382604,0.179985497,-0.132275039,-0.40977438,0.736062982,-0.87562875,1.071686351,-0.121828708,-2.981829368,-0.512827626,-2.061208773,-1.690105816,-2.577021939,-1.356347285,-0.024190239,0.11724956,-1.813391769,0.954010319,-0.992901834,0.751793376,-0.429399258,-2.404617819,-0.968110481,-1.424619475,-3.221378955,-1.193692495,-1.982677873,-1.817077277,-2.10701831,-1.325387426,-1.458005209,-0.442232832,-1.678252228,-0.801846598,0.076220026,-0.462829426,-1.822012512,-0.960765222,0.428856061,-0.560015868,-0.011465478,-1.159636991,-2.378386806,-0.228533049,1.423927276,-0.079151438,0.102376067,0.338969117,-0.619339253,0.698582383,-0.462829426,0.294310059,-1.175061461,-0.636766847,-1.423373369,-0.687363936,-1.598003535,0.654977914,-0.148036079,-1.524637311,-1.887169654,-0.841183259,-0.229161624,-0.706029806,-0.58788667,-0.513662979,-1.223495471,-0.536485371,-1.298283484,1.135779613,-0.441455046,-1.679860377,-1.826972225,0.612045579,0.1670387,-0.894773888,-1.645583359,-1.212004976,-1.328025453,0.623797102,-0.089049817,-1.271181554,-0.901402119,-1.461449035,-0.362836746,-0.97418471,-0.192250688,1.019099996,-0.157941188,1.586762763,-1.141937413,-0.100262422,-0.139721943,-0.466330384,-1.686318957,-2.081844426,-1.243753674,-0.093431945,-2.173312757,0.517244976,-0.890135774,-1.637837387,-0.207762449,0.112971479,-0.178289696,-0.560541216,-0.825079852,0.309688153,-0.932674211,0.56514334,-0.954252238,-0.506335719,-0.446287103,-3.146555163,-1.189084192,-0.257605605,-0.505009238,0.498591086,-0.142255048,0.305865743,0.875802015,-1.62049886,0.368593633,-1.981226494,0.552619945,0.520518496,-2.991740252,0.764397502,-0.560891601,0.166107483,-1.718137329,0.267581401,-1.727095956,-1.592580795,-0.729188952,1.586251166,-0.135132674,-2.275943162,-0.616556578,-0.059113265,-1.025268894,-0.223393583,-0.150590359,-0.507996297,-0.728359936,-0.903127745,-1.764922815,-0.613966383,-0.337432698,-1.481044698,-0.045415864,0.3249056,1.199000463,-0.79628794,0.593492577,-2.544656654,0.324182744,-1.060161102,-2.238671767,-1.47490702,0.398239063,0.538479701,-0.256571077,-2.047942875,-0.99398204,-0.487434671,-1.780226233,-2.471003745,-1.436745905,-1.24098263,0.31619664,-0.558616288,-0.546107438,-1.194682757,-0.125676608,0.363809433,-0.089487167,-0.0010005,-0.148384006,-1.576970722,-1.681471115,0.423435993,-0.987249821,-2.348629032,-0.493313199,-1.712024501,-0.897959775,0.611665939,-1.500583508,-0.770676383,-0.902881045,0.084341148,-1.16219127,-0.007427516,0.039701367,-0.126243727,0.163223681,-0.150939176,-0.148384006,-1.663366255,-0.318828801,0.891670117,0.926359868,0.106879362,0.03854741,-0.778922958,-0.412942998,0.074272244,-1.946310229,-0.06134363,0.167969051,1.362513833,-1.709810887,-0.744861616,-1.176681944,-0.853550702,0.096128027,-0.800064463,-1.015834862,-0.026138658,0.019018006,-0.229035877,0.773758957,-0.690750056,-0.678652734,-0.125903417,0.25487475,-1.418404415,-0.817577259,-1.665479303,-0.793630719,-0.919295241,-0.176140698,-1.601469743,-0.488738027,-0.195893237,-1.555897146,-1.033386504,0.153235976,0.01498713,-1.035074268,-0.430475271,0.645006805,0.143927169,-0.419614744,-1.78557861,-2.407945609,-1.171828351,-3.005782609,-2.024196068,0.514737961,-0.320480784,-1.142250746,-1.378723096,0.475861439,1.404478032,-0.198694871,0.699576468,-1.450726221,0.05230778,-0.305846043,-0.905350792,-0.72216413,-0.988055298,0.227374588,-0.59511344,1.17167686,-1.561600583,-1.614450454,0.470503504,-0.762068626,-0.735011385,1.277427706,0.607262441,0.466685631,-0.054561788,-1.164752091,0.295352579,-1.347843175,-1.210661793,0.827328362,0.067004229,-1.013903561,0.497375576,0.256810409,-0.124090385,1.68730595,-1.23031678,-1.264430773,0.719448255,-0.930896884,-0.457758903,-0.513161684,-0.592216462,0.525852158,-0.198938863,-0.80833359,-0.506667614,-0.524586539,0.832256736,0.190455057,1.362846598,-0.062513905,-0.207762449,-1.245142081,-0.791201121,0.051833149,-0.236228791,-0.402270217,-1.741256487,0.619931118,0.27482477,1.066226829,-1.231001477,-0.524924548,0.085259844,0.355223892,-1.651823629,-0.35140315,-2.686778066,-0.441299561,-2.20183519,1.011673636,-0.066246646,0.197456444,0.525793051,-0.106138596,-1.186132886,-1.213349966,-0.801400766,0.48131442,-1.550226053,-1.524637311,-0.621943422,-0.275885263,-0.515168373,-0.376731889,1.150350484,-1.410587054,-0.978964326,-1.082935809,1.19924163,-1.717580071,0.686323955,-0.992092445,-0.341645595,-3.922073341,-1.582795982,0.254332093,0.779600068,-0.541113025,-0.249230886,-1.286630038,-1.019154367,-0.889162065,0.312618558,-0.308837615,0.085259844,-1.147592471,-0.016637641,-1.648698626,0.850962566,-0.418246443,0.014494446,0.595038087,-0.688159639,0.231587798,-0.677077,-0.630360193,0.074736346,-0.94803943,1.346461461,-0.424189317,-2.345492594,-0.439435628,0.21993842,0.175884215,0.10282731,-0.194070304,-0.305438794,-3.420380201,-1.480605041,0.106519843,0.676916167,-1.425035189,-0.940839605,-1.203972804,-0.603306477,-1.20330636,0.387233247,-1.186132886,1.918480222,1.80028965,-0.516843696,0.193261497,0.052782185,1.648754775,0.438512962,0.060342229,-0.34418188,-0.841647189,-0.540254435,-0.904362161,0.115023677,-1.586209786,-0.106138596,-1.077927698,-0.0062193,-1.302688777,-0.751836177,0.695594184,-0.733552595,-1.285906187,-1.420885806,-2.166307475,0.263747922,-0.536485371,-0.363411872,0.223543471,-0.645691239,-0.607887337,0.029655885,0.600264053,-0.407517212,0.625403529,0.570979547,-0.40137349,-0.127719742,-0.568454737,0.645688629,-0.68995229,-1.166034965,0.67350554,0.671668149,-0.582679728,0.123455804,-0.991822795,-1.004302609,-0.764213629,0.112792828,0.107059072,0.501502296,0.419762413,-0.610461814,1.515786356,0.536317917,-0.664559724,-0.962596485,0.538596421,-0.873231242,-0.263444848,-1.013077001,0.047169805,1.370419012,-1.434224895,0.272162261,-2.024953356,0.458689869,-2.161085531,-1.096015663,-1.0336676,-0.593301846,0.565484249,-1.666537505,-0.688557728,1.791642796,0.847369286,0.280128617,-0.800287056,-0.536314387,-0.054984308,0.085627086,1.072439414,-0.741707371,0.029947076,0.62882197,0.484645906,0.270561346,-0.510159179,1.088359912,-1.030299649,-1.429201862,-0.58788667,-1.483245887,-0.383459028,-1.638866723,-1.098412309,-0.968900682,0.36824772,-0.641503947,-0.830801346,-1.477094725,-0.83149013,-0.965480976,-1.101416216,-0.747181069,-1.096913732,-1.450299691,-1.25772526,-0.508993969,-0.237369259,-0.607887337,-0.131704491,0.27117152,-1.391507928,-0.864884944,-0.699970406,-0.748659891,-1.125469743,1.506230633,-0.005113049,-1.184497028,-0.755448207,-0.626423549,-1.589635285,-1.266202881,-0.310609577,-1.767261998,-0.646454453,-0.01349059,-0.881647788,-0.0927734,-0.278656261,0.145138766,-1.940027486,-0.866073016,-0.20383124,-1.003756758,0.898452574,0.478405733,0.269950798,-0.174472442,-0.475297618,-0.764858028,-0.737308076,-2.196424897,-0.473048259,-1.308592854,-0.883339632,-0.622316,-1.307483181,0.060718735,-0.750140902,-0.071710848,-0.713145827,-0.264095763,-1.377929445,-1.524637311,-0.785701162,-1.807888851,1.083498651,0.559787202,-1.219424909,-0.088066479,1.039074576,-0.794958447,-1.121471583,-0.898205264,0.80486743,-0.32379296,-1.350927217,0.409324318,-0.05013607,-0.838635487,0.012620031,-0.818030363,0.158882325,1.246342401,0.092488019,0.357324733,-0.539396581,-0.17924629,0.073529233,-2.142168372,-0.59293992,0.981216678,-1.041853955,-0.564753966,-0.814862939,-0.534435489,-0.670994376,0.411182068,0.003095205,0.739267116,-0.020304753,1.39493195,-1.121164693,-0.16546444,-0.634878272,0.025180299,-0.083055575,-0.728774358,-2.171556831,0.059683002,-0.292761618,-1.000215967,0.206688913,0.541102615,-0.822345119,0.865670895,0.275508272,-2.296603021,-0.748659891,0.772651282,-0.438815088,0.223143551,-0.999400639,-0.253602759,-0.145257013,-0.358390701,-2.347582459,-0.692747261,-1.385095081,-0.28143496,-0.748025842,-0.691548459,-0.273121921,0.159479315,-1.345152418,-0.373385215,-0.362118304,-2.005447862,-0.100594115,-0.318416232,-0.392006088,-1.578423859,-1.811554097,-1.323131786,-0.292493629,0.304834131,-0.37353049,-0.271152771,-0.379943571,-0.015418253,-1.88981341,-2.116105526,-1.704298194,-0.115859886,-1.56589961,0.434570733,-1.826350914,-0.142370341,-0.097943644,0.900202,-1.323131786,-0.329198753,-0.714575128,-0.211709174,0.395616772,-1.854699269,-1.136625731,-0.899679466,-0.120699785,-0.890135774,0.240826286,-0.994252273,-1.175061461,-0.396158549,0.892653562,-0.563874845,0.632760031,-0.517682411,-0.971803442,-1.447319063,-1.285544458,-1.438008797,-0.956331781,-0.909563411,-0.114625526,-0.704005924,-0.146529793,1.181849887,-0.012275031,-1.255617038,-2.692669099,-0.702591639,-0.198207066,0.455460894,-1.303056763,-0.032006796,0.751085846,-1.829461336,0.681782851,-0.46792579,0.450693381,-0.750140902,-0.304353607,-0.436027414,-0.758219177,0.008364916,-0.873710284,-0.027576768,-0.582858827,-0.922057327,-1.062762636,0.858534492,-1.191714907,-0.661067287,-1.342468882,-0.995604539,-0.362118304,0.286080791,-0.565809932,-1.327271021,0.406064928,-1.749850066,-0.053717283,-0.422814746,-2.001000115,0.654406352,0.60070289,1.059698195,-0.509493179,0.821716281,-0.616556578,-1.125161624,-0.551994901,-0.95581149,0.689189359,-1.228607085,-1.576970722,-0.484183693,-0.738353773,0.132343187,-0.83378951,-1.32425897,0.171934464,-1.367276355,-1.054404034,-0.792083928,-1.748125432,-0.827822084,-3.090042953,0.241690489,-0.504181081,-1.911895271,-0.777833989,-1.414693836,-2.205458382,0.159905518,0.232301489,-0.52661631,-0.320067533,-1.182537524,-2.24620476,-0.34460522,-1.531088946,-2.332013904,0.073436318,0.587119776,-0.972067747,-0.162166051,-0.751412089,0.496767267,-0.628296208,-0.342631164,-0.011971372,-0.607520095,1.224921833,0.024204689,-1.710363831,-0.43912531,0.560815069,-1.924148657,-0.293029679,-0.082838278,-0.483372597,-2.113618994,-1.583770166,-0.239654103,-0.379651173,1.454139908,1.734589291,-2.052604888,0.339752565,-1.150116132,-0.605685905,-1.340174426,-1.348998576,-0.000100005,-0.271021632,-0.781978394,-1.158362293,-0.790539527,-0.957112726,-0.235595759,0.169911537,-1.860466667,-0.049925809,-1.152013065,-2.415753791,-0.788557365,-0.367735891,-1.213013549,0.352697043,0.19004168,-0.58788667,0.517602608,-0.844667988,-0.161225649,-1.03423003,-0.517011383,0.582103882,-0.044056386,-1.139746832,-0.596201975,-1.254214021,-0.138457793,-0.756726162,-1.195674002,-1.026105598,-1.42129997,1.032436873,-0.895018597,0.484522715,-0.564050607,-0.046567636,1.15515014,0.206363551,-0.641883887,-1.737839627,-0.101700555,-0.203095856,-1.170538028,-0.702995517,-1.00184862,0.909467507,-0.812606621,-1.917322692,-1.964685304,0.368040115,-0.036041771,-0.499061757,-1.747551215,-1.284821392,0.376379527,-1.031701583,-0.584472164,-1.648698626,-0.623621118,-0.530858278,-0.918543267,-0.327393573,-1.051251717,0.503921847,-0.684187439,-0.760569857,0.89216196,1.799248027,0.168391651,-0.124883182,0.505189772,0.732079391,-0.747392195,-0.268925744,0.093854576,-0.367447041,-1.380709983,0.348683094,0.211475746,-0.016129382,-0.357246536,-0.437265421,0.574701425,-1.375552265,-1.209320411,0.363878933,0.302250437,0.444429378,-0.176379247,-1.340556469,-1.286630038,-0.9331826,-1.417991448,-1.323131786,-0.694147681,0.044399587,-1.875358493,1.017329924,0.153664848,-0.702995517,-0.287015628,-1.320506621,1.242539458,1.49872979,0.258201767,-0.872273847,-0.563523413,0.181904803,0.478157794,-0.657973106,-0.698561813,-0.366148246,-1.938636665,-0.49807394,-0.735428573,0.025472796,0.384513821,-0.245261357,-1.800598418,0.054488185,-1.636809109,-1.812778837,-1.745257636,-1.208315554,-1.435064526,-1.64713978,0.128569101,-0.102586589,-0.108030744,-0.265790126,0.410585311,0.117516333,-1.357901287,-1.10835964,-1.39472984,0.073900808,-0.558965999,-0.643405089,-0.508162506,0.628928608,-0.867500568,-1.580364665,-1.167319487,-0.904609227,0.590560592,-1.626584071,0.11546925,0.604807649,0.01064316,0.105350516,-1.92004749,0.104540179,0.886037689,-1.263722809,0.933344486,-0.852142912,-0.03759803,-0.982697664,-0.489879859,1.308900226,0.64058993,0.750566671,0.957509448,1.682279369,-0.606052474,1.701433514,1.893172203,0.354592778,-0.495280412,-0.723812595,-1.576003136,-0.783947545,0.191611604,-1.393520406,0.608678024,-2.156754645,-2.072267338,-0.179007056,-0.961811247,-2.439550948,-0.510159179,0.370873663,-1.136002678,-0.238130294,-1.256670593,-0.601115095,-0.852611955,-0.088831214,0.035270614,-1.682008605,-1.328025453,1.550133669,0.32995102,1.348852066,-0.192735595,0.11680478,-0.485157877,0.849851739,-0.973390324,0.259282598,-0.428324402,1.132208238,-1.27833722,-1.602462299,-0.518018094,-1.255617038,-0.778487228,1.088629291,0.627754962,0.360537475,0.453937762,-1.09631493,-1.624044065,-3.384340265,-0.077529203,0.605790289,-0.091128933,-0.60495317,-0.768517488,0.837810137,-0.614151174,0.815807193,-0.835402228,-1.05010788,-2.018158313,-1.175709339,0.951889509,-0.459657337,-0.63506697,-0.877070019,-0.006420568,0.127425288,-0.934454703,1.510125735,1.470106877,0.066162202,-1.114741671,0.614158084,-1.281934346,-0.832869124,1.264098478,0.164751436,0.671719233,-0.143062383,0.609276322,0.406864129,-0.861329174,-0.217782945,-0.000700245,0.481067202,-2.20183519,1.333631709,-0.10280822,-1.176681944,-1.52924137,-0.324484379,-1.52924137,-0.249359198,-0.48694635,-0.616000971,-0.749929195,-0.329198753,0.029947076,-0.022245609,-1.297917251,-1.514127733,-0.199915425,0.742461017,0.027809701,-0.426637673,0.937778214,-0.246284244,1.086607182,0.673403552,-0.97418471,-0.102254234,-0.451299645,0.073807927,-0.141333176,-0.699769057,0.001299156,0.161863715,-0.716415808,-0.329198753,0.110915061,1.033042125,-0.895018597,-0.796066235,-1.25351325,-1.008954417,-0.487597498,-0.894773888,-0.96233467,-0.393487131,-0.945719543,-0.754809841,-1.348613294,0.115023677,-0.515670675,0.196388814,-0.660486398,-2.515778314,0.708282068,-1.399176987,0.153321765,0.579138264,0.144792745,-0.668844888,0.970589505,0.766908664,-1.568775931,-1.712578671,-0.582679728,-0.842807955,-1.000215967,-0.905845474,-0.926846246,-0.68458395,-1.126086266,-0.276676193,-0.905350792,-0.752684893,-0.710089901,-1.022206958,-0.002603386,-0.22589734,-0.593482857,-1.066241909,-1.968258013,-1.901128006,-1.212341054,-0.408720401,-0.419919065,0.035946127,0.380420767,-0.010050336,-1.158680815,0.135928517,-1.515037237,-0.218778094,-2.777400279,-1.587187304,-0.244367188,-2.18036746,-1.342468882,0.476296289,-0.068707198,-2.442997247,0.541393625,0.391230948,-1.621510494,-0.451299645,-1.217395825,-2.439550948,-1.350541191,-2.62693115,-1.768433644,0.466811038,-2.840439389,-1.680933914,-1.36335939,-1.774902352,-2.087473713,-1.304161532,-2.811745437,-0.161460666,-0.29813653,0.536668794,-0.486783629,0.404397872,-1.843263312,0.191116105,-0.580890498,-1.301953213,-0.185125484,-2.000260744,-1.783196239,-1.205974807,0.821892137,-0.502857454,-1.491210531,-0.686767574,-0.257993829,-1.651302117,1.403765842,-0.515503213,0.916130719,-1.773134005,-0.005213567,-0.303811454,0.696989788,-1.307483181,-0.865360003,1.900225159,-0.526277728,-1.404865747,-1.196997191,-1.256670593,-0.602210186,-0.310882466,1.831476854,-1.406497068,0.931258159,-0.337993393,-1.147592471,0.850236396,-1.014730805,-1.21874809,-0.595476153,-0.549739717,0.054298773,-1.402423743,0.680112598,-0.543176654,0.648724963,-1.168605661,-0.261234902,-1.568295969,-0.349132035,-1.14538948,-1.154547921,0.123809286,-1.956869989,-1.090941782,0.177643967,-0.209240646,-0.509659637,-0.638090975,0.217527813,-0.225396086,-0.254763226,0.727355352,-0.215547475,0.600867404,-1.369240607,-1.99289694,-1.497449411,0.683046338,0.090571698,0.799622075,0.487843547,-0.323931205,-0.8495671,-2.244316185,-2.458069996,1.62456295,-0.689553645,-1.824489294,-0.559490796,-1.273322883,-1.608438412,-1.710363831,-0.85566611,-2.129472475,-1.175061461,0.657001734,-0.18572735,-1.934475771,-0.776746204,-2.478129666,-0.71355399,-1.53991185,0.664284636,0.390689823,0.331459695,-1.922779732,-0.668844888,-1.293532881,-1.047539019,-0.293297811,0.874051066,-0.471444667,-0.745282935,-0.200892942,0.863775639,-1.042988385,-0.402718882,-0.189587893,0.288256907,-0.713349888,-2.298593072,-0.942634707,0.641959144,-1.130722343,-0.179724931,0.003992021,0.423763336,-1.602958946,-0.612673796,-0.59511344,1.361899204,0.089749292,0.165005835,0.732271735,-1.906497147,-1.005121946,-0.78987837,-1.244447637,0.075756612,-0.228784431,-2.225624052,-1.57987911,0.079088406,-1.243753674,-0.07763727,0.21511138,-0.059537713,0.527859716,-0.135247149,-3.39620984,0.540520339,0.218573123,-1.491210531,0.809328935,-0.893306896,-0.34757363,1.955351156,-2.221005106,-0.517514612,0.016857117,-1.430455257,-2.001740034,-0.972596568,0.028781801,-0.924827063,-2.646484845,1.221331271,0.263056333,-0.527632742,-0.900417383,0.430482871,-0.23483665,0.693597079,-1.804236991,-2.701571235,-1.935168053,-1.272251645,-2.063568193,-1.139121832,-0.145719654,-0.506833603,-1.197990733,-1.364141557,0.329879121,-1.170860453,-0.673540651,0.27778324,-1.087079053,0.203919956,0.636153459,-0.785701162,0.197620594,-1.857258452,-0.499885684,0.16847615,-2.064355904,0.852285402,-1.4867779,0.002197584,0.984771472,0.47654469,0.023618866,-2.414634597,0.074365082,-0.374984401,-0.096621039,1.499756966,-1.225536982,0.415085352,-0.308837615,-2.009915479,0.064100925,-0.205180851,-1.054978252,1.433010948,0.372941916,-0.46029095,-1.159955919,0.502168257,0.137149838,-1.884532869,-0.096070469,0.067097744,-1.895121982,0.274520842,-0.237115709,0.503680156,-0.162048452,-1.267978134,-1.578423859,-0.376877651,0.340748793,0.804912144,-1.207980826,-1.557319958,-1.576486812,1.17111898,-0.393783603,-1.128865332,-1.022484928,0.216239775,-0.333097936,-1.005668543,-1.254915283,-0.374984401,-0.452399495,-0.430936774,-0.693147181,-0.806987997,-0.278920567,-1.291347884,-0.545589616,-1.231686643,-0.897223669,-1.238219243,-1.506881324,-0.429399258,-2.698595042,-0.586807145,-1.200645014,-0.24692408,-0.378044513,-1.580850456,-0.522729528,-0.913793852,-1.136002678,-0.554603371,-1.417166025,-0.400776119,-1.566378423,-1.465770563,-0.727945686,-0.623994322,-1.666537505,-0.820298966,-1.193362625,-0.89452924,-0.818483672,1.002578514,0.880829344,-1.589145209,0.580482275,-1.909192566,-1.403237082,-0.958154936,-0.925079238,-1.504177402,-0.386250889,0.615077525,-0.317591603,-1.644029357,-0.942378067,-0.714575128,-1.712024501,-1.431710225,-1.443499835,0.018821754,-1.697722827,-1.205640861,-1.977607236,-3.438899249,0.284351532,-0.977102871,-1.870802677,-1.243753674,-0.998857456,-0.616000971,-1.591106956,-0.930136139,0.422912022,-0.374838915,-1.061894706,0.038066201,-0.539053645,-1.137873003,-1.850872734,-1.235807528,-1.026384655,-0.711311151,-0.766148073,-0.511992972,-1.741827101,-0.598018836,-0.588787165,-0.836555764,-0.414758155,-1.886509806,-0.87251311,-1.938636665,-3.554348561,-1.839480205,-1.809109108,-0.592397278,-1.338647708,0.02644717,-2.133686557,1.465267266,-2.877060744,-2.448767603,-1.685779146,-0.341504879,-2.099644249,-0.700171796,-0.940071261,-0.183922838,-0.660486398,-0.310609577,-0.805196684,0.168053585,-1.612944052,0.192684344,-1.439273286,0.443338761,-2.068303797,-2.011409131,-1.967542449,-1.550697417,-0.307612708,-0.728359936,-1.88981341,-1.789162843,0.533037112,-0.97418471,-1.581336482,-1.228265497,-1.659679129,-1.398366942,-1.25211318,-0.196014884,-0.841879234,-0.617112494,-0.056041391,-0.792304752,-0.951658876,-0.082512422,-0.233446444,0.435088633,-2.002480501,-2.184802057,-0.132160904,-1.220102186,-1.462311848,0.482302685,-0.832409248,-1.215370849,-2.574393816,-0.678849876,-2.003221516,-1.02945943,-0.738772359,-1.193362625,-1.414282398,-1.088859997,-1.196666229,-0.897714346,-1.16667702,-0.447850825,-1.274037679,0.337329012,-0.368892128,-1.699909816,-0.737935363,-0.695550065,-0.590229647,-1.048965349,-0.248076818,1.139562275,-0.650662569,0.06024808,0.394875907,-1.335981547,-0.416121688,0.018036363,-1.352859585,-1.831956659,-0.747181069,0.206038083,0.139501039,-0.135934277,-1.676646662,-0.221395081,-0.678455632,-3.087847563,-1.806061254,-0.075801713,0.608188241,-1.377532856,-1.122392817,-2.009915479,-0.780013114,0.859000545,-0.193706116,-0.083272919,-0.346724613,-0.520707624,-1.128865332,-1.172151192,0.044782143,-0.867738691,-0.341786331,-1.340938659,-0.551994901,-2.304587096,-0.502196297,-0.540254435,-0.44519395,-1.666008264,0.553942583,-1.209320411,-3.047025568,-0.144563451,-1.763172012,-1.216720377,-0.829883704,-1.729912066,-1.863685209,-0.918042265,-0.790098707,-1.797576355,-1.576970722,-0.808782524,-2.292634762,-1.105636904,-1.62455155,0.173364899,-0.177692288,-0.769380487,-2.113618994,-1.106543659,-0.205549243,-1.099612789,-1.117795108,-0.006923915,-0.944690206,-0.654118794,-0.763355076,-0.337572842,-0.189225333,-1.442229994,0.005783245,0.156148683,-1.801809805,-0.778922958,-1.523719037,-1.307113563,-0.812606621,-1.454145028,0.115380151,-0.761640177,-1.150432037,-1.305636458,-1.183516796,-0.521549587,-0.659325632,-1.572623939,-2.38705425,-0.321445703,-0.240671268,0.376242249,0.75367768,-0.122732765,-1.355571189,-1.413049098,-1.424619475,-2.920624801,-1.313043899,-1.370027389,-0.379212737,-0.19309943,-0.610461814,-1.911895271,-1.4867779,-2.582298996,-1.38469564,-0.092115289,-0.156770776,-2.170680022,-0.550606494,-1.867561183,0.864702657,-0.173163619,-1.173443599,0.399849369,-1.557319958,-0.70097776,-1.154547921,-1.429619486,-0.321997503,-2.937463365,0.122394608,-0.214679473,-0.145257013,-0.193220738,-0.612120342,-0.992092445,0.169573984,0.121509417,-1.834458224,-1.093326284,0.033241334,-0.492494667,-1.516403047,-0.531198414,-0.996416776,-0.44519395,-1.302688777,0.39285257,-0.728567126,-0.482238167,-1.952632695,-0.471284449,0.185566287,-0.708870141,-0.876589365,-2.257611727,-0.203218383,-2.646484845,-1.366491734,-0.117883041,-1.280134165,-0.805420423,-0.359966068,-0.251285857,-2.115275995,-1.578423859,-0.145257013,-0.536143432,-1.085005285,"RMS"
"30",-0.031800313,-0.079043207,-0.573587946,-2.556187852,-0.264747101,0.33332443,1.088460938,0.643011111,0.446990855,1.080108817,1.108694624,0.519924107,1.394386531,0.226418184,0.51342225,0.46115207,0.551007413,1.057825016,-1.065080806,0.289680075,0.065974989,1.332154915,-0.71355399,0.712067065,1.006497,1.140681505,-0.853785527,0.040949986,-1.690647968,-0.728774358,-0.811705517,0.567527267,-3.286084575,-0.303540488,1.03346914,0.461341219,-0.438039954,-0.852846559,0.12777737,-0.796066235,-0.632804952,0.793580578,-2.044846897,1.096042323,0.73419315,0.56650628,1.086067261,1.065882464,0.774957556,-1.719252778,0.580482275,-0.806763907,0.220339624,0.238150383,1.091688374,0.400988436,1.167422921,-2.452245868,0.709955132,0.906280799,1.202491708,-2.397995278,-0.52087596,-0.362118304,-0.043116291,-0.717234976,-1.510950966,-0.775442423,-0.63506697,-2.431555474,0.128744956,0.226338442,-2.633870803,-2.704556312,-0.120023043,0.353469813,1.119394828,-0.383459028,-1.511857584,-0.77414034,-0.719080563,-2.073061935,1.313320361,-0.117545564,-1.662838689,-1.968974089,0.872882062,-1.265493661,-0.585010522,-0.117545564,-1.041003976,-0.404515559,-0.241434821,0.694546202,-0.641503947,0.060624622,-0.750352654,-1.809109108,-0.47320876,-2.447610865,-0.099488899,-0.333516609,-0.965480976,-1.326894018,-0.353821875,0.065600457,1.026865629,-1.112305616,-0.381699755,-2.285727976,-1.498791392,0.720616423,-1.22758267,-0.187052731,-2.317698731,-1.114741671,-2.574393816,0.459321781,-2.991740252,-0.273121921,-0.992631965,0.602127782,-1.820158944,0.974899205,-0.601479992,-0.843505062,0.171934464,0.212284808,-1.634243031,-0.139262067,-0.557742544,-2.312635429,0.727307032,-0.574298047,-0.135819723,-0.017451394,0.103729186,-0.444101992,-1.136625731,-0.259548233,0.569283193,-1.04611472,-2.319731252,1.12486466,-1.826350914,0.498105059,-2.104554243,0.990135812,-0.691149178,-2.122766666,-1.510045169,-0.136621878,0.300622977,-1.921412678,-0.856372242,-0.092883128,-3.442019376,-0.159464775,-0.37571215,-1.138185064,0.612641866,-0.76378426,-0.597291695,-1.138185064,-1.152013065,-1.795165262,-1.987774353,-1.288079314,-0.392894451,-0.261364764,-0.095630231,-1.300483705,-1.64713978,-1.216720377,0.224023164,0.708971316,-2.397995278,0.649195293,-0.506501652,0.612966963,-0.94803943,-2.347582459,-0.348565061,-2.93935194,0.60393338,-0.616186139,1.428467443,-1.07557959,1.14581389,-2.110313205,-2.162823151,1.037516723,-1.933783969,0.588619651,-1.885850393,-0.93623837,-2.582298996,-2.557477343,-1.703199292,0.12804135,-1.483686707,1.408349352,-2.373007557,-1.137873003,-0.639416858,-0.916290732,0.90093341,-0.581248088,-0.864647499,-0.946749939,-0.667869373,-0.848398466,0.109930059,0.086728004,1.126065315,-0.702793558,-2.212744389,1.331574149,-2.193730688,-2.166307475,-0.098164249,0.12751332,-1.427116356,-1.739546598,-0.478358434,0.45152138,-0.72815279,0.523366655,-0.911054465,0.537954291,-0.769596353,0.750802693,-1.702101597,-1.357123984,-0.823028101,-2.414634597,-0.972332123,0.189545402,-0.332539978,0.253556358,0.563664723,-0.318553736,-1.071483621,-1.396344697,0.901664285,-0.612673796,-1.251064412,-0.646072773,-0.812381269,-0.013591954,0.758888104,1.075991695,-0.781322872,0.473123757,-1.643511893,-0.260845419,-0.164756726,-1.382700826,-1.619993426,0.156319754,0.767744319,0.362835926,0.262210407,-1.519597208,-0.801623657,-0.021427947,-1.864975532,-1.157089218,-2.03714863,-1.429201862,-0.798063351,1.228645905,0.293117275,-2.264326381,-2.235861461,-1.545055654,-0.208747671,0.539413081,-1.317888329,0.01813457,-0.698561813,-2.474560358,-0.240035419,-2.222850125,0.01439588,-1.361406646,1.169132882,-2.121097217,-2.065933192,-1.981226494,0.120002792,1.427844091,-0.434945413,1.157824148,-1.011151013,-0.614890683,-0.198938863,-0.257088207,-1.975441952,-2.191938573,-0.447537885,0.132781111,-2.460409178,0.297211523,0.116537816,-0.177931209,-1.700457311,0.752641752,-0.456968951,-1.463607464,-2.873514641,-2.603690186,-1.13103218,0.438835408,-0.507830115,0.386689953,-0.01582455,0.004191205,-1.198322133,1.215239101,0.118582716,-1.928266714,0.329015936,-2.547207676,-0.761211912,0.527505734,-1.043556083,-1.845793358,0.892284883,1.407982465,0.956587789,0.922829309,-2.102914898,1.087079373,-0.836786631,0.595368958,0.491826274,-0.590229647,-1.239945465,-1.215370849,-0.685179011,0.571600823,0.726001517,-1.218071729,0.48931594,0.411977192,1.399259944,-1.117795108,0.237204235,-1.595042032,-0.658939009,-2.079441542,1.008213362,-1.470545914,0.920521768,-0.388313049,-2.417995945,-0.626049437,-2.046393688,0.886944307,0.525674827,-0.901894852,-2.014403146,-2.549765222,0.707099394,-1.46793835,-1.576970722,-1.876011022,-0.794294363,0.164072722,-0.296790092,0.582159752,-0.722370039,-0.0062193,-0.065178726,-0.646836278,-0.667089646,-0.429860265,-1.257022025,-1.998045904,-0.119572135,-2.009169489,-0.216788786,0.302989317,-1.208650394,-1.804236991,-0.837017551,-1.092729626,-0.852846559,-2.247150386,0.093399264,-0.234583742,0.091940874,-0.157121756,-2.704556312,-0.147108865,-0.036975236,-1.616462527,-2.043302495,-0.197963253,-0.471604911,0.26612641,-0.552689828,-2.508380006,0.084892467,0.309027627,-1.335981547,-2.512072318,-1.721487416,-1.460586966,-2.296603021,-2.106196279,-0.920298753,-0.601479992,-0.950364712,-0.707246105,-0.201259758,-0.571283593,0.271095269,0.284878145,0.357604512,0.258047267,-0.906835573,-0.045101974,-0.344746373,-1.000215967,-1.46403971,-2.102096232,-0.457916968,-0.389640973,-0.972596568,-0.043116291,0.325627935,0.031789323,-1.721487416,-1.00758399,0.019410394,0.384241472,-0.480619782,-0.295714244,-0.764213629,-1.979053368,-0.861329174,0.102376067,0.428595526,-0.368747525,0.59751695,0.751274569,0.359281544,0.447694112,-0.275490032,-2.257611727,-0.218902557,-0.99398204,0.488150475,-1.067113622,-0.066567244,0.25812452,0.054298773,1.2933838,0.303653842,1.302831227,-1.281213885,-1.218071729,0.579362391,-1.613445934,-1.274037679,1.175727639,-0.474011651,1.357843445,-0.631675859,1.151963464,0.671821394,-0.154900961,0.984659409,0.960192778,-1.07557959,0.742936845,0.249045189,0.528154606,0.939890064,-0.035316345,-1.21874809,-1.88321708,-0.99452258,-0.202728367,-0.362261951,1.04175971,-0.601845022,-0.095630231,-0.538710827,-0.588066704,0.216320326,-0.391414285,0.702899472,0.311227686,0.14496577,-1.308592854,0.421535288,-0.336592244,1.382135726,-0.393783603,0.004290781,-1.115351613,-0.210103938,-1.204973305,-0.194191729,-1.245489485,1.435322592,0.801911895,-2.225624052,-1.913927103,0.139674982,-0.830801346,0.413631671,-0.747814582,-0.652389188,0.832909123,-0.237242476,0.889987824,-0.967584026,-1.717580071,0.743697699,-2.121931593,-1.072944542,-2.629701235,-0.382725621,-0.078394067,-2.429282746,-0.054773026,-2.767800206,-0.483534764,-2.218243945,-0.559665789,-2.06909525,0.367278527,-0.715188311,0.714566148,0.036331929,0.732656314,1.274356708,-2.415753791,-2.001740034,-1.194352561,0.378436436,-0.14618251,-0.314026048,-2.014403146,-0.304489191,-1.947010755,0.222663436,-1.242367192,-1.870153537,-1.8598242,-1.162830861,-1.652345413,-2.663554961,0.315029694,-0.830571857,-1.994365369,-1.875358493,0.413962238,0.266586109,-0.563874845,-2.889572078,-2.53451715,-1.682546384,0.264055142,-0.439435628,-0.490859611,0.689088957,-1.822631133,0.406398006,0.179734881,-0.048875168,-1.904480339,-0.654888468,-0.46203546,-2.072267338,-1.243753674,-0.03978087,-0.62008261,-0.802292628,0.682035676,-2.083449563,0.090571698,-1.676112046,0.676865348,-1.282655326,-0.072140678,-0.794737036,-1.508236032,1.117139593,0.38865799,0.430807916,0.139153061,0.42160089,-1.452861605,-0.144563451,-1.739546598,-0.200281882,-1.583770166,0.309614783,-0.274436846,0.212689093,-0.021223637,-0.136392625,-0.543693227,0.027712439,0.005385472,-0.193827497,-0.614336,-0.563874845,0.548063603,-0.219774234,-0.741077714,0.736015081,-1.614953093,0.777074641,0.173196719,-0.46473752,0.305865743,0.276722232,-1.849600469,0.371563556,-1.085597352,0.025180299,-0.788117418,-1.321630848,-0.117883041,0.684459552,-1.493879572,-1.180907531,0.905795853,-1.542246663,-1.580364665,-0.768086267,-0.151055475,-0.495280412,0.945383406,-0.471925475,-0.534776845,-0.792304752,0.862932148,0.287432041,-0.926088574,0.984061524,-0.725257235,1.081194815,-0.159699379,-0.052030408,-1.610939039,-1.187771425,0.689741387,0.715544478,-1.316022308,-0.21927604,-0.085013374,-0.619710863,-0.695550065,-0.150474113,0.270713924,-0.392894451,-0.098164249,0.218492753,-1.647659125,-0.4405225,-0.216167938,1.269058051,0.428595526,-1.216045386,1.238664044,-1.28916765,-0.171025597,-0.884065585,-0.54283242,-1.100814712,-0.450514777,0.29229641,-1.64713978,-1.047253996,-0.191887162,-0.433710274,-0.148152041,-0.894773888,-0.321583624,-1.692819521,-1.028340236,0.476979243,-1.870802677,-0.953733027,-0.064218572,-0.945204742,-1.749850066,-1.381107834,-1.773134005,-1.016663706,-1.477532842,-1.193692495,-1.715910157,-0.33086797,0.152892746,0.039989648,-0.384927457,-0.394821948,-0.404665428,-0.626423549,-0.664171072,-1.191056579,-0.742127363,-2.275943162,0.682894804,-2.523231764,-1.493879572,-0.531368525,0.017053755,-1.112609798,0.271628907,-0.937514368,1.017582983,0.608351529,-0.329893921,-1.940027486,0.975012368,-0.024805119,-1.966827397,0.933108517,0.095764622,0.349388462,-0.588967362,0.355083679,-1.355959161,-0.431552443,-0.43186042,1.151046599,0.689038753,-1.260543156,-0.337152468,0.324761071,0.382469388,-1.411407062,-0.357818455,0.399581165,-0.777181176,-0.164874643,-1.271538124,-0.806763907,1.225832139,-0.903621329,-0.662230078,0.57013173,0.803301189,0.721151377,0.871628038,-0.20567207,-0.208994128,0.026934001,-1.377929445,-1.57987911,0.52087496,-0.995063413,0.474120145,-1.204306193,-0.527124397,-1.199980783,0.651595753,-2.082646673,-0.354106816,-1.577939245,-0.223518622,-0.719901918,-0.545244551,-1.413049098,-1.150748043,0.207176758,0.137324191,0.10327835,-1.112609798,0.216481408,-0.872273847,0.608242674,-3.132698129,-1.918684163,-0.924827063,-1.477532842,-1.515947569,-0.310609577,0.15589202,-0.884549846,-0.886974678,-0.641124153,-1.209990877,-0.687562802,-0.975510092,-0.649896139,0.54284741,-0.304760414,-0.804972996,-2.803460386,-0.439280457,0.91336646,0.438190413,-0.484508315,0.120623442,-0.322825775,-0.383459028,-0.223393583,-2.430418465,-1.299382989,-2.150722744,-0.3878708,-1.909192566,-1.040437725,-0.148268017,-2.390324007,0.56235489,-0.567219624,-0.625862434,0.052117954,0.124604163,-0.497415937,1.099078847,-0.267356706,-2.44184716,-0.075478141,0.458120807,-1.010601411,-1.237874356,-0.109145447,0.482240947,0.989541194,-0.083272919,-0.788557365,-0.40631547,-0.993171776,-0.835632829,-0.699165253,0.912041718,0.832387248,0.102917534,-0.694548162,1.14787853,-0.315121788,1.092728346,-1.229632551,-2.042531188,0.06024808,-2.662121269,-1.168927463,-0.132845913,0.745407507,-0.559665789,-0.696954419,-0.072140678,1.150318831,-0.567219624,0.072692685,-1.189412653,0.739983055,0.328512067,-1.421714306,0.667470334,-0.354534379,0.936132574,-0.048245313,0.640958749,-1.339410775,-0.283424482,0.1208007,0.564233681,-0.48240015,0.465995608,0.783444819,1.273209646,0.162458928,-0.725877005,-0.315121788,-0.888189302,-0.8703618,-2.016654554,-0.01582455,-0.256829609,0.60393338,-0.706840508,-1.030860187,1.261637757,-1.627601883,-1.682008605,-0.09014355,0.31903538,-0.06272683,-0.095960391,-0.241307522,-0.022961612,-0.860619535,0.336615084,-0.075370307,0.664130232,0.040853994,0.940827235,0.75061388,-0.126811167,0.264439034,-1.111697528,-0.838866835,0.23483494,-0.241944181,0.376310891,-0.929122711,0.84061846,1.286363523,0.515872865,-1.062762636,-1.254915283,-0.089159136,0.706458195,-1.392714929,-0.329198753,-2.390324007,-2.501036032,-0.600567999,0.176973951,-1.447319063,-0.375566558,1.038579159,0.863396156,-0.557567886,-2.446455463,1.363256005,-0.432476657,-1.947010755,-1.898454208,0.28735702,0.049932369,-0.354106816,-0.061024702,0.924536641,-0.934963997,-1.511404172,-0.137080541,0.210504008,-1.21402314,0.095946341,0.221061385,0.720519127,-3.098873033,-0.713758135,-0.154084015,0.586674936,-0.906835573,-0.654888468,-1.10473097,-0.251800261,-1.357123984,-1.011151013,-0.602392817,-0.503188197,-1.381505844,-0.40917197,-1.108662625,0.247484883,-0.499226488,0.382742221,-0.252443637,-0.635633274,0.033047854,-0.759714425,-0.430936774,0.352767319,-3.335409641,0.598891445,-0.530518257,-1.233744963,0.30535007,0.563323193,0.213577946,-0.358533813,0.887808949,-0.301240237,-0.906587956,-0.789217649,-0.158058305,0.823473442,-1.215708061,-1.275110832,-0.890622985,-0.386103755,-0.492821999,-1.81954185,-1.868208641,0.122925347,0.937347474,-0.518018094,0.706310167,-0.549739717,1.320581818,0.282543895,0.171597593,-0.604403971,-0.810805224,-0.245005798,-0.459498997,-0.794073099,-1.297551151,-0.860856025,-0.756513056,-0.421137278,-0.921805913,-0.272727781,1.009270927,-0.224895084,-0.474493695,-0.788997506,-1.893792195,-0.627921396,-0.737517128,-0.862749965,0.751557588,-1.217395825,0.573575045,0.303727651,-1.905824426,-0.317042228,0.789910849,0.641959144,-0.107028573,-0.793188535,-0.581248088,0.41693244,-0.359106469,0.006180859,0.827415801,0.47871557,-0.407366915,0.185233978,-0.449730524,0.106160196,-1.263015345,0.100116791,0.20546826,0.785088054,0.799532171,-0.010858743,1.421782154,0.09567375,-0.459024125,-0.782196997,-0.238130294,-0.429399258,-1.07557959,-0.902881045,-0.807660567,0.886367463,-1.662838689,-1.173443599,-2.642262461,0.418118054,-0.47674631,0.438190413,-0.656815251,-0.554951682,-0.303134177,-0.4167283,0.332392497,1.044683947,0.004788517,0.625938431,-0.982163476,-1.948413279,0.448843831,-0.210844496,1.10217261,-0.086756864,0.157089215,0.97742346,-0.198450939,0.637211548,-1.061894706,1.201499749,-0.1030299,-2.469821012,-0.51617323,-0.135705182,0.109750864,-0.508993969,-0.485970423,0.145657572,0.107328578,-0.525600909,-1.694451287,-0.358533813,-2.291645153,-0.031387473,-0.515000995,-1.236151703,-0.014809116,-0.493640799,-0.97127504,-0.543004522,0.392650011,-0.273779167,-0.517682411,-0.198328995,-0.350550877,0.682136788,0.158711691,0.652429347,-0.834480357,1.011673636,-0.008334637,-0.293834292,0.791679437,0.718522487,1.100144448,0.182738137,-0.473048259,-0.988861425,-0.086429728,-0.369036752,-0.6806259,-0.73334437,-0.685377443,-1.532014016,-0.752048289,0.439737702,-0.714779481,-0.674129175,-0.49511633,-0.282893556,0.079457921,0.221862731,-0.441455046,-0.688358664,-1.010052112,-0.135819723,0.01960653,-1.393117587,-0.281700001,0.451203,-1.105636904,0.444429378,-0.037494204,-0.573410499,0.688184889,-0.348281695,-0.39705061,-0.728359936,-0.463306108,-0.956592029,1.031332235,0.204083049,-0.043011891,-0.643024571,-0.011263192,-0.889162065,-0.512159847,-0.716415808,-0.565986035,0.419039228,-0.650470906,0.207664365,-0.186570571,0.617722958,0.022152805,-1.374761125,0.934287809,0.325122355,-0.460449416,0.48796633,-2.366590423,0.260747574,-0.058795047,-2.547207676,-0.792967516,-1.45328923,-0.574120474,0.391906944,-1.784982485,-0.697356025,0.153235976,0.785270469,0.260670523,0.385262401,-0.023166278,1.123597541,-1.510950966,-0.166645077,-1.021095846,0.425921117,-1.035074268,-2.117766656,0.529156581,0.014100124,-0.969691509,-1.809719795,-2.058071516,-0.195649987,-1.204306193,-0.166645077,-1.155500151,-1.596521687,0.565086511,1.111693028,-1.035074268,-0.412338677,-0.346159002,0.304465441,0.944955931,-0.998585975,-1.380312289,0.775095763,-0.904609227,0.856455798,-0.352825221,-0.815540829,-1.098412309,1.145941068,0.56769733,0.872882062,-0.541284831,-0.249230886,1.045387305,-0.235848924,-0.179724931,-1.152013065,-1.538047916,-2.410170304,-0.785481792,1.25732398,-1.046969056,-1.265848208,-0.752684893,-1.285544458,-0.43186042,0.569226599,-2.152442435,0.187143247,-0.226775138,0.294682512,-0.854725376,0.169405165,0.171260609,0.719545654,-1.501032039,0.039124555,-0.521549587,0.755088582,0.037103088,-1.148222789,-0.963120319,-0.818710404,-0.068492996,-0.821435201,-0.615815838,-0.717030121,-1.47359669,0.590671389,-0.008738066,-1.115656723,-0.385956642,-1.311558015,-1.943513025,-2.704556312,-1.383897237,0.097489621,-0.452556716,0.082409136,-0.371498559,-0.916790857,-0.505506462,1.153636946,0.634988266,-0.788337368,-2.279845606,0.006776984,-0.361543921,-0.365283319,-2.415753791,-0.474654428,-1.435904862,-0.630360193,0.972444197,-0.185245828,-0.263444848,-2.006934851,-0.705219762,-0.842807955,-0.261364764,-0.153034636,-1.10714862,-0.564402225,-0.840719545,-1.431710225,-0.730641385,-0.963644428,-0.968900682,-2.704556312,-1.13227249,-0.946234608,-0.588246771,0.590228127,-0.121489898,-1.152962883,0.555148682,-1.126703169,0.031983046,-2.533256911,-0.79895224,0.4650539,0.505973873,0.467249841,-0.083816486,0.609385065,0.615185639,-2.657832485,-0.563347743,-0.379358861,0.501078272,-2.745752068,-1.745257636,-0.726703964,-0.085122253,0.292594984,0.34032196,-0.505506462,-0.902634405,-0.187535124,0.416470987,-1.491654877,-0.673932962,-0.6806259,-2.688247574,-0.069564463,0.53245012,0.001598721,-1.731605546,0.760852557,-1.375156617,0.560301267,1.357354617,-0.926846246,1.029976496,-1.611941043,-1.160274949,-0.600203435,-1.417991448,-1.60743991,0.309834877,1.123012176,-1.626075554,0.226657371,-0.893306896,0.688988545,-0.043325125,-0.347007539,-0.613227557,0.471190425,0.42199441,-1.248273063,0.417986389,-0.303134177,0.378641894,-1.554003206,-0.237876551,-0.816445397,-0.748659891,-1.219086442,-1.428784413,-0.842807955,-1.039023497,0.225381046,1.131208544,-1.597509342,0.019508466,-0.470643834,-0.679836167,-0.793188535,-1.898454208,-0.37789858,-1.015558734,0.016758784,-0.752048289,-0.266181541,-1.172797187,-0.259548233,-0.013389237,-1.139121832,0.152120048,-1.048394573,-2.163693094,-0.091786396,-0.967584026,-0.698360748,0.160416721,-0.131362318,-1.476656801,0.592995299,-1.347843175,-0.275753502,-2.125276078,0.113060792,0.332607636,-1.441807071,-1.885191414,-1.074993423,-2.452245868,-0.816445397,-0.175902205,0.464865451,-0.658939009,-0.557567886,0.60437061,-0.68458395,-0.663394222,-0.303269596,-0.59602047,0.719691736,0.895026237,-0.876589365,-0.050977555,0.132430787,-0.113392687,-0.246028424,-0.199671195,0.118316227,-0.736263472,-0.632993258,0.151002874,-0.092992867,0.013212332,0.041717593,-0.416880011,-0.518185978,-1.758518135,0.313349819,0.568547212,-0.873470735,-0.273647684,0.245922138,-1.030019497,0.692747101,-2.030270498,-0.706029806,-1.135380013,-0.6919479,0.604862266,0.655601065,1.056956613,0.29684001,-0.716006475,-0.071066448,0.016857117,-0.75608698,-0.259807536,-0.521886571,0.312911127,-0.899925378,-0.349273829,0.081119051,-0.616186139,-0.487597498,0.254254546,-0.178289696,0.212203931,-1.618478657,0.0009995,-0.123750807,-0.019794627,-0.903127745,-1.180256278,-0.206655234,-0.282097694,-0.721752438,-1.25281297,-0.076017486,1.1787473,-0.46505589,0.447374511,-0.093871216,-0.129084153,-0.861092571,-0.600203435,0.963784818,0.926359868,-0.45413028,0.288856383,-1.002938539,-0.157355811,0.084341148,-0.397794602,0.022543964,0.203348924,-1.890475442,1.459753909,-0.621943422,-0.716620537,-0.062513905,-0.569868164,-1.400393286,-1.271894821,-1.522343206,-1.488548595,-1.532476871,-0.247564326,-2.270117903,-1.025547718,-0.081210055,-0.713349888,0.581265448,0.518019684,0.485076954,-0.446912298,-0.072570693,-1.343618087,-1.851509474,-0.563523413,0.062223343,-0.194920592,0.611340418,-0.441766088,-0.818710404,-2.22192719,-1.186132886,-0.451456692,-0.423883694,-0.685377443,0.183487543,0.592331875,0.654666194,0.141412753,-0.137998498,0.050598053,0.20611946,-0.954252238,1.100077881,-1.494325105,-0.902634405,-0.15082289,-0.351261054,1.152658457,-0.37571215,-0.036767724,0.261286761,-1.153913605,-0.87251311,0.432885704,0.703592438,-0.543865478,0.211880359,-2.101278236,-2.453407983,-0.047301273,-2.127791803,-2.402405428,0.857347196,-1.638351923,-0.986713196,-1.598992655,-0.369326062,-1.568295969,-0.186450067,0.250135956,0.351079318,-2.11943055,-1.747551215,-0.09244429,0.318381001,0.451776011,-0.080126045,-2.38705425,-1.217395825,1.10793536,0.814036498,0.839323291,-0.884549846,0.406531206,-0.311565013,0.792630459,-0.926593625,-0.613042936,-0.669430654,0.017643435,-2.551046452,-1.349769586,0.283372801,-1.539445541,-0.539739634,0.338042432,-1.713687934,0.452539516,-0.630548039,-0.120699785,0.035270614,-1.427116356,0.357534574,-0.090034123,-0.137309951,-0.136736524,-1.098412309,1.456752825,-1.523719037,1.309953128,0.54499514,-0.966269102,-2.241489994,-0.908570609,0.5086232,1.107208568,0.394201916,0.133131313,-0.094420576,0.895802269,-2.155890714,1.242770351,0.576107619,0.85198685,-1.212341054,1.507449483,-0.944433038,0.37788834,0.349529476,0.26297946,-0.493640799,-0.016129382,1.28713679,1.112942453,-2.047942875,0.692797119,-0.637334116,1.215950781,-1.336742582,0.693597079,0.058080211,-1.040154719,0.249512806,-0.284620098,0.097671027,-0.915291232,-0.287815415,-0.862749965,-0.782634347,-0.792967516,0.342383303,-0.267356706,-1.406497068,0.231349788,-1.105636904,-0.415061002,-0.942634707,0.138021298,0.496462973,-0.922811949,0.620200073,0.748912959,-1.094520671,-0.496101228,0.44519851,-0.394673547,-0.228533049,-1.081755172,-0.188742125,-0.393635356,-1.141937413,-0.440211844,0.081487817,0.696740716,-0.988323935,-0.891110433,-0.02891401,-0.986176859,-0.892574205,-1.334461213,-1.999521919,-0.492494667,-1.367276355,-1.34822816,-1.47797115,0.414623046,-0.533753128,0.248577353,-0.281169989,-0.87562875,0.837637059,-0.432784919,-0.407517212,0.468377308,-1.241674672,-0.458391314,-0.476424197,-0.486295626,-2.007679176,-1.289530693,-0.374984401,-1.097812609,-1.132582808,-1.736135566,-0.192856859,-0.031490667,0.467625805,-0.909066887,1.006825893,-0.665921194,-0.663976803,0.683753195,-0.688557728,0.406198173,-0.687363936,-1.714243027,-0.335752496,-0.494296322,-0.271546291,-0.461876742,-0.46029095,-1.488991759,-0.806539868,0.261286761,-0.031181118,0.517781376,0.878214963,-0.056147161,-1.441807071,-0.475136781,0.107957142,-0.924574952,-1.949817774,0.144879261,0.236257191,-0.736681183,-0.63412384,0.215433908,-0.951399909,-0.365571544,-0.406765954,-2.222850125,-2.44184716,-2.037915795,-2.159350925,-0.102254234,-2.65498348,0.131203686,-1.494325105,-0.798507696,-1.989966535,-0.263054503,-0.981629573,-1.619993426,-1.848329821,0.204246114,0.839927912,0.758747638,-0.360969868,-0.72216413,-2.414634597,-1.293168383,-2.137070655,-2.566550639,-1.906497147,0.159223506,0.672536227,0.187143247,-0.390822831,-0.238637972,-0.891842052,-2.072267338,0.934405661,-1.714243027,0.163733192,-0.141102841,-2.439550948,-0.001901807,0.516887215,-1.074700469,-0.916040763,1.092527145,-2.53451715,-1.795767491,-1.479287228,-1.625567294,0.070551656,-0.072678226,1.217046964,-0.712126147,0.920880184,-0.031593872,-0.745915246,0.671617062,-0.937514368,-2.918771232,-1.458435039,0.882278829,0.209450224,-1.766091723,0.413631671,-0.711922336,0.212608249,-0.150241663,-0.996416776,-1.755620423,0.630792939,-0.640744502,0.206038083,-0.918793862,-0.012173801,-0.711922336,-0.209610537,-0.865122445,-1.479287228,0.593161086,-0.357532454,-0.208131794,-0.423120043,1.019496929,-0.345735004,0.67798278,-0.232815171,-1.532014016,-0.922560345,0.340464258,-1.614450454,1.237707342,-1.015558734,-0.388755495,-0.6919479,-1.903808973,-0.168181993,0.993585051,-0.339396508,-2.463928243,-0.480943249,-1.724848764,1.263420263,0.484522715,-0.681811671,-1.122392817,-2.018158313,0.704136575,-0.709479835,-0.956592029,-0.2026059,0.418512947,-1.113522901,-1.531088946,0.073529233,0.336400806,-1.823869523,-2.143020523,1.143553786,-0.542316291,-1.481044698,-0.826221535,-0.162401289,-0.150939176,-0.23395175,-0.16629074,0.208638865,-1.299016353,-0.283026261,0.708675982,-0.708870141,0.075942004,-1.850236399,-0.501370465,-0.366148246,0.299141166,0.225620481,-0.602758181,0.323314625,-1.404051083,-1.260543156,-0.285018955,1.03818973,-0.042177079,0.694346461,0.677779703,-2.229334631,-1.288441961,-0.671385689,-0.724431471,0.559901461,-0.598382604,-1.443923474,-0.62942149,0.709217361,-2.611831343,1.330094311,0.078348966,-0.546798284,0.058740495,0.551468402,-2.610469873,0.830950685,-1.095118399,-2.061208773,1.40915603,0.371287656,-1.310074335,1.302994271,0.316925291,-0.058688996,1.311678568,-0.014200349,-2.425883309,-0.990744918,-0.105360516,0.270027137,-0.68995229,1.408593869,-0.339677368,0.106519843,-1.621510494,0.085351667,0.03469124,0.995397617,-0.462194202,-2.452245868,-2.459238903,-0.826678573,-1.679860377,-0.782196997,0.795162106,-0.09244429,1.009635345,-2.095570924,-1.397153105,-1.34822816,-2.225624052,1.403544715,-1.122392817,-0.268271679,0.514618422,-0.112385131,0.065506802,-0.368892128,-0.773706688,-0.337152468,-2.574393816,1.166769255,-0.398390194,-0.792304752,0.378710371,0.203512109,-0.122280635,-1.843263312,0.164157586,-0.023473356,-1.438008797,-0.472085796,-0.624554389,-0.703399557,-0.354249317,-0.196623342,-0.076341233,-0.918543267,-0.703601639,1.178439589,0.363253259,-0.085122253,-0.042803122,0.834342877,-0.96942783,0.200979739,0.261209752,-0.133188594,-2.30058709,1.016715085,-0.46029095,0.031595562,0.452030577,-0.768733168,-0.395712817,-1.794563397,0.397298519,-0.199427025,-0.61452086,-1.291711719,-1.526936691,0.050693114,-0.721340915,-1.28699216,-0.842575694,-0.393190747,0.56803737,-0.686568865,0.986786474,-0.99479296,-0.54697107,-0.918793862,-0.284221401,-1.540845121,1.244961185,-0.343617705,-0.851908473,0.405265088,-1.101717104,-1.032824548,-0.232184296,-0.151171788,0.321866084,0.207908079,-1.325011133,1.269591991,-1.01252634,-1.219424909,0.350656872,-0.504843552,-1.435904862,-0.253731633,-0.913793852,-1.231001477,-1.141624179,-0.879235824,-0.218653646,-2.005447862,-0.627172192,-0.187052731,-0.775008207,-0.872034641,-0.878754128,-1.296088093,0.646474772,-0.857550237,0.505250109,-0.750352654,-0.01501212,-0.129311737,-1.009228728,-1.280493942,-0.213936071,0.864913223,-1.393923388,-1.66020503,-2.378386806,-0.345593711,-2.32585372,-0.57234648,-1.376740148,-1.156135475,-1.061605563,-1.412227743,-1.093624747,-2.162823151,-0.552516051,-0.728981634,-1.054117049,-0.584831037,-1.011975982,-1.143818882,-1.673976434,-0.417487083,1.124897129,-0.451770861,-0.939815277,0.025765208,-0.777181176,-0.2026059,-1.190398684,-1.871452238,-0.671777155,-0.450671701,-0.126470664,-1.304898723,-0.315807236,-0.583754804,0.305718435,-0.019896632,-0.321445703,0.398037592,-1.006489,-0.75608698,-0.040926167,-1.379120157,0.362488015,0.545806593,-1.553057579,-0.3063893,-1.023597585,1.237127077,-2.128631786,-0.998314567,-1.192044234,-0.809456303,-0.868215109,-0.180203801,-0.275226631,-0.319792126,-0.779794987,0.032176732,0.684963788,-0.592216462,-0.651046005,-0.379943571,-1.779633289,0.198768888,-1.934475771,-1.424619475,-0.397645759,-0.748871329,0.076034686,-0.189225333,-0.658166212,-0.857078872,-0.531538665,-1.030299649,-0.167827111,0.813549006,-0.229287386,-1.304161532,-2.034850658,0.020194707,-0.599292605,-0.657587005,-1.646620704,-0.952695414,-0.767655233,-0.830113036,-0.895753081,-0.090471903,-1.002938539,-0.623994322,-0.844435295,-0.349557476,-2.15330339,0.662481766,0.888508351,-1.135380013,-1.312672221,-0.215547475,-1.222815892,-1.438430116,-1.013627965,-1.105032857,-1.814005078,-0.698964066,-1.025826619,0.658400444,-0.665142984,-0.984837274,-1.319383656,-0.073108472,0.353540035,-1.852784171,-0.583217121,-0.536485371,-0.59529478,-0.727738625,-0.083599024,1.37181504,-1.182211313,-0.683989243,0.442439711,-1.476219069,-0.127265351,0.018232768,-1.234775714,-0.512159847,-0.747814582,-2.667868412,-0.758432647,-1.610438413,-1.586209786,-0.299889616,-0.155017722,-1.718694898,0.11716062,0.119736682,-1.054117049,-1.974721231,0.528036661,-0.97127504,-1.235807528,0.371287656,0.239174368,-1.677181565,0.637528757,0.067097744,-0.218280396,-0.720723948,0.456601724,-0.167472354,0.094764576,-0.991553216,-0.7271177,0.180987334,0.234043926,-0.33128571,-0.60531947,0.019410394,-0.58411342,-1.45328923,-2.983803703,-0.517682411,-1.240636789,-0.140182031,0.130940539,-0.821662603,-3.729701449,-0.889405403,-0.292225713,-2.191043718,-1.536187451,-1.181233317,-1.149484619,-1.302688777,-0.686568865,-0.622875128,-0.078069655,-0.621943422,-0.395415772,-1.234432012,-0.093651556,-0.209733864,0.540869745,1.321782506,-0.576253429,0.977122391,-1.480605041,-0.466011608,0.37692845,-0.848398466,-0.625675465,-0.567043304,-0.383459028,-0.804749357,-1.326894018,0.026154958,-1.300483705,-1.417991448,0.846640502,-1.799388496,-0.004008021,-0.142600969,-0.343617705,-1.504177402,-0.555648667,0.403396303,-1.362577835,-0.610645959,-0.904362161,0.589285541,0.427422276,-0.166999541,-0.974714652,-0.359249684,-0.377169239,-3.134994341,-0.987249821,-1.365315955,0.01232375,0.430157721,-0.759500681,-1.087079053,-1.193032864,-2.11943055,-1.469241282,-1.011151013,1.103234921,-1.647659125,-0.186209104,0.440188544,0.612966963,0.038739828,-0.309927681,0.193838317,-0.009646377,-0.531879033,-0.067743652,-1.134446742,-1.807279281,-1.89645354,-0.338554403,-0.918543267,0.267657921,-0.02306394,-0.67648674,-0.130450429,0.169236317,1.186958885,-0.544382407,-0.342490309,-0.721340915,-0.393042588,-0.408419468,0.162713911,-1.755620423,-0.516843696,-0.34658318,-0.066567244,-0.128970381,0.057797099,-0.554777511,-0.443322751,-0.008132983,-0.006521217,-1.112305616,-0.712126147,-1.402423743,-1.770781063,-0.83378951,-1.506430162,-1.356347285,-0.923315347,-2.10701831,-0.436491487,-1.792159549,-1.925519459,-0.391118514,-0.874429278,-2.253794929,"RMS"
"31",0.306749135,-1.259133216,-1.851509474,0.458310531,-1.706499625,0.188303629,1.764593801,-0.262534279,-0.327671081,-0.781978394,2.631053959,-1.804844709,0.750566671,0.661966063,-0.535972506,-1.200977295,-0.6919479,0.612479278,0.786318711,0.643641761,1.101840406,1.953523948,-1.27833722,2.461313849,-0.082512422,1.46561373,-0.094860281,-0.706435075,-1.065661189,-0.124543335,-0.473851021,-0.137309951,-1.876011022,0.766537038,1.329485886,-0.010252377,-1.38469564,-1.926205566,-1.454573202,-1.592580795,-1.545524587,0.722463235,0.770015625,-1.139434283,-1.765507098,-0.436027414,1.856704158,-0.949330586,1.124280035,-2.058071516,2.094096137,-1.342468882,0.971876799,-1.171828351,-0.191160506,0.304022832,0.651856326,1.222716047,0.654406352,2.672947929,2.072844831,2.719978772,-0.729603718,-0.247180129,-0.272859144,-1.123007446,-0.676880208,-0.176856517,-0.275490032,-0.848632083,-1.440539376,-0.537511889,-0.342349474,-0.609357655,-1.488991759,0.817839625,0.444172869,-0.855901432,-1.247576442,-0.375420987,-1.153596597,-1.660731207,1.452503361,0.974597375,-0.867738691,-1.582309245,-0.685377443,0.80428597,-1.927579192,0.513122983,-1.524178069,-1.303424883,-1.532939942,1.097311443,-0.379066634,-1.21402314,-0.176737179,-1.344384958,1.441776371,-0.06123731,0.306601957,-2.590267165,-1.299382989,-0.711922336,-0.942891414,-1.691733155,0.508683331,-1.671313316,-1.243753674,-1.713133149,-1.627601883,-0.289016296,-0.853550702,-0.872273847,-0.735428573,-1.548342813,-1.984858899,-0.659132302,-2.528231775,-0.000700245,-1.161552088,-2.065144237,-1.293168383,-0.303405033,-0.248076818,0.416009322,-1.678787991,-0.839098236,-0.972067747,1.495731556,-1.359457707,-1.937247776,1.055704788,-0.670603216,-0.711718566,-3.098873033,-0.863461118,-2.621413894,-1.94911528,1.130530764,-0.984837274,-0.87251311,-1.190727578,1.593714952,-2.3816283,1.259852067,-1.724287754,1.621761662,0.891342087,-0.717644812,-0.978166136,0.154779054,-0.393487131,-1.671313316,-0.902881045,-2.145581344,-2.583622623,-0.411885676,0.87738357,-1.452861605,1.393071345,0.142974169,-1.244100595,-0.018265809,-1.232029402,-1.793961893,-1.947711771,-1.465770563,0.615617978,-1.50237884,-0.526955006,-1.163791015,-1.419230861,0.403062224,-0.127265351,1.151995065,-2.878838522,0.908903513,-1.840739651,1.392549755,-2.632479014,-1.573105983,-1.043840053,-1.676646662,-1.090644119,-1.964685304,0.617399403,-1.845160246,0.497497194,-1.224856015,-0.639037855,-0.274042187,-0.6919479,-1.558269626,-0.489716661,1.116386717,-1.169571378,-0.353679435,-0.795844579,1.222068093,-1.728221448,1.215802556,-0.579104465,-1.718137329,1.273237639,-0.063578982,-1.148853505,-0.180443322,-1.225196441,-0.692547361,-0.109368537,-0.532219517,-1.399176987,1.083735509,0.538654776,-1.632706539,-1.407313728,0.910916316,0.085902429,-1.844527535,-1.476656801,0.140457353,0.435412185,-1.614953093,-0.784166579,-0.874189556,-1.613948068,-1.336361992,0.098305689,1.05148574,-1.54599374,-0.895998029,-1.747551215,-2.378386806,-0.954511945,-0.349557476,-1.944910649,-1.597509342,0.483043243,-1.342851803,0.72890035,-1.87993516,-1.198653643,-0.691548459,-1.250016743,-0.606602579,-0.838635487,-0.801177925,-1.384296359,-1.255266099,-1.864975532,1.585534488,-0.627734042,1.074695209,-1.820776418,0.619446818,-2.41128451,-1.075286463,-1.466637114,1.269816723,0.676763701,-0.130336502,-1.53991185,-2.185691342,-0.799841919,0.791090255,-3.055482278,-0.62064049,-1.423373369,0.442953553,-1.707050741,-0.190676361,-0.074939087,-0.19650162,-0.444101992,0.682692723,-1.169571378,-0.337572842,-1.435484605,0.958238493,1.000778928,0.029364609,0.066162202,-1.825729989,0.35641491,0.635306181,1.1548981,-1.023875943,0.424744723,-0.376440429,0.492315361,0.936054143,-0.443634374,0.114131934,1.092359447,-0.024292693,-0.129197939,1.122654283,-0.8703618,-1.178629997,-0.711514838,-0.410980289,-1.076752954,-1.236840408,-0.26188438,-2.828524355,-1.54271428,0.119825393,-0.718054816,-0.827135821,-1.430037284,0.496523839,-1.221118963,-0.967320903,-0.675307262,-0.822800389,1.461285871,-0.163107338,-0.662036186,-1.528780009,-0.125449851,-0.987249821,-1.525096764,-0.878754128,0.250603064,1.273769353,-0.046986791,-1.31378767,2.045729627,1.384617957,1.875487685,-1.434224895,0.398239063,2.282402794,-1.818308805,0.256655694,-0.909563411,-0.091676789,-1.216045386,-0.927604492,-1.377532856,0.586452442,-0.845366394,-0.31525884,0.541102615,0.20571251,1.410572254,-0.912547746,-0.56651453,-1.279055611,-0.070315174,0.372528608,1.062397719,-1.199980783,1.856360488,-0.529329095,-1.755041886,-1.196666229,-1.399176987,2.402955177,0.875010299,-0.289149816,-0.151637175,2.162103892,-1.093923299,-1.157407335,-0.357246536,-1.10262031,-1.742969305,-1.465337569,-1.15169666,-0.386398045,0.151690513,-0.007729798,-0.519530064,-0.510492346,-1.164111271,-0.564050607,-2.421368629,-1.346304713,-1.577939245,-1.285906187,0.837939926,-2.473373414,-1.291347884,-1.07031642,-0.912796843,-1.042421009,-2.290656522,-1.224856015,-0.903868212,-2.281802554,-0.202728367,-1.315276874,-1.106846094,0.685165411,0.098758772,-1.476219069,-2.096384262,-1.638351923,-0.584472164,1.07507068,-0.833559334,-1.105636904,-0.915041513,-0.353394616,-1.717580071,-1.470110847,-1.961125315,-1.986315564,-2.047167981,0.631963027,-1.395536943,-1.260543156,-1.647659125,-0.682009436,-1.74239804,-1.914605299,-0.58554917,0.963136149,-0.985908799,-0.461559383,1.592840942,-0.239654103,0.593050564,-2.240549702,-0.865360003,-1.828216006,-1.581822745,0.624279301,0.261132737,-0.351118978,-0.641124153,-0.741077714,-0.302186759,-0.557218663,-1.739546598,0.265283078,-0.508328744,-1.510045169,-0.808782524,-1.56589961,-0.929375971,-0.222643676,-1.54599374,-0.429860265,-1.288441961,1.832245407,-0.513997315,-0.359249684,0.719983835,0.499865784,-0.280507869,-1.796370082,-1.5847453,0.617399403,-1.648178741,1.567844787,-0.724431471,-0.169721275,-1.004302609,0.703592438,-0.923567141,-0.657008134,-1.395940738,-0.213564577,-1.069150579,1.951494527,-0.509493179,-0.224644677,0.754336349,-0.586447562,0.395886042,-1.812778837,-0.152568599,-0.688159639,-1.082640519,-1.148538097,-0.014910613,-1.715354138,0.491765121,0.172018664,-0.047720736,-1.440117168,-0.905845474,-1.298283484,-0.949330586,-1.135068826,-0.59402609,-0.447225042,-0.6680644,-0.362549307,-0.691149178,-0.496101228,-1.284098849,-0.5407695,0.460079548,-1.391507928,-0.129994797,0.544415127,-0.217285742,-0.930136139,-0.338975367,-1.773723107,-0.901402119,-1.519140275,-1.033105487,-2.048718369,2.431637721,-0.042385717,-1.083231187,-2.262403303,-1.45328923,0.042197049,-2.359155445,-1.803022662,-1.845160246,-1.517314624,0.29229641,2.186410763,-3.11002142,-4.947660495,1.831653033,1.22324588,-1.678252228,-1.129483952,-1.400799047,0.477723752,0.489070692,-1.682008605,-0.714166548,0.256114003,-1.383897237,-1.541312083,-1.602462299,0.439802121,-1.306744082,1.051625497,0.356904918,1.664248016,1.290003701,-1.60743991,-0.420223479,1.367850311,-0.65027928,0.98987571,1.152911062,-1.389900857,1.013744068,-1.108662625,2.359683505,-1.354408172,-1.54975491,-0.659712405,-0.266312047,-1.631172405,-1.052683357,-0.951658876,-0.028708164,0.360537475,0.068779515,-0.087084107,1.764576675,-1.557794679,-2.237734121,-1.259837937,0.81708899,-0.806315879,-0.370339306,-0.906587956,-0.686370196,-0.60495317,-0.797175251,-0.28621648,-1.674509909,1.142692968,-1.038740892,-2.275943162,-1.024711481,-0.707246105,0.844107061,-0.983766897,-1.251064412,-0.36672528,-0.921554562,-1.246880305,-1.177006356,0.462979014,-1.526936691,-1.705948813,-2.737994078,-0.267748735,-0.758432647,-0.449730524,-0.549046837,0.086911372,-1.856618042,-1.598497972,-0.71355399,-1.028340236,0.636259318,-0.564226401,-1.51367329,-0.767439785,-0.657394011,0.424548523,0.213497174,-1.4554301,-0.467287322,-1.05987246,-2.047942875,-1.606941032,-1.002665948,0.543892828,-0.084686808,-1.296088093,-0.129084153,-1.607939036,-0.427097408,-0.012882626,-1.140685065,-1.355959161,-1.736135566,-1.563508981,-0.533753128,-1.455001559,-0.623994322,-1.140059479,-1.14790758,-1.360236827,-0.916540763,-1.911218909,0.198194906,0.165005835,-1.802416049,-2.205458382,-0.641693899,0.875051984,-2.213658884,-0.326838788,-1.071191693,-2.861201381,-1.37436579,2.127255039,-1.834458224,0.054109326,0.86852804,-0.379212737,0.214143169,0.126896933,-0.539739634,-1.190398684,0.604206671,-0.988055298,-1.587187304,-1.47359669,1.097177927,-0.033246594,-1.263369014,-1.1858055,-1.235463471,-1.462311848,-1.070024832,-1.623029866,-0.621757185,-0.236228791,-1.497002483,-1.306744082,-0.2338254,-0.529838563,-1.62049886,-1.352859585,-0.096951526,-0.610830138,-1.760260802,-1.637837387,-0.832869124,-1.290620611,-0.131020262,-0.45082865,-0.816445397,0.729671955,-0.736681183,0.097126711,-0.986713196,-1.060161102,0.123279016,0.62374351,1.711759816,-0.230671818,-0.651046005,-0.178289696,-0.125563223,-0.870839469,-1.496109227,-0.563347743,0.652377268,-0.788557365,0.999086569,-0.287148881,-1.136937403,-0.627172192,-0.526955006,-0.274568433,-0.881647788,-0.906092907,-0.380674939,-0.912796843,-0.579818495,-0.479650006,-0.651621434,-0.07612539,-2.063568193,-0.462988294,0.607153467,-0.45413028,0.295873432,0.311740338,0.417788858,0.41144718,-1.268689119,-0.07396952,-1.679860377,0.331100693,0.14401376,-2.950758908,-0.018469516,0.03575317,-1.503727458,-1.630150954,-0.131134268,-1.861109547,-1.521427035,-2.859454655,1.678982632,0.186562551,-1.715354138,-1.63475572,0.730346622,-0.971010944,-0.447381451,-0.878754128,-0.838635487,-1.232715273,-1.64092858,-1.675577715,-1.645583359,-0.541800428,-1.605445891,-0.005314095,-0.039052727,0.647312644,-1.196335377,-0.909315118,-0.897714346,0.921636418,-1.367668897,-2.089896,-1.600478171,1.06959534,1.320875453,0.013804281,-2.285727976,-1.22758267,-0.77283995,-2.054163735,-1.915963073,-1.630150954,-1.28518286,0.29020389,-1.461880348,-0.351261054,-0.861565832,-0.60166249,-0.68121861,-1.971843531,-0.935218742,-0.692947201,-1.502828177,-1.828216006,0.6870285,-0.125563223,-1.852784171,-1.582795982,-2.15330339,-1.503277717,0.602675277,-1.187443502,-0.488901066,-2.21183073,0.33675791,-0.498897053,-0.318278746,-0.77283995,-0.106917282,0.676306163,-0.256829609,-0.705219762,-1.677181565,0.192849279,1.545155359,0.315832116,0.412308307,0.506034163,-0.615075645,-0.553385238,0.644954338,-1.262661801,-0.128515422,-0.48191428,1.602030546,-1.123007446,-0.236355445,-1.318635713,-1.610438413,-0.963120319,-1.638351923,-2.017406151,-0.332958417,-1.246184653,-0.662811981,1.325907211,-1.014730805,-2.226550407,-2.448767603,0.612641866,-1.165714092,-0.629046255,-1.316395234,-2.051826375,-0.303134177,0.141846724,-1.222476276,-0.502692124,0.778957837,-1.397962166,-1.137561039,0.993066571,-0.353252237,-0.734594371,0.258973908,0.570414415,0.805180384,-0.32075638,-1.928266714,-1.258781041,-1.399987688,-3.072613318,-1.451152934,-0.742337425,-1.460586966,-1.256670593,-1.823869523,0.045642358,1.794056828,-1.603455841,0.647940588,-1.568775931,1.519972618,-0.200648474,-0.972332123,-2.178599113,-1.751001477,-0.800064463,-0.532900831,1.058137456,-1.472724089,-1.470545914,0.669008165,-1.988504547,-2.503478035,1.178993401,-0.711107506,-0.073323664,-0.589868831,-1.110482461,1.409864393,-2.019664338,-1.334461213,0.051358292,-1.074114817,-0.663200104,0.73419315,0.476420497,-0.321583624,0.60042864,-1.548342813,-1.092133323,1.457451555,-1.084709384,-1.208315554,-0.735428573,-0.859910398,0.360258515,-0.898942094,-2.165435255,-2.046393688,-1.622523152,0.507058537,-1.387495082,1.468127772,-0.25489225,-0.653349711,-1.214359897,-0.263184601,-0.833329211,-0.763355076,-0.407216641,-0.658166212,0.014100124,-0.112385131,1.452292754,-2.194627952,-1.664950622,-0.606602579,-0.100262422,-1.354408172,-0.190676361,-1.34822816,-1.231344001,-1.65286747,1.324897566,-0.069350078,0.475426399,0.212689093,-1.423788566,-0.207024169,-1.428367138,-0.232815171,-0.322273517,-2.015903521,-1.343618087,-1.320132159,-2.490120217,0.468940564,-0.813057477,1.017582983,-2.469821012,-0.989130278,-1.693363147,1.028618917,-1.018600351,1.172420216,-2.155027529,-0.718464989,-2.962297498,-2.218243945,-0.578390943,0.212931586,-0.314710745,0.782393558,-1.249318906,-2.064355904,-0.790760009,-0.123863987,-0.819617845,-0.165936528,-1.081165375,0.329015936,-2.017406151,0.308146246,-1.979053368,-0.886004039,-0.179964337,-1.397557553,-0.769380487,-1.00184862,-0.538710827,-0.5730557,-2.790345444,1.247348336,-0.838635487,-1.925519459,-0.945977042,0.242161557,-0.39734814,0.19309663,-2.133686557,-1.036201029,-0.166054584,-2.695627681,0.695045378,0.603058346,-1.977607236,-1.206308864,-1.715910157,-0.657201054,-1.025547718,0.927309798,-1.480165577,1.875809521,2.006265827,-0.316081547,-0.073108472,-1.205307027,2.445975228,-1.476656801,-1.595042032,-1.215033752,-1.547872557,0.352064331,-0.980829253,0.020586634,-2.304587096,-1.161871628,-1.580364665,-0.551647618,-2.480516302,-1.11871296,0.758232427,-1.899121988,-1.702101597,-0.083707749,-1.278696351,0.638162872,-0.498897053,-0.162754251,0.806341928,-1.519597208,-1.243060193,-0.223393583,-0.267356706,-0.953214086,0.351782998,-0.620454495,-1.380709983,-1.877971166,-0.927604492,-0.54697107,-1.707602161,-1.048965349,1.153636946,-0.998857456,-0.408720401,-0.518185978,-1.019985968,-0.960765222,-1.860466667,0.682338982,-1.127011763,0.022054991,0.535323095,-1.410996974,1.365887551,0.234755867,-0.427710717,-1.295722663,1.075991695,-1.389499492,0.37836794,-1.308963018,0.419762413,1.349811896,-1.586209786,-0.121941671,-1.652345413,-0.319103943,-1.810942289,-0.42694414,-0.599656838,-0.026343975,0.560700913,-1.818308805,-1.770193691,1.692638705,0.865502573,-1.068277089,-2.346536981,-0.565986035,-0.986713196,-0.231049723,-0.057735051,-0.960242619,0.280808504,0.192354393,0.384854154,-1.449873343,-0.398390194,-0.270759405,-1.983404354,-0.735011385,-0.139606954,-1.123930097,-0.278259934,-1.468372472,-1.435904862,-2.599644327,0.058646195,-0.087411457,-0.091567194,-1.33408149,-0.792083928,-0.386250889,-1.732170678,-0.952695414,-1.047539019,-0.697958738,-0.961026626,-1.090644119,-1.403644,-0.3137523,-1.051537881,-0.844435295,-0.72216413,-0.18452398,-0.196866828,-0.930136139,-0.48694635,1.585595938,-0.597473431,-0.764428383,-0.815540829,-0.631675859,-0.479326957,-1.013903561,0.723967323,-1.54599374,-0.230671818,-1.020263322,0.117960798,0.310714772,-0.565105831,-0.125790006,-1.301953213,-0.122054646,-0.274568433,-1.584257614,0.106519843,0.180903886,0.364504215,-0.048035449,-0.10458304,-0.287148881,-0.576431381,-1.410996974,-0.951399909,-0.386250889,-0.369760184,-1.106241316,-0.78526247,-0.605685905,-1.078515587,-0.509659637,-0.941095851,-0.228658732,-0.901402119,-0.936493439,-1.006489,-1.163791015,1.646020534,-0.205303633,-0.142831649,-0.109591677,0.269950798,-1.187115687,-0.531708835,-1.344001449,0.386418195,0.931533961,-0.600567999,-0.40167231,-0.051714436,-0.384486702,-1.52924137,-0.102586589,1.232443636,0.129184458,-0.07117382,0.903327066,-0.210103938,-1.373575589,-0.77652879,-1.846426871,0.084984324,0.719935157,-1.38309947,0.080842388,-0.125903417,-0.442077227,-1.431291727,-0.026549335,0.076497971,1.065296772,0.294459057,0.66088222,-1.415105443,-0.19431317,-0.9331826,-0.169958298,0.242083061,-0.651813317,-1.531088946,-0.33477368,-0.084795652,-0.252057562,0.065694103,0.792313552,-2.293625352,0.21760826,-0.713349888,-0.997229674,-0.391118514,0.924933277,-1.41551722,0.633131748,-1.333701911,1.060633471,-0.16110816,0.254642218,-1.870153537,-2.683845512,-2.26336438,-1.905152157,-0.443790222,-1.669187917,-1.25456459,-0.298540816,-2.486507931,-0.851205485,-0.99912901,-1.417166025,-1.817077277,-0.203953857,0.13496786,-1.410587054,-1.339029169,-0.724018844,-1.373970611,0.405598433,-0.550259693,-0.793630719,-0.795401415,-0.618039708,-1.74239804,-1.47359669,-1.284460055,-0.811930717,-1.966827397,-0.137654165,-1.598497972,0.077053629,-0.018367657,1.769190018,-1.709258248,0.028684634,-1.332943186,-0.217782945,-0.632052081,-1.570698084,-1.103222901,-0.808558032,-1.192703212,-1.09422194,-0.570221834,-1.607939036,-1.641444709,-0.917041013,0.039028387,-1.224515706,-0.677470701,-2.05494407,-0.818483672,0.31889,-1.20330636,-1.272608597,-1.019708691,-2.073857163,-0.278524135,-0.95217701,-1.09302791,-0.541628533,-1.665479303,-1.990698332,-2.446455463,-0.992631965,-1.750425606,0.12018016,-1.320881223,-1.046684196,1.126681309,-0.889648801,-0.631675859,-1.633218441,0.456601724,-0.646454453,-0.115298624,-1.294992203,-1.662838689,-1.004575647,-1.073529508,-1.654435278,-0.88140633,-0.560015868,-2.332013904,0.259976801,-1.73556819,-1.102319151,-1.405681075,-0.344464087,-0.232184296,0.083053555,-1.611941043,-1.62049886,-0.355818168,-1.630661549,0.464488449,-0.59384498,-1.335221091,0.192106858,1.026973062,0.87016302,-2.243373233,0.895189662,-1.448169765,-1.432128898,-0.420832585,-0.213812224,-0.854255341,-1.889151815,-1.365315955,0.398171911,-0.506667614,-0.533241663,-1.505979204,-1.45328923,0.116982716,0.788320987,-1.696085719,-0.236735505,-1.635268673,-1.209990877,-2.904065085,0.280053045,-2.913231052,-2.339249077,-0.27812786,-2.296603021,-3.064011114,-0.259937212,0.581936251,-1.259837937,-0.778051688,-1.177330873,-1.794563397,-0.089705913,-0.896733233,-1.614953093,-1.793961893,0.509704996,-0.82052611,-1.462311848,-1.202640359,0.951464807,-0.457126891,-0.72505073,-1.299016353,-0.484670666,1.409717876,-0.254763226,-2.710553331,-0.035834453,1.028654666,-1.921412678,-0.597655199,0.529451088,0.171176346,-3.061872076,-1.081755172,-2.758291418,-2.239610294,1.450606294,1.974039359,-1.197659442,-0.036663984,-2.007679176,-0.800509699,-0.805644212,-1.295722663,0.848825265,-0.615630738,-1.25351325,-2.077044417,-0.06592615,-2.332013904,-0.477713272,-0.278920567,-1.371997056,-1.446893983,0.369146845,-1.758518135,-0.975775379,-0.822800389,-1.257373581,-0.63111179,-0.281169989,-1.599487582,-0.710496819,-0.805196684,-1.218071729,-1.67504367,-1.604948007,-1.315276874,-0.3878708,-2.350725468,-0.653926467,-1.46015621,-0.810805224,0.020782539,-1.505528449,-2.806766174,-1.458005209,0.908903513,-1.305636458,-1.113522901,-1.626075554,0.324761071,0.934248521,-0.029737818,0.237283115,-1.619488248,-0.184043038,1.219590215,-1.337885222,-1.899790213,-1.606941032,1.10001131,-0.986713196,-1.797576355,-1.868208641,0.77357443,0.028781801,0.141846724,-2.369793843,-0.865122445,0.911077165,-1.888490658,0.460205787,-1.556371192,-1.50733269,-0.45082865,-1.592089274,-0.929375971,-1.611941043,0.193014186,-1.130412601,-0.584472164,1.124474948,1.131111747,-0.291020974,-0.846531488,1.024140148,0.941997464,-0.647027245,-0.474815186,0.759168976,-0.429092039,-0.964693471,0.485261632,-0.325176277,0.322807874,-0.577677931,-0.659325632,0.74924392,-0.845133538,-0.816219178,0.681529961,0.480325178,0.824350866,0.274064777,-1.926205566,-1.413460029,-2.156754645,-0.681416258,-1.071191693,-1.38309947,0.431067876,-0.892330094,1.035459474,-0.953214086,0.190537712,0.270485048,-0.963644428,1.517388411,1.302260366,0.975653381,-1.662838689,-1.148853505,-0.027165668,1.26262843,-0.24041688,-1.115351613,-0.191402666,-1.320506621,-0.736263472,-0.464101084,-0.58590843,1.171366965,0.382264715,-1.837594006,0.787365856,-1.637323116,-0.738144547,-0.947523434,-1.490766383,-1.39513331,-2.439550948,0.168560642,-1.764922815,0.010544214,0.155378497,1.026758185,-0.105138318,-1.579393791,-2.579656986,-1.237184939,-0.076557123,-1.511857584,-0.359679453,-0.253087428,1.045387305,-1.339792528,-1.332943186,-1.098412309,-0.575541939,0.869492582,-2.510840032,0.305202686,1.062432281,0.510125379,0.348330223,-1.747551215,0.607534825,1.354468241,-1.318635713,-0.107473858,-0.816219178,0.464111304,-0.236735505,-1.286630038,2.124534403,0.537019548,0.566449528,1.078885659,1.726580743,-1.066241909,2.00481228,2.59245976,-0.407366915,0.135666611,0.423763336,-0.299214988,-1.68848112,-1.314531995,-1.474470052,0.657209074,-1.777856564,-0.810130536,-0.479004011,-0.039572775,-1.350541191,0.149712273,0.723579388,-1.458005209,-0.624180976,-1.235807528,-1.046399417,-0.623434568,-1.84136997,-0.759714425,-1.4929891,-0.686568865,2.602697093,1.088797615,1.539015448,-1.49209942,0.295799041,-0.767439785,0.380010539,-0.991822795,0.59751695,-0.966531948,1.195496986,-1.237184939,-0.248204982,-0.327809864,-0.986981473,-2.181252808,0.223543471,0.058834786,-0.755235373,1.005253537,-1.05641524,-1.719252778,-1.47490702,0.634829271,1.197884307,-0.624180976,-1.488548595,-0.493476985,0.045928932,-1.461880348,-0.109480101,-1.54271428,-1.270112607,-2.439550948,-0.908570609,1.455937021,0.094582643,-0.462194202,-0.652197194,0.861158499,-0.766793721,-0.237749704,1.905653471,1.995189989,-1.768433644,-1.322005871,-1.697722827,-0.95581149,-1.680397001,0.976067936,-0.035419945,1.120699885,-2.034850658,-0.467606505,-0.461559383,-0.649896139,-0.365283319,0.322807874,-1.62964062,-1.710363831,1.660948183,0.486799289,-0.810805224,-1.653912403,0.312837992,-1.512311202,0.531392665,-0.798063351,-0.247308178,-0.487760351,-1.333322476,-0.029119899,0.247406803,-1.047824122,-1.494325105,-0.889892258,1.192497211,0.256191405,-1.573105983,-0.332261116,-1.843263312,1.391878739,-0.644738041,-0.968373812,-0.398390194,0.356484926,-0.189467025,-0.360539545,-1.233401615,-1.355571189,-1.885850393,-0.48824907,-0.244750305,-1.069441911,0.587119776,-1.133203733,-0.394821948,-1.443499835,-1.900458886,-0.326145739,-1.47359669,-0.696352312,-1.48722028,-0.161695739,-1.419644341,-2.950758908,-1.09302791,-1.901797574,-0.926593625,-1.47797115,-1.67504367,0.124957239,-1.729348209,0.188717724,-0.378336441,-1.119631656,-0.603306477,1.113205291,0.915370308,-1.183190265,-2.481711759,-1.011975982,-1.028619917,-0.920800887,-0.891598119,-1.541779264,-1.481484548,-1.444771291,0.451712359,-2.107841016,-0.887217484,-0.136048845,-1.584257614,-0.070100628,-0.718054816,0.389335726,-1.10262031,-1.446893983,-1.580364665,-0.433864583,-0.413245295,-0.846997905,0.101201881,0.950614861,-1.476219069,-1.362577835,0.530863518,-1.621510494,-0.22151987,-1.698815724,-2.34028696,-0.135361638,-1.532939942,-1.610438413,0.690894646,-0.932166081,-1.745257636,-0.256571077,-0.901402119,-1.094520671,-1.037046933,-2.346536981,-1.946310229,-1.7837913,-1.485010334,-1.413871129,0.332249046,-2.047167981,-1.576003136,-1.07089985,-1.874054712,-1.614953093,-0.761640177,-2.266253164,-1.586698426,-1.220779923,-0.232688964,-0.298540816,1.486298055,-1.942814944,0.59812196,-0.314573768,-0.381992752,1.204292753,-1.271538124,-1.470110847,-1.36335939,0.030432207,-0.121602822,-1.989966535,-1.050393716,-0.449573748,-1.624044065,0.734816816,0.15083089,1.29357582,-1.595535007,0.2749767,-0.146877196,1.431697845,-1.349769586,-0.839561199,1.933461557,-0.815314815,-0.87562875,-0.527802248,-1.87993516,-1.270468796,-2.462753845,2.11179982,-1.817077277,1.095306832,-0.691348799,-1.197990733,0.947866915,-1.274037679,-0.621384814,-0.467766134,-0.815766894,-1.425035189,-2.442997247,0.950924016,-0.492821999,0.535908404,-1.922779732,-0.697556889,-1.792159549,-1.146333025,-1.938636665,-1.21402314,-0.199427025,-2.830217835,-1.377929445,0.488518663,0.457488136,-0.20383124,-2.93935194,-0.804749357,-1.357123984,0.066817173,-0.271808723,0.186562551,1.059074192,-1.216720377,-1.397153105,-1.160594081,-0.272859144,-0.40241975,0.133918818,-0.455548608,-0.727531607,-2.154165088,-2.288682188,-2.318714475,1.318390183,-2.249044326,-1.3919101,-1.263369014,-0.933945667,-1.779040697,-1.911895271,-1.023041102,-0.084469157,-0.923567141,0.157601861,-0.394228476,-3.081290162,-1.913927103,-2.226550407,-1.231001477,-1.547402522,0.529097669,-0.779794987,-0.30164578,-1.740116236,-1.083526651,-2.060423536,-1.569256123,-0.715188311,1.114059038,-0.835402228,-0.868215109,-0.996958635,-0.293566016,-1.400393286,-1.979053368,-1.637837387,0.448141382,-0.557742544,-1.857258452,-0.94160854,0.037873652,-2.020418201,-0.896488105,-1.282294771,-0.916540763,-1.393520406,-1.156453288,-1.56303154,1.575777711,-0.419310515,0.730491134,-1.121164693,-1.486335715,-0.593482857,-1.719252778,-1.559695821,-0.997771974,-1.497002483,-1.561600583,-2.388142981,-1.397557553,-3.030323718,-0.07396952,0.681580544,-0.577143505,-0.816897988,0.000499875,-2.444148657,0.177476505,-0.262534279,-0.701784374,0.015184135,-2.100460909,0.534971746,2.634963246,-1.446893983,-1.011700917,0.432431556,-2.296603021,0.045260131,-1.854060495,0.157003749,-1.495216768,-1.675577715,0.751321745,-0.499720844,-0.865835288,-0.716415808,0.139761942,-0.671385689,-1.235119533,-1.535722875,-1.56589961,-1.083822203,-1.279774518,-0.934200152,-0.727324632,0.070831181,-1.045830103,-1.658103084,-1.058430499,0.958506954,-1.801203928,-1.148538097,0.755135578,-1.573105983,-0.558616288,-0.616371342,-0.912547746,0.134618302,-1.573105983,-1.052683357,-0.722370039,-2.26336438,-0.415061002,-1.690105816,-1.113218441,0.505431099,0.173785226,-0.006621876,-1.219086442,-0.232688964,-0.25902983,0.024887716,1.745750434,-1.616462527,-0.339256108,-0.748871329,-1.622016695,-1.623029866,-0.956071602,-1.673443242,1.592230714,0.400787519,-0.890135774,-1.178629997,0.570923048,-0.202116184,-1.677716753,-0.566338334,-0.458233174,-2.07784282,1.062950568,-0.99912901,-0.878272665,-1.630661549,-0.437420279,-1.821394274,-0.268664067,-0.64226397,1.072952542,-0.932674211,-0.384486702,-1.170860453,-0.486783629,-0.648173815,-1.778448455,-0.83034242,-1.346304713,-1.16443163,-0.850737101,-1.589145209,-1.626075554,-0.582142623,-0.251028755,-0.840951375,-0.512827626,-0.341364183,-2.417995945,-1.526016304,-1.950520762,-1.270468796,-1.423788566,-1.270468796,-1.163791015,-1.861109547,-1.182537524,-1.053256587,-0.731264503,-0.821890057,-1.424203934,-0.811030221,-2.065144237,-1.102319151,-0.762068626,-1.520969264,-1.100814712,-2.820099705,-1.641444709,-1.148853505,-0.496758367,-2.774190004,-0.324346057,-1.418817553,-0.320205264,-0.157238776,-0.5730557,1.029119292,-0.724431471,-0.043742923,-1.730476241,-1.180907531,-0.955551446,-2.479322272,-0.511992972,-1.005395207,0.194579454,-1.307113563,-1.197659442,-0.788337368,-1.169249368,-2.496169842,-1.29974976,-1.588655373,-0.348848508,-1.613445934,-1.928266714,-1.731040734,-1.318261951,-0.539053645,-1.224175512,-1.933783969,-1.423788566,-0.33086797,-0.038740828,-1.37634403,-0.678849876,-0.942634707,-0.618596449,-1.767261998,-0.259807536,-1.235807528,-1.16219127,-2.103734234,-0.400328324,-0.136621878,-1.237529588,-0.981362729,-0.906587956,-1.439273286,-2.481711759,-2.237734121,-2.656406968,-1.566378423,-1.745257636,-0.484508315,-1.818925137,-2.900422094,-1.250016743,-1.516858731,-1.114741671,-1.605944023,-1.406497068,-1.724848764,1.81376555,-1.308592854,-1.533866726,-0.992901834,-1.020263322,-1.890475442,-1.876663976,-1.476219069,-2.008424054,-1.349769586,-0.6806259,-1.47359669,-0.907826654,-1.506881324,0.385874458,-2.469821012,-0.11945944,-3.221378955,-2.569158202,-1.569736546,-2.307597635,-2.073061935,-0.991014278,-1.703199292,-3.130407177,0.879751221,-1.843895224,-1.532014016,-1.341703478,-1.3919101,-1.693363147,-0.518689799,-0.210597582,-1.983404354,-1.301585633,-0.53204926,-1.172797187,-1.612442422,-0.995875211,-0.913793852,0.442568196,-1.994365369,-2.338212271,0.233489843,-2.461580825,-1.909867558,0.648568137,-0.982964865,-2.815078774,-3.121295497,-2.210917905,-2.158484749,-1.435484605,-1.839480205,-1.783196239,-2.948848688,-1.610438413,-1.120857898,-0.83034242,-1.690647968,-0.506335719,-1.030019497,0.113507241,-1.194682757,-2.569158202,-1.515947569,-1.217395825,-3.11002142,-2.598299337,-0.883097765,1.839199516,-0.919546025,-0.646072773,0.129184458,-0.804972996,-1.661257661,-2.111138628,-1.273680217,-2.20909475,-0.597655199,-1.94911528,0.266969031,-0.086865933,-1.404865747,-0.86654864,-0.471604911,-1.640412717,-1.848964943,-0.052557251,-0.976837232,-1.691190414,-0.926088574,-2.821778966,-1.365707728,0.518436587,-1.134135845,0.021076326,-0.445818463,-1.087079053,-0.785043195,-0.800509699,0.31889,-0.280640258,-0.207147178,-1.767847649,-2.176833888,-1.734434403,-0.782196997,-0.536485371,-0.734385929,-3.059737604,-1.020263322,-0.95972029,-2.161953963,-0.794737036,-1.699909816,-1.710917081,-2.150722744,-1.897786874,-2.854232711,-0.647600366,-1.506881324,-1.712024501,-0.885519073,-1.060161102,-2.155027529,-1.339410775,-1.970407781,-0.459024125,-0.232562773,-1.207311706,-1.736135566,0.136190355,-0.06592615,-0.992092445,-1.817692851,-0.610645959,-0.412187654,-0.528819887,-0.839098236,-1.399176987,-0.25747623,-1.961125315,0.193755934,-0.117208201,-1.694995801,-1.531551374,-2.175071773,-2.044846897,-0.991553216,-1.270468796,0.641643338,-1.090049058,-0.800955133,-2.289668868,-2.378386806,-0.942378067,-0.646263595,-2.805111914,-1.526936691,0.46969108,-1.258781041,0.548237009,0.809729496,-0.840951375,-1.741256487,-1.173443599,-1.666008264,-2.562651998,-1.654435278,-1.051537881,-2.064355904,0.251614383,-1.072359918,-2.521985658,-2.748872196,-1.041853955,-1.6321949,-0.215299397,-0.989668202,-1.095118399,-1.270468796,-1.482805262,1.020362417,-1.216382824,0.404464608,1.399778046,-1.11078609,-0.610093625,-0.746969987,-1.541312083,-1.572623939,-2.083449563,-0.287948775,-1.951224244,0.036428357,-0.316630394,0.276115436,-0.172450437,-1.820158944,1.40344642,0.711379949,-1.833206659,0.078164021,-0.533412122,-0.852142912,-0.719491156,-1.115046595,-0.03386707,-1.114436839,0.449290588,0.096218858,-1.316395234,-1.815232825,-0.063365876,0.821628342,-0.140297086,0.208476514,-2.141316945,-0.665726585,-1.154547921,-1.239254619,0.047551302,-1.474033275,-2.042531188,-1.377532856,0.210585022,-3.128121462,-1.651823629,0.445967051,-1.674509909,-1.653912403,"RMS"
"32",0.432431556,-2.700082032,-0.402120707,0.13076507,-3.216378945,-0.553385238,1.809713985,-0.641693899,-0.340098805,0.033724869,2.029712812,-0.397496939,2.008670304,0.114488727,-1.212004976,-1.767847649,0.001498876,0.135404637,0.439930945,-0.955551446,0.696790536,1.813015289,-0.899925378,1.804544064,1.069972731,1.785506628,-1.133825044,0.045833416,-2.385966702,-0.716415808,-0.358676947,-0.481266822,-2.680921534,1.218644645,1.585104235,-0.046462874,-1.445195469,-0.841647189,-1.87470639,-1.20764621,-1.340938659,0.887808949,0.033531483,-0.530178352,-0.658166212,0.27543235,1.589500476,-0.574830954,1.833365157,-3.146555163,1.558902226,-1.87470639,0.368870278,-2.357041279,1.099078847,0.620253855,1.346253312,0.231032353,0.5465016,1.999816455,1.671003268,1.999748773,-0.672560547,0.637475896,0.87200441,-1.581822745,-0.383165601,0.102195512,-0.220646671,-1.183843433,-0.725877005,-0.264356247,-2.035616062,-0.89086668,-3.882464203,0.599385801,-0.350408902,-1.317514846,-2.362335097,-0.482238167,-1.441807071,-2.440698395,1.362948966,0.376379527,-1.425451076,-1.232372279,-0.929122711,0.4626013,-3.892220378,-1.33484108,-1.985586966,-0.979496808,-3.47054746,0.75584025,-0.353679435,-1.320506621,-0.537511889,-3.257097038,0.812395808,-1.498343865,-1.395940738,-1.071775635,-0.673736787,-0.638090975,-0.556869562,-1.828838478,0.422125549,-1.010052112,-2.854232711,-1.974721231,-2.304587096,-0.664365379,-1.597509342,-0.466330384,-0.844202656,-0.643405089,-1.066241909,-0.659132302,-3.280751229,0.53180403,-0.623621118,-1.958995389,-2.582298996,0.970021054,-0.66533748,0.158541028,-0.970482961,-0.160168752,0.191776716,1.237040008,-1.915963073,-2.554900022,1.031296581,-0.777616337,0.323965785,-1.399176987,0.15495036,-1.271181554,-1.942117351,0.723385364,0.716473006,-0.909563411,-0.754597143,1.345810851,-1.788564578,1.210600791,-1.622523152,1.952545231,0.92544867,-0.602758181,-1.267978134,-0.450357877,0.015479571,-1.970407781,-2.255701507,-2.043302495,-2.333044301,-0.010757657,1.438269923,-1.65652952,0.898004554,0.946819937,-0.763355076,0.950808094,-1.168927463,-1.455001559,-1.387094681,-1.662838689,1.058172166,-0.809905741,-0.055829885,-1.813391769,-1.495662898,-1.23065907,-0.882614206,0.887109059,-4.254513314,0.569566119,-0.848632083,1.693227438,-1.134446742,-2.459238903,0.450374737,-2.103734234,-0.595838998,-1.221118963,1.319299492,-1.870153537,0.306233918,-1.163470861,-1.488991759,-1.866267521,-0.933945667,-1.509592578,-0.622129693,0.377477072,-1.926205566,-0.268010173,-1.462311848,-0.166999541,-1.796973036,1.604445471,-1.267978134,-2.458069996,1.128171091,-0.064751877,-0.510992304,-0.731056754,-0.811255269,-1.136937403,-0.208378099,0.762206717,-2.51825663,0.987233701,0.826541064,-2.146436411,-0.896243037,1.249987692,-1.389098289,-2.189256408,-0.689553645,-0.327948666,-0.302322049,-3.372609925,-2.029509173,-0.915041513,-0.662424008,-1.401204974,-0.395267283,0.572503808,-2.442997247,-1.317888329,-2.813410717,-2.539574051,-1.510497965,-0.369470748,-0.866073016,-1.537582475,-0.539568093,0.085168012,1.464134645,-2.272055888,-0.392598242,-1.39070407,-0.024190239,-0.671972945,-0.662811981,-0.249744233,-0.694748462,0.091119593,0.882444351,1.371282241,-0.083055575,1.295302345,-2.079441542,-0.334494194,-2.645075402,-1.928954708,-2.721135441,0.085351667,0.154264959,-0.088394151,-1.261248872,-4.104394898,-0.974714652,1.368868407,-2.592937394,-1.030579878,-1.139434283,0.452221459,-1.139434283,0.581097677,0.742175412,0.235783332,-1.111697528,0.230238324,-1.202640359,0.614861262,-1.086782537,-0.724225136,0.551237934,-0.636388847,-0.697958738,-2.701571235,1.053545185,0.949957589,1.426620233,-1.813391769,-0.056676177,-0.927857368,0.601196352,1.495933212,-0.552689828,1.155811442,0.782987885,0.549045837,1.087922018,1.741781099,-0.95217701,-2.040220829,0.274444846,0.186313578,-0.737935363,-0.661648514,-0.497251504,-2.011409131,-1.384296359,-0.449103565,-0.729811165,-1.206308864,-3.669076827,-0.384927457,-1.194022474,-0.478197104,-1.879280067,0.065600457,1.299155703,0.467375178,-1.221118963,-0.810130536,0.310348243,-1.021373508,-1.757937921,-1.25351325,-0.392598242,0.46806425,-1.336361992,-2.312635429,1.488083507,1.423951352,1.66474016,-0.980296062,-0.470003629,1.710928951,-2.344449297,0.226338442,-0.970746918,-0.57874764,-1.646101897,-1.112914073,0.339111608,1.038295953,0.129448067,-0.223893833,0.962716198,0.270637638,1.697247304,-0.973655049,-1.167319487,-1.887169654,0.022054991,-0.229664768,1.709536609,-1.392714929,1.637558788,-0.182001608,-3.083471188,-1.735001135,-1.838222344,1.734306895,0.966869771,-0.934200152,-0.745704431,1.361361095,-0.833099141,-1.746403768,-1.035919219,-1.806670082,-2.523231764,-0.890135774,-0.061024702,-1.108056748,-0.027165668,-1.078809661,-1.814005078,-0.500875293,-2.736449676,-1.404051083,-0.57874764,-1.807279281,0.570527467,-2.968117107,-0.039676817,-1.232715273,-1.957577954,-1.427116356,-0.987249821,-1.614450454,-0.972067747,-1.317888329,-1.079103822,-1.405273328,-0.139491979,-1.145075163,-1.816462082,0.250369538,-0.26188438,-1.672910335,-1.132893223,0.013212332,0.098396322,0.856328391,-1.9618363,-2.379466137,-1.227924025,-0.029840842,-1.1141321,-0.736054682,-2.162823151,-2.015153052,-3.030323718,1.379873793,-1.343234872,-1.701553201,-1.826350914,-1.059007034,-1.099612789,-0.781759839,-0.060918415,1.465590636,-1.028340236,0.624011442,1.457893833,0.005683817,-0.032213322,-1.37634403,-1.083231187,-2.529485693,-2.1086644,0.354452476,0.003792798,-0.896733233,-1.20330636,-0.44347855,-1.031982206,-0.760783829,-0.94032731,-1.824489294,0.361025467,-1.409767717,-0.367591456,-2.101278236,-1.4867779,0.206363551,-1.097812609,0.029655885,-1.257022025,1.171986659,-1.344768614,-0.159112972,0.529686631,-1.135691297,-0.032626503,-1.260895952,1.227445161,-0.108365025,-1.429619486,1.426091831,0.123190611,0.100116791,0.368316913,1.466583192,-1.857899272,0.270790205,-2.96036513,-0.514666323,-0.997229674,1.177669896,1.356041318,0.515992254,0.920043681,-1.493879572,0.051643233,-1.648178741,0.445967051,-0.009444459,-1.577939245,0.142800799,-0.174353387,-1.1858055,1.24835326,0.397231303,-0.630923837,-1.727095956,-1.411407062,-1.397153105,-0.706435075,0.726001517,-0.60531947,-0.551821245,-0.239908298,-0.524586539,0.029073248,-1.090941782,-1.971125398,-1.059295426,-0.577499757,-2.946942109,-0.256312613,0.242004559,-0.040301297,-2.649309706,-1.472724089,-0.839329691,-1.107451237,-2.44184716,-0.229664768,-2.594275187,2.10941288,-0.707651867,-1.344384958,-2.915074371,-2.20909475,0.418249703,-1.546932707,-2.420243137,-0.995063413,-0.016332655,0.23285623,1.993229845,-1.7837913,-1.08915713,2.037798898,0.704779265,-2.488914671,-1.988504547,-0.761640177,0.69399682,-0.228156093,-0.630360193,-1.496555755,0.611014791,-2.306593114,-0.781104459,-1.742969305,0.979303089,-1.461880348,1.381633516,1.529398538,1.941385643,1.694991561,-1.123007446,-2.136223556,0.870456196,-0.156302994,1.060598847,0.756262815,-1.442653095,0.47162731,-1.53433044,1.988627489,-0.18224156,-1.610438413,-0.085557888,-0.019896632,-2.305589602,-1.258781041,-1.16667702,-1.760260802,0.018527305,-0.323654733,-0.773706688,1.174399802,-0.636955901,-3.586322866,-1.615455985,0.771033719,-1.560647748,-0.267879445,-0.449887326,0.504767309,-0.615075645,-0.015926151,1.147529429,-0.6361999,0.345007139,-1.185478222,-2.047167981,-1.14538948,-0.433247489,1.042782404,-1.435064526,-0.658359355,0.488334586,-1.720369473,-0.833559334,-2.493745599,-0.053400777,-0.811705517,-0.746337009,-3.11226609,-0.56457808,-1.73556819,0.447118757,-0.958415658,-0.040821995,0.393797303,-1.338266392,0.131729771,-1.389098289,0.168560642,0.191363885,0.662120802,0.200979739,-0.775876828,0.801194085,-0.042177079,-2.417995945,-1.071775635,-1.365707728,-1.24098263,-2.460409178,-2.686778066,-0.29961971,-0.2125746,-1.724848764,0.808928214,-1.404458332,0.978514075,-0.331982331,-1.661784393,-1.400799047,-2.514541455,-4.074541935,-0.649321701,-2.061208773,-3.341043459,-2.20183519,-2.092324168,-1.311929279,-0.250257844,-2.615926912,-1.019431491,-0.004811557,-1.880590683,-2.993734271,-1.445619827,0.665261977,-0.817577259,-0.290619716,-1.832581464,-3.184474398,-0.289283354,1.059143545,0.182738137,-0.229664768,0.618261983,-0.521044324,1.094369969,-0.439435628,0.178229864,-1.215708061,-1.010601411,-1.339029169,-1.00184862,-1.809109108,0.986152559,0.215595134,-1.865621318,-1.256319285,-0.854725376,-0.984301943,-1.40853997,-1.293168383,-0.717439873,-1.030299649,-0.544037758,-1.406088988,1.239938225,-1.123930097,-2.496169842,-1.397557553,0.523425906,-0.156536858,-0.806539868,-1.992163534,-1.049536451,-1.53991185,0.475426399,-0.186450067,-0.868930161,0.036813973,-1.435484605,-0.110261394,-0.711922336,-1.958995389,-0.252314929,-0.393635356,2.035776969,-1.175385348,-0.376731889,-0.925583779,-1.308592854,-1.086486109,-2.197324582,-0.996687669,-0.404665428,-2.502256288,0.463230745,-0.558266698,-0.892574205,0.001998003,-1.20764621,-0.448633604,-1.041287222,-0.705422211,-0.444569828,-1.541312083,0.740221588,-0.696352312,-0.495280412,-0.350976923,-2.847312268,-2.03408584,0.124692444,-0.841647189,-0.467606505,-0.088175691,-0.681416258,0.74933846,-2.492535677,0.230556011,-1.886509806,0.552389743,0.258819528,-4.240527072,0.916370729,-0.965218406,0.810574597,-3.009831198,-0.455548608,-3.044922518,-2.41128451,-0.859201765,1.520256911,-0.497087098,-2.275943162,-0.971539206,-0.029531803,-1.612944052,-0.785043195,-0.080884729,-0.672756491,-1.181885208,-2.122766666,-3.061872076,-0.262014326,-1.280134165,-1.796973036,-0.030459208,-0.158409737,1.019965828,-1.730476241,0.903408106,-2.014403146,0.168645126,-1.355959161,-3.327017984,-1.456287733,0.929996379,1.341401592,0.154179251,-3.803168601,-1.433385969,-0.220148042,-1.95970486,-3.160606917,-3.061872076,-1.132893223,0.739553553,-0.910060182,-0.395118816,-1.396748819,-0.924070919,0.177225259,-0.511325749,-0.728981634,-0.295445463,-1.806670082,-1.917322692,0.940905293,-0.880923588,-2.462753845,-0.704005924,-2.014403146,-1.234432012,0.364851425,-0.766793721,-0.822572728,-0.932166081,-0.397199364,-0.974449646,-0.19309943,0.229125623,-0.059750004,0.137498513,0.117516333,-0.39630717,-1.666008264,-0.715597309,1.680362251,0.994140267,-0.032523192,0.145398203,-0.846764669,-0.639606414,0.21398171,-1.798180037,-0.941864983,-0.048770164,1.37085072,-1.889151815,-0.99398204,-3.65351231,-1.188427593,-0.251157298,-1.488105627,-1.758518135,-0.463942038,-1.041853955,-0.126357189,1.041583278,-0.270759405,-0.749717532,0.352486183,0.241690489,-1.058718725,-1.760260802,-2.685310714,-0.718670138,-1.612442422,0.086728004,-2.487710577,-1.128556165,0.023716527,-2.087473713,-1.269044801,-0.126470664,0.359141899,-1.28916765,-0.043011891,0.806743687,0.398910339,-1.276543497,-2.26336438,-3.162968193,-2.08586211,-5.149897361,-2.670754416,-0.021427947,-0.607336524,-1.280134165,-2.074653025,0.642222239,1.244385115,-0.952436179,0.206770237,-2.143873402,0.475550716,-0.465852258,-0.50120538,-0.843505062,-0.630172381,0.004091618,-0.226398844,1.40558215,-0.795622972,-1.580850456,0.942815811,-0.954771719,-0.820980552,1.670043711,0.527210653,-0.700574696,-0.186691089,-1.26513924,0.288781468,-1.367668897,-1.397557553,0.605080702,0.228409661,-1.177980224,0.692246775,0.264515794,-0.354106816,1.702053556,-1.804236991,-1.275110832,0.688988545,-0.39988073,-1.337885222,0.027031339,-0.913295223,0.819471414,0.174961202,-0.911800827,-0.887217484,-1.171505614,0.740746159,-0.765502843,1.389663679,-0.101368494,-0.208254939,-2.134531508,-0.213564577,0.279448268,-0.431552443,-0.689155159,-2.813410717,-0.004811557,0.13374387,0.965652161,-1.142564176,-1.03732906,0.070365263,0.246391218,-2.390324007,-0.601479992,-2.449925681,-1.071483621,-3.066154738,1.157855565,-0.19650162,0.359002234,0.053351176,-0.251285857,-0.647791479,-2.542112124,-0.767655233,0.12018016,-1.73556819,-1.421714306,-0.643405089,-0.220272676,-0.467127769,-0.13079229,1.453134918,-1.546932707,-1.08915713,-2.30058709,0.726195035,-1.7333019,0.892817376,-1.876663976,-0.631863952,-4.312500572,-1.915283956,0.63472326,1.190826773,-0.58788667,0.654666194,-1.217395825,-1.675577715,-0.880923588,0.997760114,0.23617823,0.833908623,-0.520539316,0.293713845,-2.225624052,0.47673095,-0.657008134,-0.442544116,0.171344866,-1.259485514,-0.224895084,-0.376294731,-0.762282919,-1.041003976,-1.671313316,0.728707356,-0.668259465,-3.072613318,-0.447694342,0.431912278,0.625510532,-0.18224156,-0.456337439,-0.842575694,-0.491022997,-1.648698626,0.27528049,1.395551382,-1.677181565,-0.937003774,-0.917041013,-1.042421009,-1.470545914,0.355784548,-1.316395234,1.855015919,1.7860264,-0.432476657,0.268957864,-0.863461118,1.989544186,-0.412187654,-0.319103943,-1.194352561,-1.497896538,-0.374257181,-1.134446742,0.014100124,-1.611941043,-0.946492241,-1.101717104,0.139066048,-1.609437912,-1.395536943,0.434894452,-0.967584026,-1.083526651,-1.179280192,-1.824489294,0.580146442,-1.073236982,0.27277146,0.009157938,-0.009141658,-0.349983099,-0.001100605,0.390283786,-0.392006088,0.207664365,0.665930134,-1.030860187,-0.015519812,-0.594569617,-0.517346841,-1.286268047,-1.002393431,0.918248814,0.390622161,-0.906092907,-0.170906952,-1.404865747,-1.078809661,-0.940839605,-0.151986357,0.094491663,0.328007944,0.301437038,-0.680033541,1.268270672,0.640115534,-0.759500681,-1.033105487,0.604097364,-1.718694898,0.204083049,-1.854060495,0.607698219,1.479898541,-1.203639527,0.414623046,-1.990698332,1.266017594,-2.051048467,-1.264784944,-0.892086043,-0.203586052,0.541568191,-2.526979426,-0.720107362,1.519075472,1.092594216,0.571261993,-0.83378951,-1.077927698,-0.170788321,0.553597716,1.610657169,-1.409358301,0.018232768,0.925091888,-0.39988073,-0.647982629,-0.455864066,1.071823314,-2.019664338,-1.226559303,-0.854255341,-1.476656801,-0.300159594,-1.725410089,-1.776673832,-1.222476276,0.208314137,-0.646454453,-0.339958306,-2.414634597,-1.280853849,-1.084413569,-1.546932707,-0.769596353,-1.66020503,-1.413460029,-2.125276078,-0.038325114,-0.956592029,-0.364131245,0.000699755,-1.413871129,-2.198225078,-0.781322872,-1.365315955,-1.140998005,-1.226559303,1.663319853,-0.611198598,-0.755235373,-0.885761527,-1.223835433,-0.63714499,-1.455858825,-0.089815304,-2.26144315,-0.743388397,0.319108063,-0.69615169,-0.053189829,-0.29881043,0.261132737,-1.779040697,-0.508495008,-0.268140917,-0.761211912,-0.409322538,0.74545496,-0.474493695,-0.720929562,-0.583396317,-0.638848407,-0.684782264,-2.724179583,-1.072067733,-1.949817774,-1.567336736,-0.517011383,-1.970407781,-0.952695414,-0.502692124,-0.770028225,-0.745072253,-0.304218041,-1.586209786,-1.721487416,-0.400626832,-2.3892329,1.142501574,0.736829082,-1.029739424,-0.331842968,0.088194011,-0.772623382,-1.245489485,-1.314159763,0.422780986,-0.253989432,-2.068303797,-0.77652879,-0.367447041,-1.062183932,-0.745282935,-1.961125315,0.67767815,0.708971316,0.175129086,0.591169824,-0.359106469,-0.794958447,-0.114513387,-2.985781943,-0.545417069,1.213665676,-1.085597352,-0.041864204,-0.298406036,-0.767655233,-1.072067733,-0.085884739,-0.536143432,0.547427526,0.518912834,1.234016926,-1.346304713,-0.977900214,-0.764428383,-0.640934309,-0.473369287,-1.781413177,-2.505926017,0.100749903,-1.084117843,-0.727945686,-0.227402608,0.742461017,-0.506667614,1.118120755,-0.554081132,-1.74239804,-0.625488532,0.689239556,-1.301218189,-0.40241975,-2.02722867,0.088194011,-0.123750807,-0.48240015,-2.669310373,-0.752684893,-1.488991759,-0.584651584,-1.937941979,-0.965743616,-0.121828708,0.117783036,-0.878272665,0.144100344,-0.685774426,-2.339249077,-1.118406916,0.256810409,0.275204551,-1.699909816,-3.947650183,-1.56589961,0.080473384,-0.296521021,-0.58590843,-0.570044983,-0.125563223,-0.010151351,-2.357041279,-2.813410717,-1.671313316,-2.133686557,-2.472187877,-0.32462272,-3.429596856,-0.33086797,-0.812832024,1.565130685,-0.688557728,-0.47545848,-0.89037935,-0.326007187,0.335328726,-3.123565645,-1.32275634,-0.818710404,0.10625012,-1.1141321,0.457867787,-1.65286747,-1.138185064,-0.374548006,1.108001406,-0.769596353,0.75099147,-0.311428466,-0.959981421,-1.426283369,-1.536652243,-2.676551534,-1.081755172,-1.461880348,-0.413698913,-1.269044801,0.1537506,1.144636727,0.308293196,-1.539445541,-2.620039324,-0.416273307,-0.296252023,0.395953348,-1.693363147,-0.047196435,1.23250195,-1.457575563,0.460899815,-1.887169654,0.594320826,-0.811705517,-0.997229674,-1.08915713,-0.467446901,-0.092992867,-0.833559334,0.577848556,-0.492167442,-0.651621434,-2.017406151,0.163733192,-1.07939807,-0.113392687,-1.843263312,-0.081318521,-0.258900271,0.313057379,-0.847931394,-2.419118909,0.711919866,-2.3892329,-0.598564538,0.175464769,-2.117766656,0.779737636,0.322228416,0.747919416,-0.633558389,0.72711373,-0.499226488,-2.012905018,-0.707043286,-0.472085796,0.612804428,-1.752154215,-1.629130546,0.197456444,-1.09422194,0.057419491,-1.043840053,-2.850766503,-0.041968485,0.264362267,-1.50733269,-0.554429261,-2.830217835,-1.389900857,-2.680921534,0.302028666,-1.280134165,-1.66020503,-1.161232651,-1.03563749,-3.288761952,0.611123345,0.343589704,-0.228030473,0.281638849,-1.629130546,-3.557851192,-0.198207066,-1.678252228,-2.796881415,-0.908074577,0.970021054,-0.701784374,-0.3213078,-0.304896053,0.672842427,-0.59402609,-0.366292473,-0.472246142,-0.059431584,1.102305461,-0.54818141,-2.022683208,-0.394673547,0.801597917,-2.270117903,-0.928616382,-0.060068527,-0.777616337,-2.052604888,-1.874054712,-0.199427025,-0.645119212,1.040983176,1.863413242,-2.712058223,0.104990447,-2.045619993,-0.327671081,-1.114436839,-1.904480339,0.084616846,-0.868691753,-1.026384655,-1.21773372,-0.490206337,-1.659679129,-0.448163863,-0.659519,-1.577939245,-0.292359662,-0.562645373,-2.227477621,-1.030579878,-0.494788246,-1.194352561,-0.186209104,0.416405048,-0.856136809,0.854074845,-0.903621329,-0.142947009,-0.995333939,-0.88746035,0.670645915,-0.296521021,-1.071191693,-1.149169012,-1.410177302,-0.074077203,-0.902387827,-1.864975532,-1.830084584,-1.873403458,0.767373003,-1.051537881,0.837074349,-1.158043872,0.037199441,1.026005753,0.064382259,-0.349983099,-3.341043459,0.092396849,-0.156770776,-2.107841016,-1.055265484,-2.07544952,1.190765977,0.406264788,-3.39620984,-2.468639677,0.515872865,-0.137998498,0.026349775,-2.163693094,-0.934200152,-0.123071998,-0.675700267,0.168898537,-1.992163534,-1.506430162,-0.62511477,-0.66533748,-0.953473523,-1.563508981,0.321866084,-0.643976137,-1.052683357,0.653054087,1.657275242,0.008563231,-0.690750056,0.387776245,0.571600823,-0.844435295,-0.501535577,0.223703395,-1.279055611,-1.323883101,0.346564,-0.226775138,0.189297171,-0.208501275,-0.317179543,0.612858609,-1.687399454,-1.547872557,0.081303451,0.225859859,0.45285747,0.17412136,-1.47797115,-1.905824426,-1.355959161,-1.287354413,-1.351699716,-0.736681183,-0.248717802,-3.759301918,0.118760336,-0.784823969,-0.441144101,-0.318691259,-1.031701583,1.283430726,1.486456388,0.635571032,-2.176833888,-0.137424676,0.053256366,0.260824618,-0.845133538,-0.340660997,-0.094860281,-2.488914671,-0.425259735,-0.993441791,0.131729771,0.935858037,-0.051819749,-2.929944533,0.154864711,-3.223888367,-1.675577715,-1.706499625,-1.799388496,-2.188363949,-3.184474398,0.503377959,-0.09431068,0.066817173,-0.139721943,0.499076877,-0.290084957,-1.825109449,-0.794958447,-1.47797115,-0.38287226,-0.961026626,-0.709073331,-0.594569617,0.639218839,-0.813959801,-1.22894879,-0.85143976,-0.337572842,0.215998083,-1.63475572,-0.195893237,0.652116831,0.198604927,0.367347786,-2.950758908,0.337614441,1.30380909,-3.384340265,0.811596661,-1.108965701,-0.248589573,-0.152335661,-0.246156326,1.281933346,1.029226483,1.021947204,1.521611658,0.272999814,-0.923567141,0.829904614,1.349396947,0.419499497,-0.141909246,0.228011683,0.012521281,-1.397557553,0.182321557,-1.615455985,0.359630572,-3.132698129,-1.063921049,-0.790980541,-1.738977284,-2.636660205,-0.6267978,0.449673363,-1.963259787,-2.10701831,-2.097198263,-0.736681183,-1.028060633,0.593326845,0.047169805,-1.225536982,-1.253863574,1.978584758,0.984323142,1.681591118,-1.019154367,0.460710582,-1.155817762,0.269263487,-0.846997905,-0.182721637,-0.68299885,1.177608295,-1.760842367,-2.167180456,-0.874908894,-1.667596827,-0.606235809,1.115043225,-1.428784413,0.7066062,0.516708287,-1.284098849,-2.826833737,-2.297597552,0.081487817,0.971346938,-0.005012542,-0.216788786,-0.332818918,0.887932409,-1.03423003,1.034358172,-1.182211313,-1.003483944,-3.123565645,-1.132582808,1.538307043,-0.373966441,-0.240671268,-0.671972945,0.498955451,0.468815424,-1.127320453,1.840867043,1.597507022,-0.209733864,-0.984034384,-0.210227326,-1.582795982,-0.889405403,1.796597746,0.169489578,0.930982281,-0.048560191,-0.873231242,0.264746041,-0.504512262,-0.207024169,0.433015422,0.578241252,-2.018911042,1.461030707,0.370045163,-0.764858028,-2.06909525,-0.478197104,-1.816462082,-0.58411342,-0.453500557,-0.582500661,-0.895018597,-0.290084957,0.165683916,0.018527305,-0.898696424,-1.813391769,-0.500875293,0.771819719,0.448013611,-0.419158435,-0.262924421,-0.127719742,1.664077601,0.649090794,-1.172151192,-0.418854345,-0.538882222,-0.368602943,0.067752102,-0.488575015,0.059588791,-0.892330094,-0.627546724,-0.51902582,0.240590465,1.115141591,-1.232372279,-0.403766552,-1.590125601,-2.111964733,-0.30069977,-1.030860187,-1.463175406,-0.354249317,-0.931150595,-0.438039954,-1.718694898,0.435476882,-0.871795492,-0.225145554,-0.944690206,-2.034850658,0.834559934,-2.012156795,0.525379205,0.548988085,0.510545585,-1.136937403,0.658089789,0.952584088,-1.373180722,-2.60775248,-1.198985263,-1.077046511,-0.908074577,-0.612858349,-1.638866723,-0.885519073,-1.695540612,-0.762497259,-1.25456459,-0.940583424,-0.202238591,-0.58554917,-0.338554403,-0.059856167,-1.130102956,-0.747181069,-2.177716111,-2.089087919,-1.675577715,-0.264095763,-0.586447562,0.032176732,0.242083061,0.391095694,-1.998045904,0.811285709,-1.869504818,0.194744077,-1.644029357,-3.134994341,0.576669543,-2.160217852,-0.781541331,0.224742273,0.472812182,-2.235861461,0.427161366,0.98061673,-1.601965898,-0.101147182,-1.233401615,-3.746508567,-1.698269126,-2.933696883,-1.939331834,0.502712804,-1.685239626,-2.624168717,-1.065370955,-2.548485631,-1.963259787,-1.276185138,-2.533256911,-1.770781063,-1.024432891,-0.240035419,-0.66650525,0.672434139,-2.293625352,0.767326579,-0.87251311,-0.868215109,-0.550779939,-2.430418465,-2.08586211,-1.195343478,0.952082496,-0.089705913,-2.571772583,-0.235089622,-1.870802677,-1.947711771,1.63350594,-0.728359936,1.184392352,-1.875358493,-0.569337895,-0.479165471,0.478963371,-1.906497147,-0.746969987,1.623222467,-0.63714499,-1.139746832,-0.848632083,-1.483686707,-0.874908894,-1.244100595,1.788571058,-1.795767491,1.222922127,-0.548873691,-1.522343206,0.465744572,-1.701005106,-1.728221448,-0.606052474,-0.436491487,0.164412136,-0.939815277,0.944839315,-0.138917299,0.430612902,-0.932928373,-0.853081219,-0.796066235,-0.499556032,-1.7837913,-1.512311202,0.367347786,-3.288761952,-1.922779732,-0.102254234,-0.85943792,0.174961202,-1.247228313,0.032273561,-0.51232675,-0.064751877,1.03442926,0.173953307,1.13104721,-1.035074268,-2.237734121,-1.927579192,0.164751436,0.053445976,0.345077958,1.225538582,0.416800618,-0.619339253,-2.924342278,-2.675099101,1.796299149,-1.085005285,-2.021927636,-0.561768103,-1.190398684,-1.191056579,-2.640858952,-1.183190265,-0.376149054,-1.903138057,0.54075329,-0.420223479,-2.63945741,-0.670407694,-3.199073198,-0.466330384,-1.535258514,0.774542819,0.467124489,0.148764773,-2.149006005,-0.831260483,-3.036554268,-0.683394889,-0.597655199,1.202792108,-0.204199135,-0.239272933,-0.535459905,1.181389715,-1.438008797,-1.303424883,-0.932420114,0.460962885,-1.308592854,-2.021172634,-0.556695057,0.760291678,-1.708705914,-0.289283354,-0.087411457,0.271324006,-1.463607464,-0.571283593,-1.015006705,1.392201877,0.740650803,-0.476424197,0.294384561,-1.837594006,-0.800064463,-0.17578298,-2.727233021,-0.83378951,-0.351829559,-2.001000115,-1.938636665,-0.098274569,-0.834250022,-0.612120342,0.888138141,-0.195771605,0.684963788,-0.078934988,-3.649658741,0.394404161,0.212608249,-0.606602579,0.89853401,-1.159318164,-0.034798506,1.973094428,-2.089087919,-0.509826123,0.1537506,-0.420680274,-1.54599374,-0.887703275,0.667675515,-1.92346396,-2.137918471,0.979152849,0.361513221,-0.966794864,-1.159955919,0.893267725,-0.070851741,0.127953364,-2.168928708,-2.669310373,-2.70306266,-1.474033275,-2.144727008,-1.233058385,0.272238431,-0.417638909,-1.756199294,-1.546463113,-0.224394333,-0.458549479,-0.865835288,0.540520339,-1.765507098,-0.042490052,-1.292075686,-1.432128898,0.815364813,-2.049494465,-1.250365844,-1.542246663,-3.155901026,0.87455165,-2.058071516,-0.652965391,1.065848021,-0.02644665,-0.373821103,-1.858540503,0.029558802,-0.636010989,-0.020610954,1.115960927,-0.780449509,0.47778577,0.394134492,-2.467459736,0.237519717,-0.702389762,-0.785701162,1.061256502,0.780700078,-0.632993258,-1.274037679,0.430677911,0.206688913,-1.321630848,-0.258900271,0.018429136,-2.63945741,0.524136638,-0.807660567,0.56144269,-0.054033889,-1.595535007,-1.310445049,-0.657587005,-2.177716111,0.983164025,-1.784386715,-1.335981547,-2.461580825,1.55015489,-0.79628794,-1.373180722,-0.947265536,0.167461694,-1.036764885,-1.482805262,-2.449925681,-1.767847649,-0.002202424,-0.4144554,-1.345536369,-0.532389802,-0.761640177,-2.783851915,-1.42129997,-1.592089274,-1.039588948,-1.649739209,-3.902072675,-0.884307686,-4.000854219,-1.122392817,-1.714798428,-0.599656838,-0.596928323,-2.021172634,-0.818256992,-1.248273063,-0.964168812,0.070738015,-1.741256487,-0.274436846,-1.449021191,-2.529485693,-0.751200112,0.276646403,-2.650725135,-0.654118794,-1.788564578,-0.277203828,-0.621757185,0.807635907,0.371770432,-1.611439915,-0.38287226,-1.779633289,-1.730476241,-0.339817827,-1.439695138,-1.078515587,-0.543865478,0.794574973,-0.867024491,-1.826350914,-0.909066887,-1.422958346,-1.564942673,-1.833832246,-1.540378377,-0.140872559,-1.547872557,-1.927579192,-3.327017984,-3.302257434,0.110915061,-0.807884858,-2.017406151,-2.105374924,-0.600932697,-0.317591603,-2.36765709,-2.904065085,0.101563315,-0.610830138,-1.28699216,0.129272336,0.004589452,-0.425106748,-1.979053368,-0.807660567,-0.867738691,-0.32573014,-0.957633695,-0.918292735,-2.294616923,-0.744019511,-1.205307027,-1.706499625,-0.279581636,-3.366795955,-1.206643033,-1.903808973,-3.165335058,-2.326877786,-2.73183073,-1.253163049,-1.782601531,0.32461652,-2.605042451,0.794936327,-4.482952553,-3.657380787,-1.505528449,-0.59511344,-2.852498106,-0.499061757,-0.827135821,-0.505506462,-1.48236483,-0.200159715,-0.657587005,-0.541456667,-2.198225078,0.481561578,-1.742969305,0.238229189,-2.26336438,-2.686778066,-2.189256408,-1.746403768,-0.509326748,-1.377136423,-3.411247718,-1.929643177,0.264976235,-0.928110309,-1.889151815,-1.621510494,-2.472187877,-1.737271284,-0.941864983,-0.066887946,-1.786175091,-0.69615169,-0.892818376,-1.062183932,-0.588607001,-0.206532286,-0.840719545,-0.029428811,-1.905824426,-3.467337184,-0.05847693,-2.272055888,-1.800598418,0.414358775,-1.202640359,-1.808498793,-4.879607032,-1.207311706,-3.134994341,-1.661257661,-0.68995229,-1.372786011,-0.873231242,-1.845793358,-1.204639693,-1.619993426,-1.233744963,-0.684187439,-1.570698084,0.671463786,-1.055552799,-2.689719244,-0.737726224,-1.095716486,-2.230264431,-0.86298696,0.010841023,0.366308393,-0.167827111,-0.238257189,0.586174255,-1.609938038,-0.829196025,-1.347073648,-1.941420244,-2.344449297,0.122483084,0.005982072,0.092852617,-0.265268478,-1.590616158,0.371701478,0.21640087,-2.983803703,-1.845160246,-0.583396317,0.783718879,-1.477094725,-1.843895224,-2.235861461,-1.683084453,0.250135956,0.004589452,0.380284043,-1.149484619,-0.650087691,-1.987044692,-2.538307427,0.165938078,-0.742127363,-0.871317366,-1.6321949,-1.670781543,-3.467337184,-1.226900309,-0.870839469,-0.944690206,-2.291645153,0.312033163,-1.405681075,-4.382026635,-0.267748735,-2.985781943,-1.760842367,-1.251064412,-1.672377712,-1.520511703,-1.023875943,-1.29974976,-3.499913355,-1.136937403,-0.937259038,-3.194183212,-1.079103822,-2.309609708,-0.509160344,-0.200037563,-0.699165253,-2.722656354,-0.624554389,-0.201871416,-0.86654864,-1.758518135,0.82373675,-0.485970423,-0.30598183,-0.455390917,-0.086429728,-0.392598242,-2.286711744,0.414755155,0.5873977,-2.143873402,-1.373970611,-2.143873402,-2.162823151,-0.595657559,-2.057288737,0.360816356,-1.042988385,-1.530164732,-0.965218406,-1.433805344,-0.926341068,-0.717234976,-2.44184716,-3.705008836,-0.45082865,-3.125840959,-0.128515422,0.81275078,0.254021871,-1.905824426,-1.832581464,-2.688247574,-5.278514739,-2.362335097,-1.048394573,-0.693747361,-0.263054503,-0.541972353,-2.673648774,-1.903808973,-4.721704002,-2.016654554,-0.00080032,-0.547316732,-2.009915479,-0.553733125,-3.101092789,0.945733023,-1.033386504,-0.93828075,0.679251075,-1.274752986,-0.238764932,-1.728221448,-1.188099455,-2.194627952,-3.445149269,-1.181885208,-3.473768075,-0.860619535,-1.479287228,-0.224394333,-1.250016743,0.047551302,0.112077903,-1.671313316,-1.20330636,0.076868444,-0.796953349,-1.564942673,-0.572878348,-0.812155967,0.222022924,-1.804236991,0.206851555,-0.938791997,-0.379212737,-1.512311202,-0.189467025,-0.042907501,-0.980296062,-1.152962883,-2.34028696,-0.228533049,-1.851509474,-1.840739651,-0.254634218,-1.804844709,-0.516005684,-0.512493681,0.330597873,-2.352826309,-1.971125398,-0.009242581,-0.633558389,-2.268183666,"RMS"
"33",0.892940218,0.026836654,-0.062620362,-2.216407397,-0.977102871,0.887026686,1.265594576,0.777718082,0.47871557,1.097811969,1.411011364,0.25278002,1.395947618,1.228060356,0.326926824,0.432950565,0.203022473,0.602292062,-0.872034641,0.619931118,0.498894733,1.533528318,-0.026549335,1.164493658,1.28104495,1.439764036,0.198768888,-0.028399475,-0.732928051,0.013705647,-0.378628454,0.004987542,0.67187247,0.663203304,0.849894486,0.808750064,-0.02081514,0.242867744,0.02849027,-1.899790213,0.51234447,1.305084306,-1.505979204,-0.080234393,0.343802448,0.610471844,1.383991712,0.960422443,1.272817665,-0.823711551,0.672842427,-0.877550904,1.047213726,-0.002002003,1.073157719,0.017839918,1.470911207,-1.767847649,-2.121931593,1.014542037,1.201529823,-0.830571857,-0.369470748,0.222743471,0.06137728,-1.249318906,-0.622316,-0.014809116,-1.25456459,-2.024953356,-0.15958207,0.464865451,-0.163107338,-1.638351923,-0.495937011,-0.332818918,0.850065456,-0.190192451,-2.054163735,-0.959198233,-0.239527031,-1.858540503,1.441539835,0.483844895,-1.010052112,-2.487710577,0.118937924,-1.395536943,-0.811480368,-0.567572358,-0.392154094,0.682086233,-0.468245176,0.709315762,-1.466203744,-0.809007067,-0.315807236,-1.833206659,0.073436318,-1.995835958,-0.15280159,-0.130450429,-1.099012369,-1.296453657,-0.067422676,-0.651237778,0.889453822,-1.153596597,-1.253163049,-2.00619108,-0.434945413,0.468940564,-1.127938118,0.21817121,-2.65498348,-0.713758135,-3.003764445,0.601360785,-0.972861083,-0.507165663,-0.595838998,-0.060705875,-2.291645153,0.541917231,0.438061364,-0.664948526,-0.042907501,-0.319241541,-2.403511012,-0.672560547,-0.183682482,-2.396895773,0.967857989,-0.543348816,0.59531382,1.077524836,0.391501401,0.369630655,-1.00184862,-0.222144051,0.184402723,-0.545072063,-1.504177402,1.40383954,-1.646620704,0.879336249,-1.905152157,1.535963586,-0.787677664,-2.160217852,0.824964605,0.448843831,0.60965687,-0.809007067,-1.25772526,0.752217654,-1.409767717,-1.051251717,0.2051425,-0.972332123,0.581321365,-1.17409043,-1.044692447,-0.894040123,-1.366099654,-1.09631493,-0.206778197,-1.337504197,-0.432168491,-0.045520515,0.131115978,-1.13227249,-1.320132159,0.238465567,-0.879235824,0.849808991,-1.791559489,0.889001752,0.078348966,0.415745418,0.136975455,-1.082935809,-1.480605041,-2.272055888,0.117605242,-0.595838998,1.106481247,-0.384486702,-1.336361992,-2.05494407,-2.018158313,0.517423808,-1.777856564,0.197538523,-1.087079053,-0.246540129,-2.928073625,-2.605042451,-0.945977042,-0.485807861,-1.340174426,1.148988496,-2.236797353,-1.046684196,-0.005615739,-0.347856796,0.312984255,-1.181885208,-0.85566611,-0.861092571,-0.643024571,-0.290753451,-0.632616681,0.993029526,0.697686861,-0.439435628,-1.777265023,0.663821351,-0.898205264,-1.777265023,-0.676683455,-0.221769496,-0.862039317,-2.360214206,-1.589635285,-0.310200384,-0.793188535,-0.173758326,-1.236840408,0.532215226,-0.069564463,0.354101636,-1.78557861,-1.578908707,0.047455941,-1.38230234,-0.880923588,-0.89452924,-0.21741002,-0.711311151,0.819647664,-0.510992304,-1.905152157,-0.666310527,0.61955446,-0.740238788,0.377134218,0.083789526,0.301954732,0.592663642,0.548468169,1.356273202,-0.094420576,0.760478673,-0.448007331,0.496158587,-0.377023435,0.292744238,-0.964693471,0.784768748,0.67838881,0.205061044,0.483228297,-0.695951108,-1.116267224,-0.012173801,-0.55739326,-0.8603831,-1.423788566,-1.075286463,-1.23065907,1.165148813,-0.459340681,-2.197324582,-0.837248525,-1.611941043,-0.169128963,-0.096180559,-0.841647189,-0.442232832,0.123897637,-2.742641646,-0.360682965,-2.440698395,0.21929616,-0.181282097,0.765235257,-1.410177302,-1.223495471,-2.343407088,-0.397794602,1.599589576,0.400385562,0.258665123,-1.427533109,0.087369646,0.932006588,0.334470234,-2.445301395,-2.099644249,0.232380757,0.916810597,-2.679462744,0.024595047,-0.037909573,0.335257213,-1.918003196,0.775694442,-0.656815251,-0.942891414,-2.683845512,-2.915074371,-1.036482917,0.18548322,-0.827593277,-0.349983099,0.148592404,-0.120361357,-0.729188952,0.449290588,-0.957373177,-1.764338874,-0.168773744,-2.380546635,-0.257734996,0.214223889,-0.584651584,-1.907843948,1.013816637,1.409962058,1.12073249,-0.693147181,-2.468639677,0.920840367,-0.924322904,0.448907666,0.195813464,-0.306932852,-1.48456893,-0.730641385,0.442760893,-0.13776893,0.346776112,-1.642994696,-0.089377811,0.468877996,1.18175787,-1.449021191,0.051263294,-1.152329571,-0.99047563,-2.167180456,1.06153328,-2.136223556,1.030618918,-0.311291938,-2.407945609,-1.422128814,-2.301585593,0.769876713,0.127073083,-0.353537015,-2.330984568,-1.555423324,-0.675307262,-1.241328591,-1.774902352,-1.320132159,-0.165936528,0.144533151,0.316488164,-0.30069977,-1.380709983,0.515813165,-1.011975982,0.325772339,-0.576075509,-0.400328324,-0.560891601,-0.683791086,-0.559665789,-1.897786874,-0.318553736,-0.224644677,-1.087969129,-0.978166136,-1.213686497,-1.279055611,-0.003506139,-0.663976803,0.065600457,-0.464101084,-1.109572129,-0.377315065,-2.337176538,-0.289684075,0.392109653,-1.366491734,-1.345920467,-0.10458304,-0.09530018,0.653938467,-0.211709174,-1.898454208,-0.459024125,0.787866277,-1.071191693,-1.175385348,-1.00103196,-1.675577715,-2.012905018,-1.806061254,-2.142168372,-0.723606388,-0.028605257,-0.853081219,-0.098605604,0.005683817,0.364156884,0.716033284,-0.589508146,0.364504215,0.264746041,-0.201259758,0.4167347,-0.904856354,-0.913793852,-2.021927636,-1.036201029,0.483351647,-0.010050336,-0.688756832,-0.069242903,-0.496265472,-0.632616681,-0.980029573,-1.25772526,-0.152335661,-0.895018597,-0.717439873,-0.932420114,-0.846531488,-0.283557258,-1.651823629,-0.327393573,-0.236102153,-1.036482917,0.514857485,0.169405165,-0.712126147,-0.05287349,-2.103734234,-0.422509543,-1.461017907,0.332966097,-0.133531393,-0.879958803,0.725807963,0.12892078,0.843246809,0.222503346,0.7123614,-1.506881324,-0.287415441,-0.409322538,-0.78329073,-1.107451237,1.290526577,0.805805999,1.12346749,-0.354249317,0.897637843,-0.086211697,-0.450044152,1.223746019,0.370183294,-0.176975871,0.082409136,0.275128606,0.075385727,0.891588119,0.050788167,-1.195013063,-0.94160854,0.121952111,-0.69214768,-0.201015199,0.289455499,-0.155134497,-0.639985632,-0.090034123,-0.17387731,0.701908686,-1.115961927,0.618800718,-0.740238788,-0.243473818,-1.336742582,0.762859793,0.128481162,0.662739518,-1.239945465,-0.226775138,-0.697757793,-0.586986985,-1.486335715,0.611611693,-1.025547718,1.508224342,0.869031395,-1.047253996,-0.867262501,0.012718772,-0.077853439,-0.32462272,-0.708870141,-1.139434283,1.175141138,0.126720753,1.029869386,-3.079113883,1.094704664,1.354674687,-2.24620476,-0.652581219,-1.496555755,-0.443166975,1.373082467,-2.178599113,-0.615815838,-2.155890714,-0.731472295,-1.821394274,-1.610939039,-2.34028696,1.152690036,-0.673344553,1.03818973,0.2378351,1.035139866,1.262854732,-2.183025858,-1.963259787,-0.058264908,0.218412377,0.29684001,0.663100259,-1.104429174,-0.242071561,-1.838222344,0.549334545,0.011434378,-1.465770563,-1.24098263,-0.982430534,-1.217058044,-2.349676701,-0.142716302,-1.109875481,-1.762006511,-1.058430499,0.064757247,1.173132081,0.171597593,-2.521985658,-2.383795148,-0.199793303,-0.330033013,-0.185005154,0.074272244,0.097671027,0.913767551,0.700519935,0.049551779,-0.348848508,-1.198653643,-0.123185101,-0.185366187,-1.902467591,-0.753534331,0.679859286,-0.491840324,0.064663513,0.476917176,-1.432966769,-0.005716307,-1.728221448,0.697637086,-0.347856796,-0.517514612,-0.328087487,-0.84397007,1.054033245,0.788957235,-0.297597737,0.955857539,0.560301267,-1.822012512,-0.066994869,-0.844667988,0.001998003,-0.271939966,0.064850972,0.30535007,-0.067315707,-0.559140901,-0.748448496,-0.556695057,-0.099157572,0.110915061,-0.420375721,-0.684385675,-0.627546724,0.456284957,0.519210373,-1.142250746,1.004448119,-1.253863574,0.966755683,0.150658876,-0.895018597,0.060342229,0.303063175,-2.067512971,0.421666487,-1.378326192,-0.173996308,-0.303405033,-0.292359662,0.13706265,0.526974526,-1.420471813,-1.472724089,0.398641883,-1.425035189,-0.314984755,-0.313478628,0.727355352,-0.395415772,-0.182001608,-0.325868654,-0.150009267,-0.739610055,0.92932541,0.210422987,-1.779040697,0.276343028,-1.185478222,0.632228766,-0.672364641,0.279750702,-1.376740148,-0.908074577,-0.044265416,0.602346816,-1.243753674,0.591668012,-0.243346259,0.173448978,-0.277995803,-0.618596449,0.228011683,-0.121602822,-0.826450028,0.381035794,-0.728981634,-0.375275437,0.207664365,0.983425879,0.057797099,0.06428849,1.459358932,-0.686767574,0.5691134,-0.224144052,-0.639227339,-0.549220012,-0.279581636,0.024204689,-0.510992304,-0.436800988,-0.066781034,-0.785043195,-0.042803122,-0.067422676,0.019018006,-1.497896538,-0.720312849,-0.874908894,-1.557794679,-1.956869989,0.051168287,-3.022076249,-1.278696351,-1.372391456,-0.380382328,-2.578338595,-2.499817263,-0.578212643,-1.058718725,-0.763998922,0.004091618,0.529215489,-0.429245637,-0.562294372,-0.428938464,-0.793851885,-0.17757285,-0.747603366,-1.056990614,-2.327902901,-0.537683078,-0.804972996,-1.925519459,-0.056887862,-0.121941671,-0.411281993,0.087919298,0.20611946,0.920043681,0.72991296,-0.229790594,-1.133203733,0.315540401,-0.547662514,-1.935168053,1.426716276,-0.31525884,0.557155621,-0.754171882,-0.200770701,-0.801846598,-1.153596597,0.180486541,1.300954314,0.364434759,-0.958937307,-0.521718065,0.977611582,-0.163342798,-0.583575544,-0.387576075,-0.200526261,-0.766578459,-0.46968368,-0.76593295,-0.976571663,0.480881747,-0.682405084,-0.457126891,0.071296882,0.580482275,-0.388165611,-0.783071888,-0.964168812,0.423828792,-0.365427421,-1.227241431,-1.375552265,0.131028262,0.08213283,-0.485482816,-0.466968241,-1.042421009,-1.002120989,0.170417652,-1.922779732,-0.57234648,-0.490859611,0.215353286,-0.490043085,0.225301222,-1.043556083,-0.089924708,-0.52256088,0.334899572,0.132167964,-0.694748462,-0.302998777,-1.294992203,-0.367447041,-1.743540897,-1.123007446,-0.224769873,-1.263722809,-0.949847515,-0.032626503,0.478281771,-0.667869373,-0.591674212,-0.667674385,-1.135691297,-0.123637641,-0.30911002,0.22154227,0.607480354,-0.46029095,-0.28143496,-0.835171681,0.402661181,0.667829373,0.20220588,0.220419845,0.112971479,-1.205974807,-0.641314032,-0.240925721,-2.164563795,0.268040432,-0.633935321,0.548699276,-0.720929562,-0.11272087,-0.319241541,-1.670250052,0.309174448,0.045737892,0.048218572,-1.297185186,-0.23079777,0.320270262,0.893226792,-0.041551427,-1.856618042,-0.232310439,0.516290663,-0.903127745,-0.542144307,-0.454602833,-0.070100628,1.40940035,-0.524079739,-1.486335715,-0.34757363,-0.196623342,-0.525770071,0.272543054,0.958276849,1.373715579,-0.126584152,-0.086865933,1.330358729,0.255804334,0.740030767,-1.490322432,-1.54975491,-0.59402609,-2.307597635,-0.901402119,-0.846997905,-0.263965546,-0.15280159,-0.485970423,0.133831348,0.934876933,0.297211523,0.09276148,-0.950623411,0.249512806,0.581824482,-0.02891401,-0.397794602,-0.319379159,0.77389733,-0.181641788,0.990730078,-0.423730917,-0.889648801,0.591446626,-0.341082849,-0.288348961,0.647207949,0.247641023,0.786500902,0.418249703,-0.988055298,0.019214219,-0.656622406,-0.750564451,-1.824489294,0.815010768,0.003294567,0.62508245,-0.469843642,-1.430455257,1.439977298,-0.361974677,-1.020540753,0.667521633,-0.257605605,-0.568454737,0.408593543,-0.517850239,0.239803992,-0.735845935,0.587008585,0.204653662,0.117516333,0.307116985,0.110825555,0.718327479,-1.582795982,0.409855456,-1.211333159,-0.399731576,-0.036663984,-0.053084371,0.264055142,-0.746547957,0.161268148,1.228001782,0.896047207,-0.188379871,-0.835402228,0.924655648,0.03758476,-1.206643033,-0.946234608,-1.264076728,-2.416874239,-1.20764621,0.589784668,-0.813959801,-1.243060193,0.829642925,0.161863715,-0.266312047,-2.649309706,0.806118659,0.114577905,-1.440961763,-1.28518286,-0.200159715,-0.240162557,-0.010151351,0.242083061,0.188469287,-0.965743616,-1.059583902,-0.360682965,0.25200308,-0.350550877,0.373010785,-0.113840816,0.86768855,-3.259697819,-0.925079238,0.624761268,0.523544396,-0.183922838,0.029850022,-0.056252942,-0.597655199,-0.161578196,0.135579294,-0.071496002,-0.170432512,-0.415970093,0.040757993,-0.856136809,0.247562956,-0.057417271,0.102376067,-0.188621359,-0.903868212,0.184236389,-0.271546291,-0.221769496,-0.60477007,-2.766209115,1.312109463,-0.247692424,-0.328365188,0.68456042,0.266356286,0.084157308,0.233885648,0.453111762,-0.590951668,-0.760997848,0.018330957,0.317507829,0.56565466,-0.784385661,-0.800064463,-0.666894809,-0.449887326,-0.265268478,-0.858493633,-1.467504417,0.425659815,1.321515811,-0.393190747,0.334971111,-0.32379296,1.391033116,-0.285018955,0.346776112,-0.089268468,-0.8603831,-0.877310432,-0.701179352,0.256887757,-0.662230078,-0.960503887,-0.192735595,-0.49200387,-0.506667614,0.264515794,-0.066674133,-0.943148186,-0.215547475,-0.083816486,-0.428784913,-0.75098818,-0.984569573,-0.696954419,0.000699755,-0.310882466,0.061941402,0.2169645,0.008364916,0.236415094,0.401524019,-0.670212209,0.039220713,-0.864172778,-0.524417577,-0.13056437,-0.599110539,-0.841647189,0.852796998,0.518853316,-0.673736787,-0.244494877,-0.869645724,-0.543865478,-0.318003832,-0.319103943,-0.187293898,-0.23483665,0.423174042,-0.033660202,0.975766459,-0.699165253,-0.888918785,-1.488991759,-0.002803927,-1.425035189,-0.245772669,-1.538513574,-0.528650209,0.041717593,-1.132893223,-1.613445934,-2.448767603,1.392972016,-0.394228476,0.392514949,-0.193584749,-0.058052931,-1.140372223,-0.521886571,-0.525600909,1.48697645,0.721686045,-0.371208619,-0.318416232,-0.329337748,0.113507241,0.408460617,0.586285539,-0.850971266,-0.168892137,0.31481074,0.404731506,-0.395118816,-0.662811981,-0.206163531,-0.499061757,-2.1680542,0.406797553,0.66346087,0.055056206,-1.41551722,-0.476585241,0.288631622,0.592884759,-1.295357366,0.24678195,-0.608254714,-2.694147296,0.861327554,-0.668259465,-1.213013549,-0.204076489,-0.13159042,-1.008406021,-2.025711219,0.245061587,-0.144447904,-0.793851885,-0.080234393,-0.53034829,1.166302089,-0.437265421,-0.221020806,-1.990698332,0.96842767,-0.438660013,0.162968828,-0.096841351,1.226008231,0.506154732,-1.114741671,-0.123637641,-0.386839644,-0.158409737,-0.861329174,-0.531708835,-0.458865885,0.297508633,-0.287148881,-0.969691509,0.275128606,-0.991014278,-1.072067733,-0.082186671,-0.206532286,0.8382427,0.02166364,-1.057566319,0.375418187,-0.923315347,-0.177692288,0.338470239,-1.375948069,-0.420375721,-0.105805059,-2.267217949,1.033575866,-0.122506675,0.180069022,0.402126207,-0.048035449,-0.238003414,-0.930136139,0.44603107,-0.484508315,1.438198719,0.687229707,-0.198207066,-0.430782916,0.348541961,-0.725670372,-0.46792579,-0.782196997,-0.599110539,0.317653411,-0.226775138,-0.536143432,0.357744372,-0.00793137,-2.667868412,-0.451142622,0.353961265,0.791588816,0.35983993,0.301806847,-2.941244088,-0.363843433,0.041237908,-2.366590423,-0.314710745,-0.810355382,-0.794737036,0.666597845,-1.164752091,-1.139121832,-2.542112124,-0.018062143,0.063725691,0.116626812,0.167207919,0.895475592,-0.759714425,-0.32670014,-1.664422221,0.110198792,-0.412036654,-1.120857898,0.226338442,0.195813464,-0.426484475,-0.364851135,-2.750435918,0.032176732,-1.4554301,-0.123863987,-2.014403146,-2.373007557,-0.2338254,0.914208566,-0.656044093,-0.968637212,-0.644166558,-0.022347864,-0.505340694,-0.631675859,-0.925583779,-0.219898821,-0.752897185,0.387436906,-0.446599652,-0.914542261,-0.340098805,0.411049486,-0.244367188,0.736493985,-0.526955006,-0.973390324,0.909628589,-0.381406843,0.016266973,-2.741090055,-1.080870607,-2.276917346,-0.281567472,0.368662802,-0.705422211,-1.129483952,-0.812832024,-0.89452924,-1.039023497,0.052212871,-1.500135178,-0.493804639,-0.868453403,0.251147748,-0.895508193,-0.035523556,-0.408269035,0.931258159,-0.667869373,-0.226273444,-0.410980289,0.493292819,0.135928517,-1.414282398,-1.25281297,-0.498897053,-0.187173308,-0.95217701,-1.27833722,-0.997771974,-1.170860453,-0.096951526,0.068592792,-0.820071874,-0.257734996,-1.096015663,-1.402423743,-2.548485631,-1.149800325,-0.695149183,-0.734802856,0.112882157,0.280657458,-0.58411342,0.474804586,0.601853922,0.86722653,0.340535399,-1.488548595,-0.135590654,0.311813552,0.515634045,-2.65498348,-1.474033275,1.234715372,-0.794515675,-0.253087428,-0.505506462,0.151002874,-2.104554243,-0.311565013,-0.239145909,0.25750633,0.655964389,-1.054404034,-1.760260802,0.212446542,-0.668844888,-1.225196441,-0.844202656,-1.658628157,-2.26336438,-1.22587764,-0.961811247,0.47162731,-0.644738041,-0.211585603,-1.147592471,0.29646836,-1.242713633,-0.417335281,-2.614559858,-1.418817553,0.450183502,-0.10402807,0.686021856,0.002297359,0.654666194,-0.167827111,-1.979777219,-0.381992752,-0.775008207,-0.043638457,-0.822800389,-1.424619475,-1.091835304,-0.571992059,-0.099930839,-0.437110586,-0.923063616,-0.674325426,-0.168773744,-0.231049723,-0.888189302,-1.534794369,-1.474470052,-2.392509801,-0.896978421,0.344015146,-0.893795654,-1.117183674,0.155292884,-0.973390324,0.735152475,0.720616423,-0.470483745,-0.083055575,-0.968373812,-1.528780009,-0.598928505,-1.672377712,-1.858540503,0.176219645,0.478157794,-1.439695138,-1.077046511,-0.71396232,-0.137998498,0.175045148,0.068125829,-0.508162506,-0.394821948,0.786500902,-0.931912113,-1.25842899,-0.329615796,0.28623102,-1.387895643,-0.782415648,-0.27746775,-0.481428647,-1.232372279,-0.689752948,-0.172925835,-0.587706668,0.399178724,0.868234299,-0.282893556,-0.255925041,-0.768086267,-1.400393286,-0.679836167,-1.430455257,-0.915790857,-0.405565113,-0.128401715,0.01242252,-0.333656205,-0.71621112,-0.449730524,-0.464578373,-0.780886095,-0.379358861,-0.37760678,-1.37634403,-0.251414433,-1.036201029,-0.282893556,-0.208008664,0.250525228,-3.324236341,0.939811927,-1.459725639,-0.232815171,-1.041287222,-0.55582299,-1.835084594,-2.024196068,-0.983499482,-1.564464547,-1.352859585,-1.106846094,-0.590229647,-0.169247397,-0.879958803,-1.432128898,0.452793888,-0.371353579,-1.319383656,-0.619525041,-0.193463397,-0.961811247,-1.307852935,-0.092553982,-0.998585975,-0.510159179,-1.114741671,-1.638351923,-0.109703265,0.034787826,-0.721135217,-0.349557476,-0.302322049,-0.857314527,-0.467287322,0.304465441,-0.587346762,-0.410226425,-0.77414034,0.817000643,-0.182361558,-0.434636485,-0.965480976,0.529804382,-1.167319487,-0.332121714,-1.501032039,-0.719285838,-0.366292473,-1.218409852,-0.134674903,0.496097698,1.255416587,-0.252701104,-0.901648455,0.123367414,-0.080884729,-0.24692408,-0.647600366,-2.774190004,-0.840024376,-0.449573748,0.510245456,-0.510825624,-0.17888746,-0.450671701,-0.512159847,0.248499359,-0.695951108,-1.619488248,0.009752291,-0.2026059,0.493170689,-0.779794987,-0.463147188,-0.298945265,-0.784604791,0.004489905,-0.551994901,-1.061894706,0.253789141,-0.731264503,0.51108559,-1.241328591,-0.243218716,-0.957373177,-0.371933625,0.637951545,1.036878719,0.391974518,-0.7271177,-0.232184296,-0.093541744,0.5817127,-0.372514008,0.565768251,-0.776094101,-1.704848097,1.171738827,-0.484021421,-1.011151013,0.550315532,-0.50120538,-1.237529588,-0.836555764,-2.165435255,-1.3919101,-1.404865747,-0.704410373,-1.425867136,-0.365139237,-0.43139849,0.105170498,0.660365691,0.85535106,0.052782185,-0.142716302,-0.172806964,-0.286882392,-1.806061254,-0.600750331,0.178313535,-0.342349474,0.254487168,-0.118220631,-0.675896827,-1.074700469,-0.806763907,-0.646645347,-0.107919342,-0.270497248,0.022250609,-0.677077,0.461215123,-0.802515718,-0.812832024,-0.355675444,0.033047854,-1.589145209,1.269535801,-0.986713196,-0.169839779,0.239331812,-0.127151786,0.847583534,0.413830024,-0.24538916,1.534649709,-0.969164222,-0.963120319,0.106879362,0.988388113,-0.598746505,0.038066201,-1.914605299,-2.321767912,-0.554081132,-0.890135774,-0.740238788,0.617291528,-0.881647788,-0.879476759,-1.708705914,-0.518689799,-1.507784259,-0.045311223,-0.599839003,-0.507830115,-1.589635285,-1.098712294,-0.653157532,-0.606052474,1.088965912,-0.186088643,-2.282782466,-0.500545314,1.453345348,0.974748301,0.749905514,0.064757247,0.015381102,-0.014910613,-0.192008322,-1.153596597,-0.522223669,-0.973125669,-0.762282919,-2.3227878,-0.87275243,-0.498238508,-1.008954417,-0.25812327,0.518079253,-1.150116132,0.254642218,-0.966269102,-0.40977438,-0.400925428,-1.270825111,-0.366436721,0.016562088,0.457234956,-0.559840813,-0.976040736,1.356479276,-0.011060947,0.51837704,-0.748659891,-1.124237836,-1.091835304,-0.912298711,0.685417383,0.660417356,-0.344746373,-0.545589616,0.646998525,0.204898111,-0.495280412,1.386519336,1.326172738,-0.035109177,-1.030579878,0.859593388,-1.92004749,0.400653551,9.9995e-05,-0.004309272,-0.063046302,0.105800419,1.183841523,0.691595978,-1.462311848,0.169489578,-0.353109878,1.072815734,-1.276901984,1.363256005,0.386146364,-0.295042427,-1.196004635,-0.16028613,-1.212677245,-1.388296364,-0.172094037,-0.575186383,-1.542246663,0.219537056,0.290577876,-0.334913452,-1.756199294,-0.685774426,-0.531368525,-0.061131,-0.824851672,0.533271813,0.112971479,-0.697757793,0.492254238,1.109717068,-0.374111801,-0.676093426,0.871251524,0.073157521,-0.047615854,-0.518689799,0.598836501,-0.048665172,-0.431244561,-0.365283319,0.303653842,1.182340504,-0.043325125,-0.718259881,-0.210967975,-1.77136878,-1.098712294,-0.218031639,-1.517770724,-0.299889616,-2.142168372,0.072878645,-1.328780455,0.05770271,-0.838172953,0.269798103,0.219376465,-0.797175251,0.250992154,-0.32670014,-0.150590359,0.402861722,-0.226273444,-0.136507245,-2.076246651,-0.359536176,-2.001000115,0.041909403,-0.589688472,-1.090049058,-1.842000686,-1.66020503,0.384922207,-0.328087487,-0.192129498,-0.231427771,-0.116646182,-0.360682965,-1.504177402,-0.333935457,-0.640934309,-0.41536394,-0.220023424,-0.95010608,-0.771541248,-0.919796871,-0.025010163,-0.618596449,-0.364995176,-0.921554562,-0.392154094,-0.413245295,-1.432128898,1.299919145,-0.166999541,-0.391266389,-1.326140438,-0.985908799,-0.437420279,-1.604948007,-2.146436411,0.079550279,0.662687973,-1.165714092,0.112971479,0.019410394,-0.24538916,-0.387576075,-1.404865747,-1.838222344,-2.123602438,-0.898696424,-1.288441961,0.127689361,-1.170860453,0.307852279,-1.440117168,-1.024711481,-1.576970722,-0.287282152,-1.426283369,-0.253731633,-1.762006511,1.165959362,-0.043429558,1.102139394,-0.717439873,-0.152685088,-1.738977284,0.151432704,-2.07544952,-1.378723096,-1.702101597,-1.255266099,0.48913201,0.189545402,-1.26655768,-0.825993094,-1.221458119,-2.110313205,0.956088202,-2.260483917,0.05694728,0.197620594,-2.835315552,0.028684634,0.128657032,0.680264555,-0.355960913,1.380477476,-1.408949052,-1.154230712,-2.273026291,-0.94032731,-0.347998409,-0.762711644,1.428755012,-1.521427035,0.243338259,0.255107227,-1.526476392,0.487106537,-0.776963667,-2.975929646,-0.915041513,-0.455390917,-0.230545881,-0.534264856,-0.800064463,-0.023575737,0.53362376,0.080473384,-0.62960916,-1.761424269,0.571657283,-0.983232138,-0.129994797,-2.065933192,0.184901559,-1.560171671,-0.223018559,-0.598018836,-1.727658544,-0.760783829,0.535381642,-0.231553819,-0.596565083,1.496157226,-1.078221599,0.626526493,-1.051251717,-2.65498348,-0.95191791,-0.470163642,-1.492544161,0.603058346,-0.827822084,0.106879362,-1.242020872,-0.852846559,-1.080575926,1.380376887,0.249902321,-1.121471583,-0.539225098,-2.176833888,-1.117795108,0.312691708,-0.654118794,1.410596654,-1.968258013,0.196060083,0.208557693,-0.249230886,0.247016316,-0.046986791,-0.249872611,-0.643595402,0.434894452,0.560244162,-2.047167981,-1.33408149,1.061083477,-0.497580397,-0.350408902,-1.10835964,-0.840256046,-0.026652031,-1.091835304,-0.885761527,0.993066571,-1.303424883,0.41085058,0.195977883,0.187226176,-0.664559724,-1.598497972,-0.30788478,0.877217208,-0.446755963,0.587119776,-0.709683149,-0.001300846,-0.088503399,-1.266202881,0.022348404,0.30417039,0.024692613,0.422846506,0.388725784,-0.761640177,-0.365859854,-0.909066887,-1.181233317,0.223143551,-0.498238508,-0.229413164,-0.797619202,0.434764977,-2.798522104,0.937347474,-0.077205071,-1.817692851,0.290428298,-0.13159042,-2.756715373,0.060153923,-1.445619827,-2.228405695,-0.26266431,0.28231771,-0.474654428,1.516730343,0.004589452,0.342454308,0.795748894,-0.215671537,-2.560061323,-0.367302647,-0.738981717,-0.56141741,-0.526447005,0.595368958,-0.231553819,-0.773923491,-1.174414002,0.365822973,-0.140527235,-0.035834453,-0.615260642,-1.157407335,-2.44184716,-0.099709844,-1.450726221,-1.143818882,-0.463942038,0.318671889,-0.782634347,-2.761450978,0.233014671,-0.900663476,-0.981362729,1.365428168,-1.008406021,0.122394608,0.649822056,-0.659519,0.418381333,-0.499226488,0.30638115,0.051738195,-1.456287733,1.388641604,-0.022347864,-0.831949583,0.586396811,0.872338844,-0.444257913,-2.368724896,0.884634933,1.225920189,-1.143505058,-0.02583076,-0.680428408,-0.511159013,0.212608249,0.307264087,-0.270759405,-0.233067633,-0.763569645,1.253762469,-0.204812595,-0.698762919,-0.106694739,0.566563029,-0.414304057,-0.225270812,0.040565962,0.047932654,-1.313415716,1.105058136,0.377134218,-0.011465478,-0.407817874,-0.154200681,-1.815847265,-2.451085101,0.804106991,0.373561559,-0.575364145,-1.001576326,-1.518227032,0.616482096,-0.311155429,-1.033105487,-0.415970093,-1.034792776,0.02039069,-0.093431945,-1.156771203,-0.714779481,0.165175398,-0.856372242,-1.176357637,-1.38309947,-0.121376986,-0.846764669,-1.096913732,-0.298001805,-1.143505058,-1.702101597,-0.356674944,-0.229664768,0.687933614,-0.803631914,-2.066722769,-0.100262422,-1.1858055,-1.261248872,-0.6680644,-0.560716393,-0.872273847,0.281336985,-0.463942038,-1.246880305,-1.713133149,-0.752260445,-0.433864583,-1.937247776,0.452030577,0.279448268,-0.308565283,-0.360682965,0.037392119,-1.342851803,0.447118757,-0.760142049,1.113632255,-0.809456303,-0.721752438,0.150228713,-0.134903763,-1.078809661,-0.064965279,0.632069331,-0.464101084,-1.300483705,-0.538882222,0.078256498,-0.998585975,-0.552342304,-1.427533109,-1.017769901,-0.785481792,-0.69615169,-1.120551196,-0.801177925,0.177392764,-1.162830861,-0.879476759,-0.293431904,0.026641931,-0.638280279,-1.885850393,-1.310445049,1.122849513,-0.717234976,-0.677273831,0.316998127,-0.424342164,-0.396753168,-0.781541331,-1.200977295,-1.398771883,-0.26188438,0.415679431,-1.011700917,-1.049536451,-0.834480357,-0.40706639,0.022837234,-0.142716302,-0.748448496,-0.456337439,-0.596565083,-0.495608658,-0.834250022,-0.968637212,0.675594021,-1.407722309,-1.124237836,-1.599982754,0.90494663,-2.385966702,-1.243060193,-1.182537524,-0.899679466,-1.200977295,0.518615206,-1.308963018,-0.457600863,-0.137654165,-0.446443365,-0.386103755,0.068499416,-1.106241316,-0.830571857,-1.343618087,-0.644738041,-0.543176654,-1.380709983,-1.699909816,-0.720312849,-0.788337368,-0.354106816,-1.400799047,-0.591854929,-0.685575915,-0.452399495,-0.628671161,-0.694347901,-0.673148494,-1.886509806,-0.851908473,-0.190555362,0.501926141,-0.169484308,-0.44347855,0.252702354,-0.935218742,-0.484345991,-0.96233467,-0.719080563,-0.75608698,-0.660292844,-0.662811981,-0.576253429,-1.068277089,-0.516508407,-0.854490331,-0.876589365,-0.998043234,-0.027165668,-0.775442423,-0.864884944,-0.630360193,-1.186132886,-2.339249077,-0.789217649,-1.170538028,0.736062982,-0.59293992,-0.215051381,-0.379505006,0.880622103,-0.58842687,-1.602462299,-0.99047563,-0.219898821,-0.619153501,-0.480458087,-0.330450404,1.2004767,0.207501855,-0.337012383,-0.07763727,-1.206977313,-0.850737101,-0.30164578,-2.008424054,-0.767439785,-0.496758367,0.25812452,-1.468372472,-0.941352163,-0.948297528,-0.948297528,0.357814295,-1.26513924,0.298918704,-0.275490032,-0.348140042,-1.778448455,-0.09014355,-0.091567194,-0.929122711,0.473684347,0.917090412,-1.368454443,0.09630968,-0.678061543,-0.790760009,-0.813282982,0.187143247,0.003194891,-0.100925919,-1.298283484,-0.217037233,0.510305489,0.028976108,-0.197841369,-0.132845913,-0.988323935,-0.58788667,-1.380709983,-2.373007557,-0.201259758,-0.326145739,0.177643967,0.428465232,0.477971799,-0.603306477,-0.690949597,-1.626075554,-1.974001029,-0.502031076,-1.001576326,-1.729348209,-0.727324632,-0.12081262,-1.333322476,0.254176994,-1.186460379,-0.842575694,-0.49807394,-0.608622226,-0.032729825,0.201143311,0.778544756,0.322300867,0.220339624,-1.899121988,0.076961041,0.251847619,0.230714817,-0.467766134,0.51156535,-0.371063681,-0.705624702,-0.901894852,0.234360407,-1.15486523,-0.892818376,0.59509324,-2.338212271,0.134530893,-0.046358124,0.028198654,-1.676112046,0.072878645,-0.220272676,-1.301218189,-1.055840197,-0.641883887,0.751463257,0.127689361,-0.079584479,-0.524248644,-1.099012369,-0.755661086,-2.727233021,-0.782634347,-1.910543005,0.101021114,0.544473143,-0.117095772,-0.35225615,-1.251064412,-1.601965898,-1.152013065,-0.427097408,0.868066408,-1.53991185,0.060906935,0.069899127,0.888014707,0.015085637,-0.333795821,1.073636303,-0.549566452,-0.631675859,-0.558266698,0.044303926,-1.199648833,-2.069887329,-0.307612708,-1.189084192,0.007074914,-0.067101804,-0.698964066,-0.613596902,-0.267618041,0.963746673,-0.549220012,-0.605502671,-0.446599652,-0.290887203,-0.800064463,0.327359412,-1.321630848,0.181738053,-1.090049058,-0.532219517,-0.767439785,-0.337012383,-1.189741222,0.060906935,-0.239781193,-0.780886095,-0.743388397,0.024887716,-0.825993094,-0.625301634,-0.658939009,-0.90017135,-0.600021203,-1.261955087,-1.008954417,-0.537511889,-1.212341054,-2.439550948,-0.746337009,0.33131611,-1.980501594,"RMS"
"34",0.108405874,0.323531725,-1.338266392,-2.61319467,-0.52661631,0.677373426,1.461053907,-0.235848924,0.308587033,0.432366661,1.579102409,0.494025285,1.752516089,-0.195893237,0.840445868,-0.572523738,0.286381227,0.988499759,-1.072652187,0.568943577,0.767744319,1.824145985,-0.50766396,0.656431328,1.579576464,1.545560506,0.170670614,0.684762124,-1.322005871,-0.052978925,-0.892330094,-0.199060881,-0.335612606,0.103097958,1.212446798,0.565938614,0.120977927,-0.620826519,-0.008132983,-2.251891979,1.345264012,0.276873874,-2.230264431,-0.557567886,-0.286749174,0.16627686,1.100577024,1.207107885,0.946858733,-0.308429146,0.744315467,-0.403467105,0.010148331,-0.440056553,1.062812385,-0.425871918,1.550727707,-2.350725468,1.18053016,1.360001719,1.453672596,1.571528339,0.380694159,0.262287338,0.173701175,0.006578315,-0.956331781,-0.114289146,-0.823939471,-0.566162169,0.163733192,0.455841315,-2.272055888,-1.133203733,-1.438430116,-0.067315707,0.999859523,-0.797397202,-1.342468882,-0.267487365,-0.465215113,-1.550226053,1.609097855,0.350656872,-0.174472442,-2.264326381,0.623529114,-1.699909816,-1.137561039,-0.803185286,-1.090049058,-0.530178352,-1.951928221,0.759636922,-1.556371192,-0.620268535,-0.706840508,-1.415929166,-0.022654691,-1.805452796,0.207664365,-0.838172953,-0.633935321,-0.685377443,-0.817350784,-0.825764705,0.789910849,-1.143191332,-0.998314567,-1.845793358,-2.030270498,-0.302998777,-0.84304027,-0.271546291,-1.557794679,-2.200931439,-2.346536981,0.502894253,-2.140466244,0.813416013,0.16509062,0.38206,-1.328402883,0.97414446,-1.018600351,-0.82052611,-0.032213322,-0.371933625,1.456076921,-0.202850848,-0.821662603,-1.872752628,-0.07192574,-1.246532419,0.268805017,-0.306117635,-1.504177402,0.041717593,-0.839098236,-0.753321904,0.974597375,-0.677273831,-1.926892143,1.644438194,-1.465337569,0.89146511,-2.582298996,1.619011935,-0.628483667,-1.515037237,0.794665324,0.312545402,0.136801042,-1.66020503,-0.777833989,-0.800064463,-0.875388741,-0.25502129,0.367417041,-1.152329571,0.83664128,-0.616371342,-0.509160344,-1.054691102,-0.867500568,-1.404051083,-0.779576909,-0.872034641,-0.361256853,-0.604587004,0.105080477,-1.305267523,-1.682008605,-0.744651023,-0.950623411,-0.317728994,-2.586275144,0.545632765,0.401992419,1.215535696,0.301954732,-1.557794679,-0.405565113,1.758512875,-0.235216133,-0.508328744,1.927280548,-1.446044366,-0.547835449,-1.593564563,-1.180256278,-0.340801595,-2.249992643,-0.679244275,-0.813508537,-1.152329571,-1.743540897,-0.628296208,-0.6361999,-1.103222901,0.289455499,1.823032013,-1.725410089,-0.916540763,-0.015519812,-0.729396313,0.381718714,-1.16667702,-1.097812609,-1.465770563,-1.082345316,0.359909706,-0.790319092,0.880870787,1.349604443,-0.971803442,0.206688913,1.425971701,-1.147277461,-0.636010989,-0.130336502,-0.679638831,-0.57874764,-0.252057562,-1.335981547,-0.164638822,-1.020263322,-0.188379871,-1.058718725,0.528508359,-1.944211592,-0.003606496,-2.129472475,-0.347715203,-0.21109147,-0.986713196,-1.526016304,-1.425867136,-0.767439785,-0.58554917,0.656431328,-0.187655758,-0.810580278,-0.753746803,0.196799576,-0.55739326,0.111988502,0.518853316,-1.056127677,0.152463543,-0.191644884,1.116975973,-1.948413279,0.628981923,-1.639381789,0.465116708,-0.983232138,-2.098828256,-2.307597635,-0.871556401,1.138794078,-0.267487365,-0.549739717,-1.466637114,-1.359457707,0.889905688,-0.43912531,-0.092005646,-2.092324168,-1.027222293,-2.512072318,0.814966504,-0.742127363,-1.621510494,-1.558744798,1.122686824,-1.284821392,0.42637823,-1.35751256,0.51204488,0.75743567,-2.548485631,-0.72649716,-1.651823629,1.039887944,-2.249044326,0.955972877,-1.273322883,-0.004610613,-1.725971729,-0.315944382,1.921148963,0.516529327,0.655393391,-1.946310229,0.241926051,1.208004665,0.972822283,-1.755041886,-2.284745175,-0.208870892,0.786455358,-1.79275997,0.27307592,-0.553733125,-0.476424197,-1.752154215,0.851602866,-0.788117418,-0.682009436,-2.086667587,-1.64454709,-1.602462299,0.59011728,-0.387134151,0.092305671,0.880166021,0.74867649,-0.873231242,0.597076712,-0.682207241,-2.003963081,-0.672168774,-1.886509806,-1.713133149,0.759075361,-1.142564176,-1.16667702,1.436274293,1.786545902,1.417453823,0.16211885,-1.861109547,1.572939889,-0.351545266,0.270637638,0.139066048,-1.004029646,-0.794073099,-0.728981634,0.376722639,0.822024008,-0.053822807,-1.7567785,-0.305438794,0.137672805,1.403372693,-0.392006088,1.097177927,-0.757792374,-0.374838915,-2.1086644,0.947246616,-1.757937921,1.566029242,-0.021836695,-1.462311848,-1.241674672,-1.531551374,0.53033409,0.431587592,0.055623904,-1.447744323,-0.680823431,-1.084117843,-0.696954419,-1.589145209,-0.029634805,0.042676274,0.276873874,-1.195343478,0.117427417,-1.126086266,-1.142250746,-1.616462527,-0.986176859,-1.977607236,-0.34052042,-1.357123984,-1.861752841,0.602018247,-2.117766656,-0.17387731,-1.28880474,-1.541779264,-0.495444522,-0.857078872,-0.771757581,-0.336172282,-1.32915817,-0.201993793,-0.664365379,-0.318278746,-0.492821999,-2.222850125,-0.537854296,-0.76378426,-1.823869523,-1.881903019,-1.08915713,0.041717593,0.097761718,-0.849333264,-1.496555755,0.211961262,0.146867076,-1.426283369,-1.606442404,-1.389098289,-0.8495671,-1.18155921,-0.347856796,-1.504177402,-0.558441478,-0.360969868,-0.513662979,-0.831030888,-0.156186083,0.45362015,0.821056549,-0.2749633,0.196306641,0.015774919,-0.323516526,-0.20567207,-0.647409289,-1.913249367,-1.976884953,-1.36335939,1.175480733,-0.869407146,0.157772684,0.666084261,-0.072893326,-0.153034636,-1.799388496,-1.169893491,0.714908672,-0.738563044,-0.678258568,-1.198985263,-1.129174594,-2.173312757,-1.401204974,-0.389198136,-1.104429174,-0.337432698,0.587230955,0.691996519,-0.711514838,0.234914007,-1.863040671,-0.322963887,-1.554003206,-0.135018212,-0.419462618,-0.643976137,0.592442476,0.391298568,1.250789594,0.557957271,1.517563823,-0.788117418,-0.382579004,-0.59293992,-0.550086338,-1.887169654,1.636099317,1.287881874,0.958468607,-1.299016353,0.663100259,-1.042421009,-0.18572735,1.2856726,0.369354221,-0.233699065,-0.157941188,-0.062513905,-0.199060881,0.691495818,0.273532437,-0.268925744,-1.636809109,0.423174042,-0.576609364,-0.283026261,0.421863254,-0.430475271,-0.590049223,-0.37164356,-1.205307027,-1.045830103,-1.746977327,-0.744861616,-0.15315118,-0.006621876,-2.338212271,-0.758432647,-0.087411457,1.418253194,-0.873710284,-0.553037473,-1.331048887,-0.964693471,-1.308963018,0.332894415,-1.497449411,1.978003877,-0.495937011,-2.123602438,-1.071483621,-0.147572365,-0.824851672,0.103548876,-0.36686959,-0.861329174,-0.547316732,-0.339536928,0.528095635,-1.24098263,-0.108142159,1.702290529,-1.654958428,-0.748659891,-1.410996974,-0.585010522,0.069339478,-1.954749098,0.342525308,-1.836966062,0.833517633,-1.680397001,-0.490532921,-1.485893726,-1.458435039,-0.992362169,1.756304988,0.732704376,1.639482034,1.745872587,-0.813508537,-1.159318164,-0.265398864,0.279977468,-0.571283593,-0.413698913,-1.539445541,0.030820142,-1.052110455,0.585784662,-0.819164021,-1.553530281,1.855406969,0.035946127,-1.664950622,-2.009169489,0.025570276,-1.717580071,-2.339249077,-1.795767491,0.026836654,0.940241606,-0.932928373,-4.919880931,-1.963259787,-0.166408838,-0.688756832,-0.764643182,-1.272608597,0.463167818,-0.099047154,-0.68121861,-0.04447449,-0.415666971,-0.989937272,-0.571992059,0.192519382,-1.939331834,-1.824489294,0.27307592,-0.450514777,-0.467127769,0.312764853,-1.106846094,-0.709886505,-2.371935171,1.008687581,-1.020818261,-1.289530693,-1.673976434,-1.686859059,1.371231483,0.470503504,0.158455686,0.384037161,0.5106056,-1.868208641,-0.30151058,-1.827593922,-0.241434821,-1.00731013,0.602073016,0.87070742,0.423239536,-0.702389762,-1.303424883,-2.196424897,-0.059113265,-0.472246142,-0.161813296,-0.503684516,-0.61452086,0.61453678,-0.24551698,-1.300850879,0.727210386,-2.460409178,0.913125729,-0.12397718,-2.100460909,0.234914007,-0.88116493,-1.261248872,0.993436941,-1.263369014,-0.00020002,-1.057854296,-0.135361638,-0.155952302,0.187474922,-2.394700382,-1.588165777,0.233410664,-1.746403768,-1.113218441,-1.514127733,-0.375129908,-0.324346057,-0.05921936,-0.951399909,-1.210661793,-1.07031642,0.364712556,-0.28941691,-1.745830537,0.307778774,-1.157725553,0.966185048,-0.781541331,-0.622316,-1.725971729,-1.285544458,-0.126243727,0.208314137,-0.743388397,-0.514331763,0.192931736,-0.01399751,-0.801400766,-0.623248053,-0.055724149,-1.732736129,-0.913295223,0.454001272,-1.366491734,-1.043272194,-1.238219243,1.679691322,-0.397496939,-1.290257173,0.794710496,-0.084577977,-0.652773286,-0.969691509,-1.233058385,-1.492544161,-1.259837937,-0.533923675,-1.989235274,-1.12639467,-1.24098263,-0.88116493,-0.677470701,-0.402718882,0.60688098,-2.347582459,-0.869168625,0.181821432,-2.695627681,-1.403644,-1.004575647,-1.366491734,-1.942814944,-1.674509909,-1.242367192,-1.337504197,-1.680933914,-1.870153537,-2.221005106,-0.061556306,0.615077525,0.157858085,-0.22652426,-0.77479117,-0.980029573,-0.769596353,-0.75162411,-1.845793358,-1.47185225,-2.413516654,-0.198694871,-1.943513025,0.483351647,-0.901402119,0.129184458,-1.698815724,0.802584375,0.986376339,0.758045012,0.321141026,-0.309791358,-2.415753791,0.61632013,-0.425106748,-0.76593295,1.059143545,0.371287656,-0.361543921,-0.002402885,-0.127719742,-1.206308864,-1.254915283,-0.348565061,1.650099894,0.317798971,-0.654695994,-0.697356025,0.40726349,-0.054456186,-0.358963275,-0.162401289,0.4010554,-1.440117168,-1.546932707,-0.667284521,-0.731888009,-0.109368537,-1.285906187,-0.903127745,-0.181042375,0.924100159,0.169573984,-0.268271679,-0.785920581,0.370459499,-0.559315833,0.041813503,-1.724848764,1.554347946,1.53503759,1.664721236,-1.057278425,-1.075286463,-1.417166025,-0.046881986,-2.287696481,-0.859674132,-2.114447151,-0.517514612,-0.296252023,-0.970482961,-2.096384262,-1.243406874,-0.953992599,-0.327948666,-1.961125315,-1.866914143,-1.090346544,-0.818483672,-0.008032172,-1.349384007,-1.516858731,-0.70623242,-0.90090963,-1.112609798,-0.917291232,-0.530178352,-0.967847219,-2.410170304,-0.915790857,-2.281802554,-1.10262031,-1.530626732,-0.673344553,-0.119572135,-0.668844888,-1.520969264,-2.840439389,0.21390097,1.212327804,0.262210407,-0.831030888,-1.015834862,-0.082186671,-0.936493439,-0.427864103,-0.898205264,-0.195649987,-0.836555764,-0.168063685,-0.428938464,-1.099612789,-0.003606496,-2.363397232,0.100116791,-0.417183501,-0.572523738,0.054677561,-0.59293992,-0.441921645,1.209795818,-0.081535488,-0.027576768,-0.170313938,1.252905815,-1.344768614,-0.851908473,-1.202973304,-0.095740272,0.164327293,0.551180309,-0.567572358,-0.233067633,-0.876349125,-0.745915246,-0.548873691,0.699526788,0.003294567,-0.011667805,-0.396158549,1.169536627,0.136801042,1.351314642,-1.378723096,-0.451927983,-0.936748574,-1.353246507,-0.543004522,-1.651823629,0.377682727,-0.405865188,-0.734802856,0.058174564,0.696591243,-0.277599737,0.073436318,-1.705948813,0.324544237,0.61831587,-0.202483449,-0.091567194,-0.290619716,0.90154251,0.450884518,1.514005725,-0.986176859,-0.501370465,1.002798649,-0.096621039,-1.092133323,0.341246536,0.253478751,1.139146242,-0.245133569,-1.593564563,0.471127997,-1.84010973,-1.477532842,0.120357497,0.294831455,-0.245772669,1.194376911,0.465619031,-1.289530693,1.378110968,-1.593564563,-1.915963073,0.033628181,-0.343899753,-0.408118626,0.435347483,-0.464260155,-0.656815251,-1.213349966,-0.533753128,-0.720107362,-0.179964337,0.00059982,0.341104349,0.616967834,-0.378774493,-0.164167346,-1.883874758,-1.782601531,-0.202238591,-0.564753966,0.602182545,-1.942814944,1.596879383,1.58338137,-0.107028573,-0.706840508,-1.029739424,-0.315121788,0.023325825,-2.061208773,-0.972596568,-2.304587096,-1.64454709,-0.921805913,0.331746804,-1.128247094,-1.431291727,0.800520669,0.399648223,-0.128856622,-2.120263536,0.651178696,-0.563347743,-0.56951462,-2.286711744,0.50766062,-0.326007187,-0.930136139,-1.350927217,0.426704611,-2.093134869,-2.544656654,-1.054691102,0.442311209,-1.399582255,0.234202179,-0.052557251,0.778498848,-2.366590423,-0.857078872,-0.341927087,0.693946861,-0.762068626,-0.341504879,0.000299955,0.315540401,0.073715038,0.165344933,-0.087084107,0.618854576,-0.556171726,-0.83609419,-1.656005548,-0.003305457,-0.556520583,0.291101221,-0.504181081,-0.528650209,-0.101368494,-1.587676421,-1.272965676,-0.047720736,-0.102143474,0.238465567,-1.937941979,-0.708870141,-0.154434053,0.350938522,-0.351545266,0.430677911,0.627488032,0.406531206,-1.084709384,0.148764773,-0.532219517,1.472724319,-1.196004635,-0.566690757,-0.469363834,0.216159218,0.640115534,-3.186892779,0.047360571,0.591225191,1.522768295,0.4476302,-0.050661915,-0.617112494,1.282737773,0.582494911,-0.076773059,-0.374402583,-0.117208201,-0.977634362,-0.813057477,1.026005753,-1.335981547,-0.046672408,-0.95191791,-0.328781883,-0.818030363,-0.449573748,0.69194646,-0.191402666,-1.055840197,0.000299955,0.935858037,-0.105138318,-0.483534764,-0.225396086,0.110467453,0.175213018,0.499258987,0.534444489,0.984808824,0.272543054,0.167715404,-0.263965546,0.414292697,-0.953473523,-0.72815279,0.28442678,-2.029509173,-0.036041771,0.555779869,0.149109423,-1.120244589,-0.706840508,-1.106543659,-0.713758135,-0.845133538,-0.30924625,0.01607018,-0.481752376,0.382128243,-0.519530064,1.359924718,0.120002792,0.294980375,-0.829425199,0.564972842,-0.023268627,-0.41536394,-0.942378067,0.10625012,0.929246443,-0.996145957,0.610145934,-1.891137913,-1.053256587,-1.428784413,-0.291020974,-0.941095851,-0.23041996,-0.671777155,-1.850236399,0.234676787,1.745855137,0.53882982,0.331387905,-0.491840324,-0.391858105,-0.106917282,0.503559288,1.596170285,0.354171814,0.370252352,1.074148817,-0.528650209,-0.238257189,-0.655658736,0.499137584,0.64006281,-1.995835958,-0.05794696,0.298473634,-0.799841919,-1.628111178,-0.416576613,-0.101589856,-0.038117322,-0.636955901,-0.544382407,0.397029629,-1.593564563,-0.676880208,0.507118762,-1.008954417,-0.378628454,-0.493968507,-0.976306164,-0.973655049,0.432366661,-0.210227326,-0.55809195,-1.907843948,-0.771108722,-0.046358124,-0.002603386,-0.640364995,-1.662311402,1.514115733,-2.14814874,-0.360252765,-0.238764932,0.271552691,0.660314024,-0.721546655,-0.926341068,-0.934454703,0.028781801,-0.736263472,-1.724848764,-0.435563556,0.104450101,-0.216664585,0.011038847,-0.05287349,-0.788777412,-0.369326062,1.032970937,-0.568631306,0.226418184,-0.140412154,-1.422543494,-1.572623939,-1.587676421,-0.031387473,-0.849800991,-1.95970486,-0.619710863,0.372046199,-1.4554301,-0.234963128,-0.074831311,-0.902387827,0.641169442,-1.21976349,-0.001801622,-0.401224114,-0.728359936,-0.497087098,1.496605104,0.113775014,-0.197597644,-0.315944382,-0.077745349,0.016857117,-1.161871628,-1.033386504,0.313422916,-0.531708835,-1.582795982,-0.128856622,0.101563315,-0.545244551,-1.933092645,-1.794563397,1.099844862,0.251925353,0.157943478,0.833169959,-1.843895224,-0.103473409,-0.098384902,-1.694451287,0.067845547,-1.445619827,-0.294505298,0.237361989,-1.190069899,-0.627546724,0.163818085,0.246547529,-0.152102778,-0.515670675,0.75584025,1.404060603,-0.361831071,-1.411817318,0.21929616,-0.993171776,-0.691149178,-0.951141009,-1.096913732,0.278843124,-0.368602943,-0.224895084,0.86617569,0.45476308,-1.065661189,-0.040405415,-1.479287228,-0.19650162,-0.155251285,-0.066674133,-1.198653643,-1.330670457,-1.435064526,0.482858155,-0.537683078,-1.339029169,-0.913046002,0.141412753,-0.57874764,0.354592778,-0.486458267,-1.153596597,-0.93140437,0.503257054,0.458436993,0.825096072,-0.205058084,-0.567925216,0.919565364,0.242083061,0.250914348,-1.630150954,-1.649739209,-2.051826375,-1.025826619,0.728562586,-1.347458337,-1.63989712,-0.396753168,-0.523404406,-1.565421027,-0.274700038,-1.451579828,-0.705422211,-2.384880336,-0.199304962,-1.199648833,-0.829654425,-0.466170983,0.413896134,-1.476656801,-0.872991808,-1.872102222,0.641695979,-0.947007705,-1.883874758,-1.464472142,-1.579393791,-1.303424883,-1.048109307,-0.474654428,-1.538047916,-1.909192566,-0.212450922,1.097545053,-0.597291695,0.649560952,-0.370049703,-1.021651248,0.074550731,-1.381904013,-0.726703964,-1.63475572,-0.707854809,-1.15486523,-1.673976434,-0.670407694,1.131273071,0.343164082,-0.821662603,-1.868208641,0.015873349,-0.282760868,0.916210729,-1.768433644,0.037199441,0.208395329,-0.364275181,0.285780265,-0.549566452,-0.266051052,-1.690105816,-1.448169765,-0.298406036,-0.566867015,0.397096858,-0.777398733,-0.852611955,-0.205426431,-0.577499757,-0.780231288,1.188970835,-1.152329571,0.957317505,-0.925079238,-1.337123317,-0.394376811,0.1780625,-0.517346841,-1.000487891,0.294533547,-2.360214206,-0.905845474,-1.511857584,-1.598992655,-0.364275181,0.01212618,-0.473369287,-0.482076211,-0.235848924,-0.169365846,-1.713687934,-0.520202786,0.132781111,0.053540767,-1.648178741,-0.920800887,-0.733760863,-0.438039954,-0.370049703,-0.475297618,-1.1248536,-1.338647708,-0.613596902,-0.568631306,-1.628620732,-1.687940141,-0.295445463,-1.759098687,-1.16667702,-0.101257832,-0.741917345,-0.99452258,-0.521886571,-1.197990733,-0.429706573,0.274520842,-0.250771718,0.606553898,-1.077633882,-1.843263312,-0.39988073,-1.233744963,-1.870802677,-0.155134497,1.175388128,-1.48456893,-0.675307262,-0.537511889,1.240372234,-0.092663685,-0.002402885,-0.399582445,-0.075909594,0.47660678,-0.800732391,-0.776311422,-1.1141321,0.418381333,-1.566378423,-0.42098492,-1.473160294,-1.098112414,-1.174414002,-0.605136303,-0.3315643,-1.207311706,0.192436891,1.71377991,-1.337504197,0.088560177,-0.818256992,-0.158995732,0.254332093,-1.451579828,-0.208131794,-0.208501275,-0.165818485,-0.131932671,-0.579104465,-0.864884944,-0.219525106,-0.665921194,-1.375948069,-0.333656205,-1.265848208,-1.204306193,-0.6361999,-0.851205485,-0.996687669,0.2038384,-0.04019719,-0.879235824,-0.159816702,-1.389900857,0.799936675,-0.916540763,0.413499413,0.072971613,-0.480458087,-0.373239961,-0.814185509,-1.169893491,-0.934709317,-0.954771719,0.145916875,-1.075872802,-1.177330873,1.301308205,-1.557794679,-0.828508819,-0.442077227,-1.244447637,0.058740495,-0.792083928,-0.773273225,-0.919295241,0.408061734,0.052971885,-0.026857454,0.276646403,-0.255150347,0.104179819,-0.263705163,-0.347715203,-0.657008134,-0.674914412,0.342028202,-0.377460912,-0.03334998,-1.014730805,0.062693069,-0.343053848,-1.050965635,-1.412227743,-0.491840324,-0.678849876,0.549045837,-1.416341283,-0.630548039,-0.366292473,-0.952695414,-0.570575628,0.313130497,-0.202483449,-1.46793835,-1.095118399,-0.205058084,-0.117995558,-0.780449509,-0.592397278,-0.925331477,-0.815540829,-1.698815724,-0.694548162,-0.919796871,-0.925079238,-0.369036752,-0.290352301,-0.251285857,-0.558266698,-1.575519694,-0.213812224,-0.04144719,-0.015621381,0.14660802,-0.639227339,-0.610645959,-0.445662298,0.282619278,-0.778269434,-0.471604911,0.437545002,-0.97127504,0.017152059,0.143407463,-0.764643182,-0.879476759,-1.524178069,1.059004834,1.176437154,-0.554777511,-0.621384814,-1.501032039,-0.311974765,-0.739610055,-0.561592741,-0.802069588,0.072506691,-1.114741671,0.143234168,-1.627092848,-0.677864557,-0.59293992,-0.239527031,-1.205640861,-1.310445049,-1.472724089,-1.446893983,-1.553057579,-0.986981473,-1.313043899,-1.077633882,-0.66533748,-0.378336441,-0.733136189,-0.574475651,-0.045939232,-1.073529508,-0.56651453,-1.116267224,-1.108965701,-0.114177045,0.73414516,-0.551994901,0.4896837,0.367970904,-0.170669704,-1.112001526,-0.465692934,0.0428679,-0.07709705,0.01439588,0.008464078,-0.278392026,-0.532730459,-0.485645325,-1.905824426,-0.302322049,-0.027473977,-1.775492497,0.187972228,-1.179280192,-0.093871216,-0.404515559,-0.72505073,1.623971782,0.472562852,-0.082946921,1.390485566,-1.375552265,-0.400776119,0.928258828,1.571860648,-1.523719037,-1.10021357,-1.854699269,-1.99289694,-0.697757793,-1.661257661,-1.558269626,0.488948045,-1.782007178,-1.54928399,-2.204551353,-1.252463014,-1.863685209,-0.276808076,-0.697958738,-1.013077001,-2.164563795,-0.171856507,-0.05245186,-0.17411532,1.060287174,0.271095269,-1.643511893,-0.109814866,1.646733697,1.458754548,1.495328122,-0.363555705,-0.815766894,-0.723812595,-0.126016841,-1.184497028,-1.101115419,-0.03853295,-0.546107438,-0.72505073,-1.697722827,-0.473851021,-1.909867558,-0.658552536,0.290727431,-1.599487582,0.437092966,-0.768948894,-0.064111946,-0.741497442,-0.037909573,-0.50071029,0.351501585,-0.152219213,-0.388018195,-0.766578459,1.347163644,-0.766148073,0.760525416,1.275949221,0.924219218,-1.137249172,-0.30788478,0.678084303,-0.278392026,-0.368169323,0.055245474,-0.293163736,1.164212746,-1.280853849,1.538779369,1.638530587,1.177053715,-0.950882177,1.156472308,-1.792159549,0.584503503,0.356554937,0.396558899,-0.282628198,-0.266051052,0.980279102,0.31816278,0.01557803,0.176387317,-1.306744082,1.318283151,-1.563508981,1.11932953,-0.046148656,-0.790760009,-0.460924965,-0.125223145,-1.491654877,-1.063052113,-0.39988073,-0.886974678,-0.805644212,-0.046253385,-0.316493154,1.148132345,-1.522801606,-0.728774358,-0.086647807,1.49886383,0.155121637,-0.763355076,-0.432476657,-1.008954417,1.451941642,-0.275490032,-1.438008797,-0.308565283,-1.534794369,-0.631299777,-0.700171796,-0.857078872,-0.664365379,-0.714983875,-1.200312844,-0.40691616,-0.863461118,0.029364609,-1.32425897,-1.022206958,-0.170788321,-0.652965391,-0.036975236,-0.127606125,-1.085005285,-0.181521877,-0.818030363,-0.13776893,-1.616966179,0.25200308,-0.896978421,0.376173604,-1.777265023,-0.858021824,-0.060705875,-1.680933914,-1.298649851,0.300919076,-0.721752438,-0.431244561,-0.807660567,0.229046097,-1.413460029,-0.711718566,-0.374402583,-1.449447176,-1.847695102,-1.450299691,-1.250715067,-0.309791358,-0.909563411,-1.578908707,-0.749717532,-1.373180722,-1.74869998,-0.387576075,-0.975244875,0.855223512,-0.498238508,-2.015153052,-0.946492241,-1.332564039,-0.379651173,-1.050393716,0.089657872,-0.299080117,-0.236608802,-0.199182914,-1.268333564,-0.596383512,-0.405115169,-0.980562622,-0.3315643,-0.930136139,-1.127938118,-0.921554562,-1.882559834,0.096128027,-1.177655496,-1.793961893,-0.586447562,-0.368024825,-1.836338513,-0.356960699,0.134356053,-0.829883704,-1.437587656,0.621973361,-1.576970722,-0.282628198,0.271324006,-2.05494407,-1.4554301,-2.106196279,-1.142250746,-0.964693471,-1.965398826,-0.025522957,-0.446599652,-0.549393217,-0.52306691,0.503801009,-0.113504701,0.308660479,-1.666008264,-0.95503156,-1.609938038,-1.774312556,-1.378326192,-0.897959775,0.41713014,-0.140182031,-1.838222344,-1.319757837,-0.436027414,-1.395940738,1.274776036,-1.858540503,0.320415442,-1.524178069,-1.966112856,0.065974989,0.294533547,-0.343758719,-0.137539414,1.561255564,-0.251543026,-1.083231187,-1.796370082,-0.699567748,-0.219400565,0.146435278,1.302341937,-1.324634981,0.846640502,-0.021938908,-0.418398384,0.477723752,-1.396748819,-0.329198753,-0.898942094,-0.324484379,0.341530849,-1.117183674,0.205061044,-0.03635283,1.423469715,0.317435031,0.323025085,-1.109875481,-0.505009238,-0.385368406,-0.857550237,-1.876663976,-0.243218716,-0.914292729,-1.45328923,-1.003483944,-1.199316993,-0.424800844,-1.184823986,-0.928110309,0.557613785,1.14581389,-0.025215249,1.093566245,-0.002904213,-1.880590683,-1.14790758,-0.87275243,-1.367668897,0.276191306,0.91131839,-0.387134151,-1.056990614,-1.739546598,-2.071473372,1.13465488,0.057608313,-0.626236475,-0.554429261,-1.573105983,0.161948767,-0.13159042,-0.372659156,1.125091922,-1.946310229,0.323169865,-0.311291938,-1.282655326,-0.607520095,0.151776435,-0.287815415,-1.757937921,-0.205549243,0.689339942,-1.903138057,-1.796973036,-0.284354282,-0.464578373,-0.007226045,-1.093923299,-0.176140698,0.105800419,-0.713758135,-0.25334506,0.246000334,-1.24098263,0.045833416,0.628181902,-0.503188197,-0.295714244,-0.510159179,-0.918042265,0.12283691,-0.241816817,0.162883863,-1.016111067,0.112435429,-0.766578459,-1.07939807,-0.349557476,0.654250415,-0.389050567,0.407130387,0.597076712,-0.971010944,-0.397199364,-0.606419177,-0.837941766,0.337329012,-0.597655199,-0.967320903,-0.301105093,0.799891738,-1.105334834,0.464614132,-0.019488677,-0.5730557,0.347482826,0.360188763,-1.484127722,0.030917103,-1.47185225,-1.408949052,1.047950374,0.05287704,0.739458083,1.683134371,-0.072893326,-0.059643853,0.184070027,-0.668259465,-1.657053766,-0.555300114,-0.310473161,-0.513495852,-1.629130546,1.323620767,-0.220397326,0.190785635,-1.526016304,0.965080896,0.133481391,0.634776267,0.237046457,0.997723243,-0.012983928,-0.464101084,-1.530626732,-1.563508981,0.524491815,0.288856383,0.455714525,-1.912572089,0.554287331,-1.907170321,-2.010662026,1.518024132,-0.674914412,-0.966006324,-0.424495034,-0.556695057,-1.402423743,-0.919796871,-0.79142175,-0.029737818,-2.30058709,0.44603107,-0.586447562,-1.453717037,-0.209980565,0.140457353,0.102737078,-1.396344697,-0.511992972,-0.0629398,-0.889648801,0.738932836,-1.850236399,0.070365263,-0.337572842,-1.23065907,-0.47176518,-0.744651023,-0.609725572,1.599993454,0.211394804,0.181738053,-1.078809661,0.707740183,-1.294627173,0.680568398,-0.239527031,-0.436491487,-2.216407397,1.199964783,0.015676479,-0.539396581,-1.491210531,-1.052396865,-1.710363831,-1.612442422,-0.479004011,0.087278008,-0.06240746,0.767837126,-0.804972996,0.938052224,0.620468955,-1.078809661,-0.802515718,-0.320067533,-0.599839003,-1.105636904,-1.09481949,0.880995106,0.248811298,-0.685972977,-0.865597618,-1.20330636,0.2112329,-1.037611267,-1.714798428,-0.03573081,-0.968110481,-1.516403047,-0.532900831,-1.360236827,-1.680397001,-0.658552536,-1.5154923,-0.235469201,-1.053830146,-1.7567785,-0.834250022,-1.348998576,-0.904609227,0.21985816,-1.855338451,-0.823483682,-0.236735505,-0.72815279,-0.942121492,-2.451085101,-1.016111067,-0.679441534,-1.989966535,-1.360236827,-0.889162065,-0.878754128,0.764490621,-1.440539376,-0.176617854,-1.608938037,-0.408118626,-0.80833359,-1.446044366,-1.704848097,-1.166034965,0.77075616,-0.934454703,-1.445619827,-0.2749633,0.232380757,-1.080575926,-0.536656384,-0.565809932,-0.217534313,-0.823483682,-0.75608698,-1.135691297,-1.583770166,0.988983417,-1.528318861,-1.281213885,-1.802416049,1.79541943,0.39904454,-1.306744082,-1.133514341,0.624279301,-0.229413164,-1.083526651,-0.622875128,-1.119938075,-0.847931394,-0.832409248,-1.7333019,-1.989235274,-0.661842331,0.659693804,-0.080017708,-0.697155202,-0.974714652,0.093308177,0.250291683,-0.064325211,-0.979230532,-0.668649709,-1.130722343,-1.101717104,-1.30933332,-1.09631493,-0.524924548,-1.918684163,-1.532939942,-1.177655496,0.645793484,-1.703199292,-0.813508537,-0.304760414,-1.006762635,-1.062183932,0.368593633,-1.266912604,-0.040821995,-0.081535488,-0.341364183,-0.354676941,-0.780449509,-1.106846094,-0.166172655,-1.005668543,1.288516138,-1.124237836,-1.296453657,-1.680933914,-0.145257013,-0.009545413,1.513279373,-1.357123984,-1.28916765,-1.535258514,-1.615959129,0.227932068,-1.150432037,-0.412187654,-1.624044065,-2.062781101,-1.759679576,-0.622129693,-0.771324962,-1.152329571,0.508803581,-1.209320411,-0.713145827,-0.326977455,0.065319466,-1.108662625,-0.759073331,-0.2953111,0.127161146,-1.202640359,0.624814805,-0.3588201,-0.230545881,-1.372391456,-0.673736787,-1.397557553,-0.788997506,0.422649933,-1.601469743,-2.024953356,-1.054117049,0.281336985,0.196060083,-0.456495279,-0.935983365,0.142540687,0.86894752,0.610417533,-0.840256046,-0.458233174,-0.566867015,-1.197328262,-1.4929891,-0.066781034,1.77408757,1.28223855,1.116222973,-0.092115289,-0.919796871,-0.085448962,-0.640934309,-1.604450371,-0.261494643,-1.049536451,0.055623904,-1.651302117,-0.666310527,-0.578034374,-0.837248525,-0.474975971,-2.078641862,-0.221769496,0.820220263,0.384581897,-1.071191693,-0.386103755,-1.787966671,-0.654503557,-0.519361955,-0.927098931,-0.183802653,0.296617037,-0.29961971,-1.101717104,-1.515037237,-0.828508819,-1.432128898,-0.38287226,-0.945719543,-0.561768103,-1.483686707,-0.536998498,-1.098412309,-0.990744918,0.010841023,-0.253602759,-0.841647189,-1.174414002,-0.099157572,-0.118896155,-0.716620537,-0.049610501,-0.306253458,-0.804972996,-0.223393583,-0.491676805,-1.334461213,-1.16219127,-2.565249403,-1.926205566,-1.467504417,-0.72815279,-0.789437841,-0.314847741,-0.563523413,-1.321630848,0.092396849,-0.754597143,-0.46808547,-0.004510156,0.487045095,-0.369181396,0.741318105,-1.255968099,0.339538958,0.444429378,-0.422509543,-0.792304752,0.683298845,0.396087946,0.382264715,-1.283376827,-0.078177781,-0.210844496,0.564176799,1.01523068,-1.850236399,-1.657578288,-0.017146159,-0.013186562,-1.882559834,0.769830405,0.07881118,-1.510045169,-0.964168812,-0.639985632,-0.453028525,0.466121102,-0.848164903,-0.869407146,-0.586267819,-1.738408294,-3.540459449,-1.768433644,-2.675099101,-1.25351325,0.496462973,-1.955455562,-1.497449411,-0.666310527,-1.056127677,-1.408949052,-1.632706539,0.848440065,-2.121931593,-0.930896884,-0.611198598,0.454318762,-0.733760863,-1.477094725,0.685618914,-0.483859176,-0.180443322,-0.572523738,-0.626423549,-2.061994628,-1.48943512,0.389132454,-0.588246771,-0.150474113,-1.526476392,-0.182721637,-2.295609479,0.128832872,1.415731797,-0.716415808,-0.357961486,-0.110149744,-0.016535969,-0.381553288,0.270332434,-0.53204926,-0.169721275,-0.444257913,-0.312248026,-0.984301943,-0.867738691,-0.338133616,-1.710917081,-0.036560255,-1.115046595,-0.815540829,-1.677181565,-0.035523556,-1.348613294,-0.492494667,-0.346441768,-0.173639356,-0.750140902,-0.753109522,-1.909867558,-1.89645354,-2.780620894,-0.868215109,-0.039884934,-1.590125601,"RMS"
"35",0.733136829,-0.090252989,-0.543693227,-2.698595042,-0.377460912,0.625296514,1.394287332,0.23956793,0.354382318,0.785817515,1.455050538,0.250836536,1.555488462,0.905957528,0.796741137,-1.483686707,0.157858085,0.979152849,-0.825079852,0.371218669,1.466929201,1.544451291,-0.040717833,1.101607798,1.417841477,1.470589553,0.676712874,0.855903582,-0.419919065,0.538362967,-0.058795047,0.304096614,-0.360826407,0.8103078,1.335606147,0.791180921,0.166700176,-0.628671161,-0.366004039,-2.311625838,-0.001300846,0.515813165,-1.677716753,-0.656044093,-0.280375497,0.23594131,1.122133484,0.741508681,0.304391686,-0.544727175,0.746545757,-0.318416232,0.692597029,-0.269056608,0.853521312,-0.267226064,1.413958165,-2.236797353,1.359411226,1.034571422,1.434203185,1.52755518,0.327575636,1.136967243,0.371287656,-0.307204739,-1.407313728,0.497253944,-1.009777575,-1.22894879,-0.632616681,-0.21815601,-1.856618042,-1.703748592,-0.40137349,0.029364609,1.28456613,-0.30734071,-1.663366255,-0.839561199,-0.820753305,-1.340174426,1.424697432,0.644114487,-0.744019511,-2.098012927,0.29020389,-1.679860377,-1.000215967,-0.160638346,-1.344768614,-0.870839469,-2.262403303,0.812484563,-1.058718725,-1.04072081,-0.680033541,-0.938536341,0.424221437,-1.350155315,-0.229664768,-0.269318388,-1.128556165,-0.665921194,-0.788557365,-0.189708775,0.625403529,-0.730641385,-0.777398733,-1.609938038,-1.180581852,-0.844667988,-1.156453288,0.335543234,-1.601965898,-1.77136878,-2.871746294,0.818810199,-1.587187304,0.003095205,-0.0927734,0.542673067,-0.527124397,1.082720006,-0.248461359,-1.752154215,0.299956433,-0.482238167,1.044824658,-0.917541514,-0.639037855,-1.48236483,0.318817301,-1.586698426,-0.244367188,0.504465441,-1.101115419,-0.048035449,-0.253087428,-0.554777511,0.661862891,-1.153913605,-2.521985658,1.262883016,-1.84010973,1.196374007,-1.922095971,1.455633839,-0.395118816,-2.592937394,0.46203446,0.60688098,0.0798273,-1.312300681,-0.403766552,-0.687761708,-1.26655768,-0.413850165,0.357954125,-0.595476153,1.012182561,-0.853315933,-0.633369977,-1.49923912,-0.942378067,-1.063341675,-0.246540129,-1.165393322,-0.101811266,-0.941864983,0.184735308,-1.360236827,-1.831956659,-0.254634218,-0.806315879,0.06428849,-1.899121988,0.586396811,0.459321781,1.018811219,0.497253944,-1.142564176,-0.444881841,-1.775492497,-0.530688253,0.306233918,1.622630506,-1.524637311,0.211151939,-1.414282398,-0.520707624,0.697537529,-2.091514123,-0.46473752,-1.183843433,-0.779358877,-1.852146619,-1.16219127,-0.583037958,-1.510045169,-0.574830954,1.515742428,-1.990698332,-1.030019497,-0.161460666,-0.421137278,0.895557272,-1.342086107,-1.391105918,-1.280493942,-1.211333159,-0.04447449,-0.177095238,-0.115635344,1.253362789,-0.872991808,-0.782634347,1.270153726,-1.551640814,-1.303056763,0.047551302,-0.785920581,-0.561943495,-0.874908894,-0.976040736,-0.282230294,-1.260543156,0.56696018,-1.449447176,0.83338727,-0.41581852,-0.10491617,-2.503478035,-0.379066634,-0.006621876,-0.470643834,-1.79275997,-1.36335939,-0.107585211,-0.386986887,0.138979027,-0.670603216,-1.116878098,-0.398837122,0.440574819,-0.358247609,0.707444485,-0.034177452,-0.258900271,0.429507103,-1.04611472,1.281072725,-2.006934851,0.802225776,-1.102319151,0.687531442,-1.203639527,-1.508688009,-1.603952982,0.158455686,0.481746906,-0.446755963,-0.121038328,-1.197659442,-0.844667988,0.483598302,0.08222494,-0.441455046,-1.243753674,-0.794294363,-2.079441542,1.226741616,-1.108056748,-1.512311202,-1.640412717,0.668700788,-0.778705069,-0.168181993,-1.118406916,-0.073108472,1.092560681,-1.961125315,-0.625862434,-1.514582381,0.465430689,-2.205458382,0.677627369,-1.047824122,-0.635255702,-1.689022392,-0.672952473,1.556269176,0.479706405,0.72991296,-1.339792528,0.310274921,1.263448531,0.816470397,-1.77254525,-2.1086644,-0.344322973,0.674830449,-2.366590423,0.420879034,-0.905598102,-0.338554403,-1.179280192,0.68928975,-0.88213088,-1.242367192,-1.893127964,-1.629130546,-0.457916968,0.429767401,-0.910805802,0.21179945,0.421469682,0.57638862,-0.916290732,0.84479473,-0.964168812,-1.516858731,0.139240067,-1.544118446,-1.777265023,1.253448448,-1.273322883,-0.837017551,1.342028945,1.52755518,1.304161972,-0.190434377,-1.664422221,1.11409186,-0.935983365,0.575376645,0.297879897,-0.378190466,-0.342772039,-0.717234976,0.216803496,1.074729348,0.212527399,-1.051251717,-0.710293339,-0.2338254,1.094704664,0.258510695,0.56184188,-0.555648667,-0.190797375,-2.086667587,1.121644988,-1.258781041,1.371155342,-0.501370465,-1.271538124,-0.917791858,-1.354408172,0.841351645,-0.04782563,0.761693286,-1.023041102,-0.31320503,-0.283026261,-0.939815277,-0.898205264,-0.18248157,0.065225785,0.062035391,-0.830801346,0.498651823,-0.549393217,0.009356095,-1.208315554,-0.588967362,-1.21773372,-0.507331735,-0.752472647,-1.232715273,0.673964361,-0.546798284,-0.258641204,-1.088562953,-0.837248525,-0.663200104,-0.94160854,-0.522055106,-0.287282152,-1.517314624,-0.036456537,-0.636766847,0.050788167,-0.302728031,-1.897119985,-0.218529214,0.525733941,-1.465770563,-2.125276078,-1.030299649,-0.14792013,0.405465108,-0.956331781,-1.274037679,-0.064538521,0.54950773,-0.758646163,-1.444771291,-0.922057327,-1.477532842,-0.914542261,-1.846426871,-1.006489,0.10282731,-0.119346758,-1.329536027,-1.713687934,-0.343335737,0.753865916,0.381513887,-0.191039447,-0.084904507,0.433922981,-0.33785319,0.061753396,-0.510658971,-1.255968099,-0.953214086,-0.456179623,0.846597615,-0.474011651,0.305865743,-0.329059777,-0.161813296,0.347482826,-1.758518135,-0.901894852,0.177811401,-1.371997056,-0.534435489,-1.536652243,-1.54975491,-1.717580071,-1.501480771,0.533271813,-0.931912113,-0.204444474,0.47492898,0.596195655,-1.169571378,-0.116646182,-1.488105627,0.088377111,-1.01252634,-0.308293026,-0.610461814,-0.574120474,0.516588984,0.077053629,1.048721519,0.17487725,1.187172466,-0.787238104,-0.252958636,-0.585190039,-0.4405225,-1.596028226,1.45353236,0.466372043,0.75475955,-1.507784259,1.409058286,-0.282760868,0.161608515,1.007921423,0.009554213,-0.549046837,0.514917242,-0.023575737,-0.049925809,0.449928465,0.39877612,-0.009646377,-0.75395932,0.331818568,-0.464419251,-0.415061002,0.292818857,-0.475136781,0.345785873,-0.224394333,-0.971010944,-0.186209104,-2.032557956,0.244278624,-0.099378444,-0.04782563,-1.668657272,-0.303134177,-0.668454568,1.248123652,0.172018664,0.489070692,0.153407547,-1.428784413,-0.388755495,0.440960944,-0.443946095,1.609357909,0.606499374,-1.515037237,-1.333701911,0.109123427,-1.481044698,0.178564508,-0.255666743,-0.85660773,-0.095410185,-0.152335661,1.404625318,-1.624044065,0.005783245,1.415440457,-1.796370082,-0.762497259,-1.040437725,-0.632804952,0.761226301,-2.288682188,0.017250353,-2.253794929,0.769876713,-1.349769586,-0.645500527,-1.500135178,-0.413094135,-0.649704623,1.508135817,0.736015081,1.455680489,1.534110736,0.712900787,-1.000215967,0.152120048,0.412109651,-0.457284857,0.573800423,-0.73417753,0.329447622,-0.915790857,1.081635665,-0.560015868,-1.239599982,1.376446025,0.046024438,-1.322005871,-2.18036746,-0.169128963,-1.682546384,-2.583622623,-2.281802554,0.264131932,0.869953557,-1.255266099,-3.543913684,-1.968974089,-0.58411342,-1.083822203,-0.834250022,-0.506169812,-0.036871475,-0.062301026,-0.789217649,-0.402718882,-1.066532395,-1.447744323,-0.720518377,-0.041864204,-1.11108981,-0.991014278,0.857728981,-0.816219178,-0.510992304,0.417064244,-1.415105443,-0.667674385,-2.283763339,1.181389715,-0.75608698,-1.346689107,-1.420471813,-1.540845121,1.144732224,0.31903538,0.213093216,0.044399587,-0.533753128,-1.969690678,-0.796509694,-1.460586966,-0.766578459,-1.242020872,0.646789057,0.331962081,0.124074315,-0.633181599,-1.41551722,-1.740116236,0.027615167,0.191694163,-0.505340694,-0.741287556,0.011038847,1.06360668,0.067938983,-0.840719545,0.522892525,-2.25094186,0.652741766,-0.312931507,-2.200931439,0.315832116,-0.8663108,-0.539225098,0.369561554,-1.311929279,0.228887026,-1.81954185,0.103639035,0.208557693,0.378641894,-1.731605546,-1.595042032,0.603222473,-1.744685062,-0.711107506,-1.155817762,0.074550731,-1.139746832,0.471814489,-1.235119533,-0.132046781,-0.276017041,0.409257906,-0.847231196,-1.072652187,-0.234963128,-1.415105443,0.581209527,-0.815766894,0.508142026,0.0009995,-0.710293339,-0.032316602,-0.069993372,0.044590883,0.247484883,-0.075370307,1.040100018,-0.576253429,-0.512159847,0.151862349,-1.413460029,-0.935728426,1.228031069,-0.533753128,-1.697176827,-0.606235809,0.711429044,0.438319445,0.51617131,0.907492138,-0.518018094,0.00796817,-2.174191878,-1.07382212,-0.988861425,-0.07709705,-1.019708691,-1.529702944,-1.430037284,-0.389640973,0.223783347,-0.376149054,0.103639035,0.404531339,-2.573082341,-0.789437841,-0.035109177,-2.657832485,-1.140059479,-0.849099482,-1.645583359,-2.025711219,-1.820158944,-2.137070655,-1.651823629,-1.682546384,-1.855338451,-2.552329326,-0.269842154,1.012691226,-0.018265809,-0.404215889,-0.75162411,-1.179605448,-1.043272194,-0.558266698,-1.96254779,-1.381107834,-2.750435918,-0.073000893,-1.857258452,0.15905293,-1.666008264,0.220018674,-1.333322476,0.652116831,1.086404746,0.939460234,0.342099233,-0.152918106,-2.163693094,0.870498071,-0.664948526,-1.022206958,0.775602361,0.397768902,-1.683622811,0.440574819,-0.118896155,-1.221118963,-0.657780037,-0.639037855,1.41873735,0.747635366,0.139501039,-0.473048259,0.86318527,0.378915773,-0.132617525,-0.840024376,0.244121958,-1.429619486,-1.283737773,-1.109268869,-0.72815279,0.588397589,-1.122085645,-1.270825111,-0.217907285,1.447177773,0.697587309,0.115914625,-1.304530059,0.691646054,-0.825308084,-0.007830579,-1.899790213,1.102438294,1.14581389,1.21509077,-0.673540651,-0.643024571,-1.446469084,-0.23041996,-2.098828256,-0.708666992,-1.294627173,-0.449103565,-0.628296208,-0.2424538,-2.332013904,-0.890622985,-1.791559489,-0.630923837,-0.752472647,-1.59405681,-1.336742582,-0.78526247,-0.255279421,-0.840024376,-1.717023123,-0.544382407,-0.868930161,-1.534794369,-0.015926151,-0.528480559,-0.938536341,-1.963259787,-0.798063351,-2.111964733,-1.212341054,-1.645583359,-0.482562159,0.221782626,-0.796953349,-1.686859059,-2.733368009,0.522833243,0.756732122,-0.389640973,-0.029634805,-0.739191119,0.123190611,-1.077340153,-0.486133011,-1.224515706,0.245609296,-1.756199294,0.305202686,0.09376353,-0.599656838,0.297137231,-1.917322692,0.719058562,0.130062884,-1.048965349,-0.47320876,0.441475546,-0.470483745,1.022558836,-1.1858055,-0.831260483,-0.242836185,0.450502207,-1.22587764,-0.629046255,-1.796973036,-0.359966068,0.617507266,0.616266136,-0.791201121,0.005882663,-0.866786537,-0.793188535,-0.574475651,1.128429957,0.126015721,0.256810409,-0.518185978,1.134751335,0.289380629,1.424697432,-1.0761661,-1.903808973,0.227135573,-1.64713978,-0.72649716,-0.633935321,0.324327357,-0.526447005,-0.292225713,-0.352540645,-0.006319929,-0.602575482,0.290652656,-1.504177402,0.445262578,0.67965659,-0.40107476,-0.238003414,-0.456337439,0.612533477,0.285780265,1.304026262,-1.162511015,-0.463465052,0.606390317,-0.346866066,-1.710917081,0.227932068,-0.007830579,1.218555952,-0.310609577,-1.693363147,0.790409998,-1.036201029,-1.829461336,-0.782634347,-0.300294611,-0.469843642,0.730635625,0.103548876,-1.392714929,0.472874504,-0.606969484,-1.457575563,0.608242674,-0.319241541,-0.232562773,0.118493894,-0.084142768,0.248109297,-0.857550237,-0.589688472,-0.371933625,0.337685786,0.505973873,0.761739972,-0.0329365,0.115647424,-0.807884858,-2.142168372,-1.696085719,-0.523573197,-0.628108784,1.117859206,-2.058854908,1.3495007,1.503299316,0.372115128,-1.061316504,-0.627921396,0.447502364,0.115736499,-1.397962166,-1.144760945,-1.778448455,-1.7837913,-0.222393832,0.483783253,-0.345169952,-0.18548656,0.681479376,-0.040717833,-0.655658736,-0.802962047,1.009307374,0.406131553,-1.027781108,-2.052604888,0.377339944,-0.621943422,-0.457758903,-0.708870141,-0.050977555,-1.520054351,-1.759679576,-1.226218413,0.72017852,0.053635549,0.603003631,-0.210967975,0.610743354,-1.825729989,-1.031140574,-0.190676361,0.912884939,-0.787897517,-0.10402807,-0.483859176,-0.042281392,0.233173087,0.320995952,-0.113056722,0.377682727,-0.674325426,-0.461559383,-2.137918471,0.48131442,-0.448790233,0.254176994,-0.894284652,-1.027222293,-0.254247296,-0.981629573,-1.061316504,0.273608503,-0.476585241,0.408992214,-1.405681075,-0.784823969,0.475550716,-0.057523186,-0.559490796,1.299564763,0.179484202,0.217688701,-0.648938926,0.06719125,-0.472406514,1.023134148,-1.21874809,-0.459182391,-0.560891601,0.232539273,0.330094801,-2.446455463,0.780379367,1.347969247,1.388791241,-0.208378099,0.280430846,-1.24897017,1.405606672,0.499076877,-0.828050943,0.430742915,-0.524586539,-0.553559166,-1.336361992,0.99132399,-1.526936691,-0.229916436,-1.297917251,-1.014454981,-1.044124103,-0.787677664,0.108316144,-0.496594042,-1.101416216,0.158284979,0.970172673,0.01597177,-0.938791997,-0.418094525,-0.085013374,0.267198714,0.45062966,-0.250257844,-0.181641788,-0.058264908,0.635623994,-1.033105487,0.706359512,-1.009503114,-1.331806176,-0.135132674,-1.907843948,0.773712828,-0.135247149,-0.029634805,-1.263722809,-1.1248536,-1.249667764,-1.256670593,-1.220779923,-0.350408902,-0.137080541,-0.491513313,0.394471567,-0.758005753,1.375031169,-0.337012383,0.513960704,-1.08915713,0.464865451,-0.663006024,-0.221270307,-0.965218406,-0.191644884,0.372804166,-0.895998029,-1.565421027,-1.752154215,-0.346441768,-1.497896538,-0.278259934,-0.91904452,-0.639227339,-0.63506697,-1.255617038,0.237440856,1.506075399,-0.281832548,-0.292359662,-0.819164021,-1.076752954,0.080011938,0.572673027,0.972103797,0.623153809,1.041018486,1.093432229,-0.809905741,-0.243601393,-0.805868051,0.194497133,0.017348638,-1.760260802,0.392920081,0.497436387,-0.41113113,-1.900458886,-0.808109199,-0.566338334,0.275204551,-0.311155429,0.172018664,0.402193094,-1.283376827,-0.472246142,0.008166563,-1.674509909,0.318599175,0.325266833,-1.122085645,-1.194682757,1.197280461,-0.182361558,-0.420375721,-1.629130546,-1.284460055,-0.019182819,-0.318003832,-1.055552799,-1.545055654,1.361668621,-0.949330586,-1.100514096,-0.600932697,1.163307048,0.584057498,-0.172569265,-0.122732765,-0.989399204,0.473435235,-0.651046005,-1.048394573,-0.482562159,0.363739928,0.695244979,0.491275765,0.846812028,-1.136002678,-0.070529766,0.687481159,-0.752048289,0.659021466,0.013705647,-1.355959161,-0.750140902,-1.206977313,-0.332679438,-0.379943571,-2.090704734,-1.053256587,0.773251425,-1.472724089,0.977235303,-0.915541013,-0.058264908,0.408593543,-0.522223669,-0.54283242,-1.001304106,0.151518648,-0.514331763,1.378589757,0.714468262,0.159735058,-0.259288998,0.752877285,-0.142947009,-0.432630776,-1.474470052,-0.333516609,0.441475546,-1.6321949,-0.192978137,0.45152138,-0.627734042,-1.608938037,-1.787966671,0.778223353,0.239016901,0.355083679,0.577736329,-2.185691342,-0.933945667,-0.190676361,-1.355183366,0.049075838,-1.546463113,-0.422509543,0.875135349,-0.17578298,-0.6314878,-0.535459905,0.514797725,0.093854576,0.947518044,0.637475896,0.797642322,0.208963488,-1.593564563,-1.511404172,-0.412036654,-0.852142912,-0.93828075,-0.397199364,0.183404304,-0.438039954,-0.564753966,0.262748806,0.737738064,-1.314531995,-0.633935321,-1.355183366,-1.16315081,0.40978908,0.389064687,-1.418404415,-1.415105443,-1.546463113,0.637211548,0.622241767,-1.651302117,-1.106846094,0.29050309,-1.443076375,0.498105059,-0.757579041,-1.204973305,-1.227241431,0.516350334,0.366239062,1.159989568,0.003394233,-0.327393573,1.132723818,-0.464101084,-0.680033541,-1.488991759,-1.592580795,-1.738408294,-1.166998202,1.254161989,-1.463607464,-1.267267655,-1.085005285,-0.150357882,-0.995604539,0.079734968,-1.141937413,-0.494624244,-1.660731207,-0.364275181,-1.026384655,-0.560716393,-0.3013754,0.478281771,-0.320343015,-0.404365713,-0.972332123,-0.192129498,-0.247308178,-1.319009614,-1.47490702,-1.075286463,-1.106846094,-0.739400565,-0.99912901,-1.67932404,-1.146333025,-0.418246443,0.733761153,-0.555300114,0.987829693,-0.783509621,-0.841879234,0.328079977,-1.291711719,-0.32406947,-1.387094681,-1.0761661,-0.674129175,-1.27833722,0.220580269,0.47318606,-0.050451544,-0.221395081,-1.547872557,-0.310064023,-0.425871918,1.297107893,-1.374761125,-0.442077227,1.195920471,0.500654068,-0.019080888,-1.14696255,0.185898485,-1.414693836,-1.252463014,-0.760783829,-1.372391456,0.578465581,-0.284088537,-1.042704657,-0.142716302,-0.435718151,-0.856372242,-0.434327653,-0.809007067,1.371992576,-1.311186889,-1.08146023,-0.821890057,-0.003506139,-1.145075163,-1.427950036,0.157772684,-1.467504417,-0.961288098,-1.149169012,-1.639381789,-0.760997848,0.060624622,-0.914542261,-1.148538097,-0.152918106,-0.992631965,-1.354408172,-0.43186042,-0.25489225,-0.416121688,-1.16219127,-0.749082813,-1.268689119,0.411712221,-1.020263322,-0.231175723,-0.040509543,-1.568775931,0.016857117,-0.706840508,-1.703199292,-0.734594371,0.215514524,-0.530178352,-1.069150579,-0.058052931,-0.510992304,-1.040154719,-0.211338506,-0.401522889,0.138021298,0.477227474,-0.641314032,0.906563576,-1.312300681,-1.355571189,-0.075046874,-0.749505914,-1.417991448,-0.545589616,1.211881448,-1.493434237,-0.785043195,-0.786579125,1.464019,0.338470239,-0.192129498,-0.923063616,-0.338694705,0.38267402,-0.806539868,-0.595657559,0.145916875,0.351360849,-1.313043899,-0.489716661,-0.95191791,-0.467127769,-1.086189769,-0.372659156,-0.447694342,-1.150432037,-0.194799078,1.483738626,-0.828050943,0.138369669,-0.712941808,-0.80430223,-0.035627178,-0.912547746,-0.648556297,0.589451944,-0.139032209,0.240826286,-0.359249684,-1.539445541,-0.276676193,-1.135380013,-1.658103084,-0.510159179,-1.057854296,-0.568631306,-0.553907114,-0.810580278,-0.242581245,-0.164756726,0.266203041,-0.964693471,-0.159934038,-0.733969175,0.202287569,-0.739400565,0.117516333,-0.189587893,-0.488575015,-0.090471903,-0.918543267,-0.781322872,-1.431291727,0.071483102,0.36707072,-1.481924592,-0.538368127,0.450055991,-1.714243027,-1.395536943,-0.293700145,-1.407722309,-0.363268059,-0.432322562,-0.956331781,-0.733136189,0.545458908,-0.302592685,-0.410980289,-0.099488899,0.000499875,-0.569161201,-1.226559303,-0.141333176,-0.22614806,-1.272965676,-0.456811036,-1.552112846,-0.279713903,-0.967847219,0.335972112,-0.339536928,-1.187771425,-0.982430534,-0.599292605,-0.79895224,0.382537604,-1.681471115,-0.618410834,-0.320894207,-1.21773372,-0.111825815,0.761739972,0.439222205,-1.028340236,-1.215370849,-0.807212137,-0.102586589,-0.766793721,-1.200977295,-0.977368581,-0.06400533,-0.755235373,-0.075262485,-1.256319285,-0.616371342,-0.548354436,-0.638469619,0.050978245,-0.022756987,-0.980296062,-0.187052731,-0.036560255,0.363670419,0.009058845,-0.200281882,-0.473690417,-0.825993094,0.730587464,-0.613412213,-1.215708061,0.645531327,-1.279774518,-0.321859524,-0.375129908,-0.95191791,-1.312300681,-0.873710284,0.914569251,1.260390944,-0.914542261,0.107867371,-0.481266822,-0.828737835,0.088468648,-0.541628533,-0.337432698,-0.142370341,-1.220440997,-0.41143288,-1.132582808,-0.842575694,-0.145951056,-0.136621878,-0.908818717,-0.723400224,-1.050965635,-1.001304106,-0.879235824,-0.819390907,-1.119631656,-1.095118399,-1.211669011,-0.011465478,-0.563347743,-0.557567886,-0.151288114,-1.143818882,-0.533923675,-1.171182982,-0.766793721,-0.476585241,0.832039179,-0.646072773,0.567980704,0.700371026,-0.108030744,-0.854960477,-0.616927155,0.476668867,-0.292225713,0.358583122,0.669980903,-0.853081219,-0.906340401,-0.265790126,-1.600973834,-0.093981064,-0.522223669,-1.871452238,0.291175962,-1.455001559,-0.137195239,-0.057099592,-0.491840324,0.571487892,0.504646573,-0.16511052,1.054660401,-1.450299691,-0.706637771,0.632706917,1.254133458,-2.069887329,-1.742969305,0.872589597,-1.966827397,-1.206977313,-1.642477767,-1.588655373,1.093733741,-2.063568193,-1.433385969,-2.284745175,-1.575036486,-1.358290165,-0.992901834,-0.854490331,-0.583217121,-1.527857925,-0.600932697,-0.082838278,-0.804078741,0.658038003,0.105620482,-2.458069996,-0.220148042,1.329962077,1.043592762,1.431721735,-0.392302122,-0.043638457,-0.652965391,0.029655885,-1.54928399,-1.055840197,-0.087302328,-1.027501661,1.033540292,-1.213686497,-0.019284761,-1.342086107,-0.227402608,-0.540426094,0.080196542,0.236572972,-1.245837008,0.35143122,-0.238384101,-1.195013063,-0.763998922,-0.579461416,-0.806763907,-1.123007446,-0.683592968,1.277706421,-0.754809841,0.814789427,0.350445582,0.93683818,-1.381904013,-0.621384814,-0.06817178,-0.46140074,-0.396901877,-0.343053848,0.024302293,0.911519367,-0.937514368,1.523226216,1.488151246,1.051450798,-0.742337425,1.465452062,-1.518227032,1.15483508,-0.722575991,0.348259634,-1.406497068,-1.148853505,1.428371568,-0.491676805,-0.876829663,0.078164021,-1.718694898,1.317935217,-1.456716825,0.85420254,-0.163931692,-1.101115419,-0.34658318,-0.411734721,-0.854020406,-1.454145028,-0.314573768,-0.983766897,-0.412338677,-0.290753451,0.184153212,0.257660913,-1.106846094,-0.820071874,-0.3074767,0.904177664,-0.032729825,-0.114737678,-0.273384768,-0.533582611,1.040947865,0.630260628,-0.725670372,-0.508162506,-0.672756491,-0.643785751,-0.286749174,0.109571636,-0.448790233,-0.750352654,-0.6314878,-0.423883694,-0.186570571,0.69194646,-0.897714346,-0.311155429,-0.253473901,-0.941864983,-0.29732845,0.308513582,-0.897468978,0.14660802,-1.005395207,0.151260794,-0.927098931,-1.022484928,-1.092133323,0.24678195,-0.505174952,0.275204551,-0.939559359,-0.748025842,-0.086429728,-0.150357882,-0.027679569,0.178982656,-0.906340401,0.262056525,-0.556695057,0.195731244,-0.123185101,-1.715910157,-1.598003535,-1.749274858,-1.045830103,-0.421746941,-0.917291232,-1.193032864,-0.937259038,-1.263722809,-1.835084594,-0.304760414,-1.038740892,-0.255408512,-0.202973345,-1.741827101,-0.556520583,-1.076459484,-0.573765424,-1.281213885,-0.091128933,-0.158995732,1.258915432,-0.841647189,-0.450514777,-0.58554917,-0.322273517,-1.208985346,-0.010858743,-0.787238104,-1.457146102,-0.984569573,-1.766676689,0.414953286,-0.991014278,-1.158680815,-0.291154762,-0.523742016,-1.306744082,-0.46968368,-0.805196684,-0.701582659,-1.484127722,1.404968901,-1.112914073,-0.450044152,0.981441566,-1.68848112,-1.158999439,-1.624044065,-1.001576326,-0.735011385,-1.764922815,-0.506999619,-0.670994376,0.470066127,-0.594932133,-0.179605249,-0.348281695,0.296096571,-1.979053368,-0.116983356,-1.485010334,-1.215708061,-1.568775931,-0.078502228,0.169742775,-0.268794897,-1.627092848,-1.46015621,-0.911800827,-1.87993516,0.361373887,-1.722046857,0.502289293,-1.255266099,-2.259525604,0.811641075,0.192436891,-0.406165353,-0.421289659,1.415950246,-0.603489309,-1.285544458,-1.48943512,-0.584831037,-0.321445703,-0.580711751,1.503366033,-2.200028505,0.754618503,-0.32075638,-0.452871231,0.742127803,-1.144446825,-0.663782572,-0.954252238,-0.044579043,0.136801042,-1.28518286,0.140457353,-0.470163642,0.476109948,0.343164082,-0.268533254,-1.059583902,-0.569337895,-0.018571386,-0.800509699,-1.993630885,0.152205933,-0.990744918,-1.665479303,-1.0820502,-1.147277461,-0.254376254,0.234281296,-0.557044098,0.400854496,1.280656029,0.281865187,1.123792587,0.352064331,-1.417991448,-0.424495034,-1.173766962,-1.221458119,0.545111102,-0.034280934,0.182571526,-0.382579004,-1.670250052,-1.919365594,1.421685636,-0.275226631,-0.76378426,-0.902387827,-1.335601247,0.034787826,0.040085724,-0.571283593,1.28234951,-1.852784171,0.448269137,0.106699619,-1.32275634,-0.333795821,0.062223343,-1.150432037,-1.630150954,-0.062194604,-0.004912044,-1.758518135,-1.651823629,0.044112575,-0.020304753,-0.255279421,-1.093624747,-0.592578126,0.110825555,-1.090346544,-0.496101228,0.394067063,-1.301953213,0.24982443,-0.001200721,0.209044627,0.131115978,-1.085005285,-0.811480368,0.716326454,-0.073108472,0.379258016,-1.007857925,0.026349775,-0.823255866,-1.137561039,-0.343758719,0.403997365,-0.552689828,0.617884696,0.338327657,-1.000487891,-0.139721943,-0.638848407,-0.989937272,0.803972736,-0.747603366,-1.015006705,-1.371997056,1.099511884,-1.427950036,1.22709345,-0.078610401,-0.969955257,-0.195042121,0.400787519,-1.608938037,0.271628907,-1.75157768,-1.317514846,0.625831473,0.155378497,0.44603107,1.455843744,0.314664744,-0.054033889,0.401590947,0.351642301,-1.357901287,-0.811705517,-0.892818376,0.217044993,-1.498791392,1.445341268,-0.46235297,0.780654268,-2.184802057,-0.239018901,0.808215423,0.128569101,0.039220713,-0.425412746,-1.018046641,-0.735219957,-1.556371192,-1.291347884,0.551065049,-1.087079053,0.330166684,-1.577454867,0.444301132,-1.971843531,-2.451085101,1.292038625,-0.84629836,-0.054245015,0.136801042,-0.726703964,-1.043840053,-1.296819355,-0.020713042,-0.00080032,-1.982677873,0.915210148,-0.728567126,-0.742337425,0.800385931,0.439093289,0.02391182,-1.694451287,0.241769015,0.24912314,-0.50071029,1.040912552,-1.910543005,-0.536314387,0.782119134,-0.222268934,-0.171500318,-1.264784944,-0.526108481,1.352737578,0.289305754,-0.575186383,-1.057566319,0.786865184,-1.490322432,-0.704410373,-0.930643238,-0.038013442,-1.495662898,1.364355454,0.07723878,-0.56528181,-0.917041013,-0.676290064,-1.554476354,-1.810330855,-0.013794711,0.837550509,-0.025215249,1.040453375,-0.8663108,0.810174375,0.250758718,-0.912547746,-1.402017322,0.097489621,0.087552897,-0.826221535,-0.36686959,0.371563556,0.571995979,-0.351545266,-0.570929548,-1.069441911,0.525793051,-1.013077001,-1.348998576,0.246313053,-0.96233467,-1.0820502,0.119115481,-0.359106469,-1.11932533,-0.783947545,-1.505979204,0.324038109,-1.567816238,-1.856618042,0.085902429,-0.638848407,-1.199648833,-0.211709174,-1.402017322,-0.797175251,-0.548700576,-0.886246611,-0.591312875,-2.185691342,-0.463942038,-0.41581852,-1.598992655,-0.985105048,-0.514164525,-1.076752954,0.564347433,-1.108662625,0.262595007,-1.341320996,-0.701986129,-0.775659602,-1.198985263,-1.279055611,-1.169893491,-0.915041513,-0.462670582,-0.90017135,-0.050767117,0.12751332,-0.91130319,-0.199304962,-0.742337425,-0.707246105,-0.295983098,-0.113168698,-0.915541013,-1.497002483,0.706014046,-1.743540897,-1.06479074,-1.088562953,1.437557655,0.497010635,-1.168605661,-1.282655326,-1.653912403,-0.936493439,-1.284460055,0.076590602,-0.751836177,-0.978166136,-1.424203934,-1.2772606,-1.81954185,-0.887217484,0.762579955,-0.34757363,-0.550433078,-1.409767717,0.130062884,-0.661648514,-0.466170983,-0.79895224,-0.654888468,-1.362187286,-1.302320927,-1.222136775,-0.778051688,0.2378351,-1.698269126,-1.290257173,-1.175061461,-0.044160896,-1.534794369,-0.636388847,-0.421899415,-0.458233174,-1.288441961,0.356974899,-1.597015392,-0.714983875,0.313569093,-0.436027414,-0.27641248,-0.781541331,-0.923063616,-0.050977555,-0.778051688,0.951773699,-1.031421039,-1.766676689,-1.664950622,-0.051925073,-0.50071029,0.477723752,-1.506881324,-1.599982754,-1.123314901,-0.639416858,-0.398241263,-0.729811165,-0.771108722,-1.568775931,-1.812166279,-1.310445049,-0.479004011,-0.298675614,-0.743598724,0.542731185,-1.156135475,-1.166355941,-0.586267819,-0.015316704,-1.380709983,-0.56651453,0.102737078,-0.519698202,-1.052110455,-0.070315174,-0.386103755,-0.303405033,-1.799993274,-1.161871628,-1.173443599,-0.60477007,0.481252621,-1.644029357,-1.375552265,-1.2772606,-0.215547475,1.146386064,-0.804525769,-0.527632742,0.782256356,1.228645905,0.626045377,0.247406803,-0.338835026,-0.432939085,-1.666537505,-1.596028226,-0.709479835,1.434846402,1.20764605,0.509704996,-0.323931205,-0.996145957,-0.215671537,-0.276939976,-0.844667988,-0.498732376,-1.4867779,0.045164552,-1.479726306,-0.615075645,-0.247820539,-1.446044366,-0.519361955,-2.025711219,-0.258641204,0.497253944,0.173196719,-0.840951375,0.390283786,-1.270468796,0.554402221,0.09567375,-0.059007181,-0.401971219,0.106429944,-0.098715973,-1.252463014,-0.725463782,-1.291711719,-0.347715203,0.04964694,-1.093326284,0.242632404,-0.691548459,-0.419006379,-1.006762635,-1.050393716,-0.62942149,-0.382139283,-1.333701911,-0.117320643,-0.188379871,0.297582897,-0.838404193,-0.199182914,-0.004409709,-0.93140437,0.033434776,-1.211333159,-0.881647788,-0.379212737,-2.222850125,-1.393117587,-1.291711719,-1.123007446,-1.104127469,-0.698360748,-1.538513574,-0.914043259,-1.374761125,-0.178170186,-1.188755839,0.32894397,-0.339536928,-1.226900309,0.711576316,-1.755620423,-0.513161684,0.477909793,-0.035627178,-0.636010989,0.987270961,0.149712273,-0.247692424,-1.239254619,0.157858085,-1.822012512,0.841049811,-0.16134315,-1.802416049,-1.670250052,0.432301762,-0.287815415,-1.67932404,0.386689953,-0.179724931,-1.713133149,-1.348613294,-0.459182391,0.766629957,-0.041134543,-0.390970662,-0.174829691,-0.497744884,-0.497251504,-2.338212271,-1.364532869,-1.963259787,-0.673344553,0.501017683,-1.04072081,-0.575719764,-0.529838563,-0.879958803,-0.870600606,-1.14538948,0.844407974,-1.474033275,-1.269044801,-0.177334015,0.266432899,-0.615445673,-1.330670457,0.636735547,-0.769164667,-0.267748735,-0.456179623,-0.380236054,-1.071191693,-0.882372514,0.297582897,-0.26487742,0.648411287,-0.756513056,-0.092663685,-1.976163192,0.087919298,0.777626187,-1.701005106,-0.435408985,-0.680428408,0.248967231,-0.469843642,0.019410394,-0.412338677,-0.296386513,-0.295176754,-0.876829663,-0.942121492,-1.460586966,-1.364532869,-0.989668202,0.51204488,-0.811705517,-1.146647738,-1.427116356,-0.021734492,-1.108056748,0.248577353,0.233489843,-0.026343975,-1.508688009,-0.40661577,-2.499817263,-1.734434403,-2.249044326,-0.880682304,0.396895157,-1.299016353,"RMS"
"36",0.239410524,-0.764213629,-0.067850667,-2.688247574,-0.933945667,1.182616371,1.570884177,0.422977533,0.454509208,0.470378559,1.823274286,-0.365139237,1.593999349,1.20480246,0.85526603,-0.18825915,-0.600932697,0.316561032,-0.518018094,-0.048770164,0.82307835,1.848187061,0.093217082,1.351909934,1.186501058,1.566426022,1.278040776,0.477289523,-0.565809932,0.479520698,-0.241052972,-0.298406036,0.764769924,0.611394679,1.399383326,0.510905621,-0.846997905,-0.666310527,-1.250365844,-1.250365844,-1.454573202,1.21146467,-1.038740892,-0.319516796,-0.625675465,-0.0927734,1.624050625,0.224342832,1.099911444,-0.882614206,1.686584122,-0.861329174,0.856413331,-0.618039708,1.067362391,0.587619984,1.181849887,-1.850872734,1.078817661,1.642311603,1.763788572,1.807632818,0.215998083,1.224804314,0.386350244,-0.839561199,-0.915041513,0.199424465,-1.025547718,-1.872752628,-0.032419891,-0.760783829,-1.537582475,-1.509140191,-0.311838162,-0.208254939,1.328903567,-1.013352445,-1.563508981,-0.386986887,-0.872034641,-1.245142081,1.635242102,0.605189902,0.331746804,-2.223773913,0.039989648,-1.21874809,-2.521985658,-1.052683357,-2.051826375,0.579530454,-0.908322562,1.258915432,-0.683791086,-0.717234976,-0.608806032,-1.168283962,-0.235216133,-1.24098263,-0.251543026,-0.336452237,-1.299382989,-1.285544458,-1.442653095,-0.770460284,-0.559490796,-0.880923588,-1.312300681,-1.680933914,-0.597473431,-0.971539206,-1.569736546,0.259591192,-1.855338451,-1.804844709,-2.973970782,0.941256478,0.521765564,-0.268010173,-0.472246142,0.282393111,-1.232715273,0.947440501,-0.345028739,-1.483245887,-0.463624022,-1.631683521,1.105389273,-1.0761661,-1.401204974,-1.871452238,0.292520349,-1.764922815,-0.530518257,0.64227485,-1.422958346,0.528567305,-0.704612659,0.012916225,0.959005334,-1.505528449,-2.205458382,1.384367506,-1.855978042,0.728852105,-1.670250052,1.669252795,-0.776746204,-2.397995278,0.798632688,-0.506335719,-0.164520932,-0.024600117,-1.263015345,0.006478966,-0.586447562,-0.57874764,0.402326856,0.24553107,0.892940218,-0.474493695,-0.614151174,-1.22587764,-1.211333159,-0.871556401,-0.801400766,-1.556371192,-0.624367665,0.000699755,-0.929122711,-0.965743616,-1.577939245,0.077886539,-1.313415716,0.669980903,-1.599487582,0.307999273,-0.007326775,1.028726161,-0.002904213,-0.535118316,0.033144599,-1.903808973,-0.328504067,-0.964168812,1.95831856,-1.518227032,-0.521718065,-1.53433044,-0.606786015,0.575545379,-2.432693778,0.420550746,-1.274037679,-0.708463885,-1.749850066,-1.286630038,-1.113218441,-1.729348209,0.151346753,1.722087796,-1.763172012,-1.16667702,-0.665726585,-0.630923837,0.6090588,-1.583770166,-1.062183932,-1.984131362,-1.084709384,-0.199060881,0.085627086,1.161054865,1.595825685,-0.816445397,-1.492544161,1.692914717,-1.535258514,-1.351699716,0.181237636,-1.000487891,-0.898696424,-1.316768299,-1.568295969,-0.369615455,-1.508688009,-0.474815186,-0.744861616,-0.054456186,-0.698964066,-0.340942212,-2.390324007,-0.778487228,-0.06443186,-1.317888329,-1.836966062,-1.237184939,0.322083499,-0.06325934,-0.157004749,-0.907083251,-1.335601247,-1.053543325,0.707789457,-0.598746505,0.485384731,-0.555474375,0.615239692,1.095440598,-0.872991808,0.266203041,-2.095570924,0.004091618,-0.40917197,0.049932369,-1.684161459,0.190785635,-1.544118446,0.558987019,0.532802357,-0.707043286,0.086728004,-1.169571378,-1.179605448,0.256887757,0.809996447,-0.558965999,-1.15169666,-1.16315081,-1.808498793,0.668649549,-1.236151703,-1.48456893,-1.538979449,-0.618225254,-0.442699795,-0.341927087,-1.119019098,-1.420885806,-0.172450437,-1.928954708,-0.967847219,-1.681471115,0.19004168,-1.490322432,0.262364265,-1.116267224,-0.46904409,-1.406905315,-0.34418188,1.84798226,0.064569771,0.260131003,-1.339792528,0.162883863,0.95057621,1.344482293,-1.506881324,-2.121097217,0.333539369,1.505054697,-1.767847649,-0.955291469,-0.991553216,-0.456811036,-1.491654877,0.445646898,-1.051537881,-0.879717752,-1.726533684,-1.736135566,-0.484183693,0.250603064,-0.722988023,0.448269137,0.650917946,0.543660607,0.005087039,0.37761418,-1.720369473,-1.611941043,-0.860856025,-2.022683208,-1.405273328,0.567924036,-1.56589961,-1.085893516,1.406611562,1.735841462,0.93263641,0.285855405,-1.979777219,1.146195375,-0.529498889,0.730105722,0.436123629,-0.937003774,-0.662617976,-0.827593277,-0.124090385,0.769691468,0.282996111,-1.65286747,0.252935336,-0.234583742,1.01808891,0.183820433,0.402126207,0.357534574,-0.95503156,-2.103734234,1.139754232,-1.584257614,1.580565075,-0.967320903,-1.280493942,-1.098712294,-1.807888851,0.252935336,0.230317755,-0.137654165,-1.054691102,-1.107753947,-0.096731189,-0.999400639,-1.379914754,0.563721633,-0.27746775,-0.196379914,-0.604587004,0.243965267,-1.054117049,0.076868444,-0.780449509,-0.59402609,-1.836966062,-0.798285499,-0.46808547,-1.297185186,-0.737935363,-1.662311402,-0.512827626,-0.696753676,-1.198322133,-0.983766897,-0.973125669,-0.85943792,-0.111602177,-1.500135178,-0.612673796,-1.213686497,-1.039306183,-0.615260642,-2.06909525,-0.462670582,0.270713924,-1.554476354,-2.042531188,-1.196666229,-0.238511028,1.05987146,-0.150009267,-1.355183366,-0.629984606,1.193649704,-1.492544161,-1.20330636,-1.446893983,-1.47359669,-2.017406151,-1.373970611,-1.128556165,-0.797619202,-0.308293026,-1.320506621,-1.288441961,-0.538710827,0.974408685,-0.009545413,0.160331539,-0.278920567,0.143147509,-0.50385001,-0.200037563,-0.74675895,-1.417578651,-1.443499835,-0.86441011,-0.186691089,0.116626812,-0.118220631,-0.413698913,-0.389345726,-0.705827234,-1.624044065,-2.067512971,-0.401971219,-1.247924692,-1.45328923,-1.613445934,-2.15158222,-1.815847265,-1.483686707,0.296691367,-0.400477567,-0.673148494,0.453493077,-1.306744082,-1.173120341,-0.116533816,-1.440961763,-0.969691509,-1.567336736,0.841653389,-0.714370817,-1.270825111,0.951850907,-0.192978137,1.058796732,-0.550086338,1.056261348,-1.146333025,0.036910354,-0.280640258,-0.270497248,-2.115275995,1.762588092,0.47983019,1.225832139,-0.741707371,0.61106907,-0.022654691,-0.500875293,0.62732784,0.751934822,-1.562077341,0.263517446,-0.241307522,-0.819617845,0.371080681,-0.008536331,-0.201871416,-0.844202656,0.776016658,-0.677273831,-0.600932697,0.550315532,-0.714166548,0.408527082,-0.80609194,-1.023875943,-0.164403056,-1.946310229,0.27269533,-0.364275181,-0.728981634,-1.724287754,1.050297012,-0.758432647,0.580650149,-0.536998498,0.498894733,-0.236988958,-0.444569828,-1.078221599,0.585617648,-1.053830146,1.871525216,0.638057214,-1.177330873,-1.447744323,-0.800955133,-1.489878677,-1.090644119,-1.004575647,-0.807436327,-0.084033996,0.026057534,1.794721744,-1.322381035,0.020586634,0.144792745,-1.8598242,-0.953992599,-0.204076489,-1.280853849,1.490744463,-1.887169654,-0.506999619,-2.070680036,-0.024087796,-0.950364712,-0.664948526,-1.554476354,-0.270235159,-1.446469084,0.944606043,1.040841923,1.784231203,1.529290199,-1.416341283,-1.328025453,1.32824143,-0.203463481,0.066536524,0.511805144,-0.943661929,0.8382427,-0.953214086,1.248238463,0.355714483,-1.574553511,0.414689103,-0.006521217,-1.574553511,-1.751001477,-1.347843175,-1.618983325,-2.350725468,-1.608938037,-0.51852183,1.202461663,-1.107753947,-3.165335058,-2.395797475,-0.072463172,-0.889892258,-0.587526699,0.084892467,-0.201626708,1.227357245,-0.456968951,-0.198450939,-1.355571189,-0.776094101,-0.148152041,-0.361400377,-1.152329571,-1.103222901,1.04542246,-0.574475651,-0.466330384,0.193920693,-1.897786874,-0.823255866,-1.976163192,0.548468169,-1.174737679,-1.289893867,-1.048109307,-1.569256123,0.116448813,0.474306857,-0.249615872,0.366654977,-0.202973345,-2.004705196,-0.625862434,-1.141311043,-0.564929883,-0.719901918,1.283929354,0.440703544,-0.543176654,-0.775876828,-0.618596449,-1.41551722,-0.049085208,-0.635633274,-0.358247609,-0.821435201,-0.492821999,0.6326538,-0.158761292,-1.20764621,0.431522642,-2.364460497,0.285178942,-0.367447041,-1.865621318,-0.092115289,-0.688159639,-1.165714092,0.019802627,-1.608438412,-0.434482057,-1.479726306,0.255107227,-0.403018105,0.547138266,-1.948413279,-2.314657674,0.469816112,-2.203645145,-0.426790895,-1.056127677,0.862763365,-1.3108159,-0.058264908,-1.419644341,-0.222518747,0.179484202,-0.010050336,-0.648556297,-1.088265997,0.047646654,-1.693363147,0.286606494,-0.393783603,0.281110527,-0.985908799,-0.787238104,0.007074914,-0.587166857,-0.456495279,0.421732081,-0.514164525,0.406464608,-0.407366915,-1.520511703,-0.95503156,-1.434644622,-1.449447176,0.873591977,-0.626049437,-1.925519459,-0.62735944,-0.071710848,-0.063472423,-0.122506675,1.722552289,-1.001304106,0.045642358,-1.508236032,-1.330670457,-1.39513331,-0.485807861,-0.405265128,-0.888918785,-1.526936691,-0.686767574,-0.459815703,-0.689553645,0.440639183,-0.092334611,-0.096400774,-1.651302117,0.051643233,-1.784386715,-1.34822816,-0.101257832,-2.175952442,-2.397995278,-2.055725015,-1.756199294,-0.970746918,-1.709810887,-1.531088946,-2.069887329,-0.293029679,0.404397872,0.563038495,-0.122393648,-0.646263595,-1.042704657,-0.615630738,-1.569736546,-2.3892329,-1.551169004,-2.463928243,-0.804525769,-1.619993426,-0.021427947,-1.313043899,0.053066721,-0.819844834,0.627167622,0.655445313,0.577680211,-0.302457358,-0.801400766,-2.278868566,0.195895677,-0.956852344,-1.596028226,0.270790205,0.113239396,-0.650854268,-0.570398715,-0.260845419,-1.554003206,-0.516676037,-0.88140633,1.728304805,0.877217208,-0.982697664,-0.304624793,0.504525822,-0.02644665,0.340748793,0.059306106,0.44346713,-1.49923912,-1.873403458,-1.218071729,-1.328402883,0.161863715,-1.550697417,-0.979230532,-0.335892405,1.026901441,-1.004848759,-0.250514748,-2.010662026,-0.381553288,-0.466808738,-1.386694441,-1.746403768,0.718181198,0.429702333,0.654510297,-0.750352654,-0.87275243,-1.379517377,-1.39513331,-2.098828256,-1.422958346,-1.657578288,0.255262181,-1.342468882,-0.393487131,-2.001000115,-0.832869124,-1.304161532,-0.802069588,-0.646645347,-1.629130546,-1.087672349,-1.040154719,-0.942378067,-0.902881045,-1.996572064,0.195237782,-1.409767717,-1.552585101,0.343093127,-0.066353501,-1.008131936,-1.671845373,-0.542144307,-2.409057338,-1.194352561,-1.337885222,-0.540426094,-0.332121714,-1.113218441,-0.972861083,-1.336742582,0.463482412,0.554861648,0.050407903,0.387165351,-0.238384101,-1.121471583,-1.175385348,0.071576199,-1.802416049,0.562126918,-1.329914028,0.389132454,-0.308020843,-0.722781986,-0.517850239,-2.621413894,-0.181761714,-0.264486515,-0.999944117,-1.992163534,-1.053830146,-0.34658318,0.52253678,-1.036764885,-0.58554917,-0.617668719,0.365822973,-1.345536369,-1.096614286,-0.610461814,-0.258641204,0.204164585,-0.271021632,-1.115046595,-0.886004039,0.079734968,-1.226559303,-0.390822831,1.191039529,0.689139159,0.367209263,-0.413396478,1.595582366,0.421141588,1.070727085,-1.396344697,-1.857899272,-0.999400639,-2.395797475,-1.598992655,-1.705398304,-0.341223506,-1.434224895,-0.45523325,-0.130336502,1.418277407,-0.751836177,0.51246428,-1.567336736,0.382196481,0.076034686,-0.443011224,-0.075478141,-0.545417069,0.85220011,0.350868117,1.277901475,0.176387317,-0.716415808,1.558818075,0.015676479,-1.251064412,0.304022832,-0.708463885,1.265933004,-0.535459905,-1.566857465,0.623529114,-0.772190388,-1.576003136,-1.385494681,-0.422356976,-0.643976137,0.718766193,0.033531483,-1.456716825,0.99875512,-0.80609194,-1.114436839,0.74250861,0.397836081,-0.237876551,0.294310059,-0.017146159,0.347058857,-1.113218441,-1.110178925,-1.40853997,-0.14722472,-0.292359662,0.378573413,-0.464101084,0.189628132,-0.915291232,-2.132842318,0.621919671,-1.023875943,-0.29881043,-0.205180851,-1.984131362,0.492865298,1.512882958,0.859635721,-1.165714092,-1.020818261,0.984098902,0.463922678,-1.50733269,-1.012801632,-1.720928289,-1.515947569,-0.680230955,0.429832465,-0.204321797,-0.425871918,1.650195905,0.026544555,-0.804972996,-1.536652243,1.77150574,0.311300938,-1.776673832,-1.745257636,-0.760997848,-0.296655547,-1.323883101,0.237756264,0.092032085,-1.317141502,-1.124545671,-1.526476392,0.029655885,-1.10021357,0.648097512,-0.788777412,0.845052484,-1.717580071,-1.516858731,0.337971113,-0.098826354,-0.173282532,0.484214672,1.290306452,-0.679244275,-0.316904931,0.328224028,-0.622875128,-0.019182819,-0.369470748,-0.599110539,-1.66020503,-0.365139237,-0.725670372,-0.53034829,-0.269318388,-1.911895271,-0.407667532,-0.66533748,-1.187115687,-0.182001608,-1.240291067,1.637694897,-0.991822795,-1.110482461,0.577287295,-0.410075721,-0.633181599,1.127588397,0.156063136,-0.564753966,0.211637611,-0.876829663,-0.4547604,-0.016434307,-0.652773286,-1.010601411,-0.105138318,-0.260196616,-0.490532921,-1.884532869,-1.064210862,1.277344077,1.654392157,-0.369615455,-0.085884739,-1.01252634,1.52920352,-0.676290064,-0.381114017,-1.047253996,-0.857314527,-0.563172104,-1.382700826,0.193591149,-1.451579828,-1.363750397,-1.072359918,-0.627734042,-1.59405681,-1.099612789,0.685417383,-0.302457358,-0.916790857,-0.34601765,-0.704612659,0.038354954,-0.115972176,-0.753321904,0.583388117,-0.11440126,0.630100879,0.524669356,1.048546311,0.223063548,-0.732928051,-0.886246611,-0.59384498,-1.527857925,-1.540845121,-0.767439785,-0.788997506,-0.529838563,-0.200159715,-0.894773888,-1.023319305,-0.706435075,-1.191714907,-1.232029402,-1.207311706,-0.317042228,0.086361166,-0.39660448,0.763326015,-0.995063413,1.666196246,0.095401085,-0.157238776,-0.94160854,0.620952761,-0.998043234,-0.093102618,-0.782196997,0.024107075,1.09483851,-1.09302791,0.341104349,-1.810942289,-0.159464775,-1.425035189,-1.059295426,-1.060449828,-0.079367935,-1.084709384,-1.46793835,-0.451142622,1.779197565,0.148247577,-0.563172104,-0.927098931,-0.831030888,0.226737087,1.132498285,1.049877123,-0.695550065,0.544357107,1.0982789,-0.449103565,-0.827822084,-0.451142622,0.017839918,-0.939303506,-1.788564578,-0.424342164,1.515874207,-0.971803442,-1.307483181,-0.558965999,-0.444101992,-0.165582441,-0.770676383,0.533799687,-0.054773026,-1.660731207,-0.17542539,-0.179605249,-1.476219069,-0.80833359,0.124868982,-0.857550237,-1.715910157,0.025765208,-0.626610657,-0.001501126,-1.435904862,-1.170538028,1.599044083,-1.032824548,-0.606602579,-1.998783639,1.748312505,0.469503504,-1.082935809,-0.886489241,1.221124863,0.49512298,-0.054667401,-0.197841369,-0.845832268,0.671463786,-0.633181599,-0.380967637,-0.529159331,0.340250803,0.287582068,-0.95217701,0.52614764,-1.534794369,-0.959459227,1.316729898,-1.5945493,-0.486620935,-0.858965665,-1.755620423,-1.204306193,-0.813508537,-0.205180851,-0.880441079,-2.214574216,-0.797175251,0.360955768,-1.485010334,0.306160294,-1.518683549,0.09567375,0.211637611,-0.437110586,-0.636766847,-0.659905847,0.206200831,-1.026105598,1.369021032,1.361412356,0.013804281,-0.737935363,1.414347176,-0.644928608,-0.548700576,-1.550697417,-0.436955775,0.717986124,-1.138497222,-0.539225098,0.033144599,0.561670818,-1.039871794,-1.961125315,1.088932255,0.732800492,0.97731057,0.42199441,-2.280823601,-0.741497442,-0.206286434,-1.113827455,-0.392450171,-1.08975166,-0.097612829,0.30276771,-0.734594371,-0.445506158,-0.76507292,-0.828508819,-0.857786003,-0.794073099,0.985966037,0.610851938,-0.627172192,-0.293431904,-1.073529508,-0.453028525,-0.364419139,0.242946179,-1.446469084,0.801373586,-0.737308076,-0.534947566,-0.570044983,0.70621147,-1.79275997,-1.032543689,-0.67648674,-1.758518135,0.075849312,0.361861471,-1.408131056,-2.521985658,-1.71981097,-0.56563386,-0.984034384,-1.617470084,-0.996958635,0.593105826,-1.032824548,0.894208709,-0.654503557,0.684207339,-1.181233317,1.052463633,0.676611212,1.518856534,-0.385368406,-0.118896155,0.856795472,-0.489716661,-1.149800325,-2.046393688,-1.918003196,-0.742337425,-1.438851612,1.119982314,-1.488105627,-0.813282982,-1.234088428,-0.110931561,-1.354020801,0.803614634,-0.691548459,-1.393520406,-1.837594006,-0.732095931,-1.720369473,-0.24692408,-1.442229994,-0.055407007,-0.242708707,-0.834480357,-0.862749965,-0.741497442,0.570810041,-1.625567294,-1.746977327,-0.644357016,0.019410394,-1.164111271,-1.009777575,-1.552112846,-0.798507696,-1.061316504,0.03893221,-0.285817146,0.813016926,-0.895263365,-0.067743652,0.779875184,-0.780449509,-0.983499482,-0.824167443,-1.358679194,0.014100124,-0.820980552,0.586062958,0.280128617,-0.293968457,-0.074292605,-0.893062606,-0.6267978,-1.174414002,1.546306401,-1.522343206,-0.638090975,0.458753079,-0.365859854,-0.946749939,-1.23065907,-0.678455632,-1.725410089,-1.052396865,-1.397153105,-0.724431471,0.012620031,-0.686370196,-0.497415937,-0.573942933,-0.262924421,-1.174737679,-0.686767574,-0.169247397,-1.347458337,-1.450299691,-0.715597309,-0.53580161,-1.460586966,-1.072359918,-1.145075163,0.186811462,-1.454145028,-0.812381269,-1.010326724,-1.698815724,0.214223889,-0.185968198,-0.13547614,-0.781104459,-0.05551271,-0.826678573,-0.95010608,-0.352967539,0.274748797,-0.430936774,-1.254214021,-0.740238788,-1.213349966,-0.572523738,-1.143505058,-0.396753168,-0.429399258,-1.54975491,0.714076624,-1.004302609,-1.536652243,-0.55739326,-0.553385238,-1.461017907,-0.863224011,0.03854741,-0.54818141,0.141759945,-0.03334998,0.620307634,0.191611604,0.857644152,-0.722781986,0.853180524,-1.563508981,-1.3108159,0.134618302,0.132605965,-1.420057991,-0.430936774,1.441705416,-1.510497965,-0.499226488,-1.054691102,1.368283128,-0.51852183,-0.257734996,-0.574298047,0.394943281,0.799532171,-1.06363132,-0.3588201,-0.030665414,-0.349841204,-1.150748043,-1.480605041,-1.494325105,-0.487434671,-0.777181176,0.073807927,0.34861253,-0.162636584,0.973200226,1.457521402,0.289605222,-0.346866066,-1.057566319,-1.192703212,-0.352540645,-0.532389802,-0.745072253,0.513601767,-0.226273444,0.934484222,0.268805017,-1.258781041,-0.964693471,-1.189084192,-1.435904862,-0.932674211,-0.443634374,-0.287415441,-0.720312849,-1.360626614,-0.373385215,-0.564402225,0.51156535,-1.047253996,1.32601343,-0.265138108,-0.018469516,-0.71070034,-0.602027587,-0.508993969,-0.190918404,0.11680478,-0.967584026,-0.501535577,-1.361406646,-0.598200703,-0.450514777,-1.525096764,-1.03563749,-0.129539371,-1.666008264,-1.260543156,-0.770460284,-1.54271428,-0.827135821,-0.731472295,-1.130722343,-0.047510983,0.636259318,-0.493313199,-0.693547261,-0.095630231,-0.778269434,-1.03817592,-1.876663976,-0.194191729,-0.428170946,-0.571992059,-0.250900228,-1.071191693,-0.612120342,-0.893795654,-0.086647807,-0.074400323,-1.292439786,-1.346304713,-1.330670457,-1.026105598,0.90870201,-1.60743991,-0.687960654,-0.130678324,-1.399987688,-0.25902983,0.771773501,1.326544357,-0.029016949,-1.708153885,-0.860619535,-0.546452801,-0.455390917,-1.377136423,-0.982163476,0.110556991,-0.486133011,0.09921165,-1.257373581,-0.303675962,-1.263722809,-0.60477007,0.238307988,-0.649704623,-0.24692408,-0.429860265,-0.455390917,0.605681155,-0.699165253,0.318744598,-0.218529214,-0.869884359,0.461593362,0.4152174,-1.422128814,0.631590875,-1.691733155,0.90393471,-0.735428573,-0.961549638,-1.590616158,-0.438660013,0.857559317,1.178100997,-1.002120989,-0.013287894,-0.371933625,-1.200645014,0.288856383,-0.914292729,0.143147509,0.03237038,-1.413460029,-0.526447005,-0.178767879,-1.092729626,0.387708387,-0.873949891,-0.934454703,-1.669187917,-0.312111386,-0.314573768,-1.279774518,-1.430455257,-1.862396549,-1.263369014,-0.850034936,0.245922138,0.253556358,-0.166526951,-0.225145554,-1.362968536,-0.705624702,-0.693747361,-1.207311706,-0.583934096,0.549450005,-0.8495671,0.269339878,0.377545628,-1.005668543,-0.404965233,-0.905350792,-0.12397718,0.021761492,0.010049336,0.021076326,-0.738144547,-0.470003629,-1.131652143,-1.462311848,-0.945719543,-0.594569617,-1.858540503,0.767883527,-1.220779923,-0.3315643,0.151002874,0.553597716,0.866596159,0.457741253,-0.638658995,0.969566061,-1.367668897,-0.812155967,0.546675277,1.418446884,-1.89578754,-1.422128814,-0.828737835,-1.832581464,-1.197659442,-1.621004549,-1.522801606,-0.070744405,-2.035616062,-1.868208641,-1.810942289,-1.270825111,-1.541312083,-0.878272665,-1.087375657,-0.614890683,-1.154230712,-0.981896489,-0.109703265,-0.679638831,0.752170521,0.165260169,-2.274969926,-1.078515587,1.740624057,1.357817723,1.740676679,-0.844202656,0.400720537,-0.978432128,-0.56563386,-1.836966062,-1.782601531,0.287432041,-1.226559303,-0.856372242,-1.918684163,-0.189587893,-1.599487582,0.402728032,-0.204567166,-0.216043814,-0.030871664,-1.645583359,-0.49200387,-0.80833359,-1.69936262,-1.123007446,-0.337572842,-0.634312395,-1.352859585,-1.187443502,1.831909238,-1.278696351,1.353021922,0.579530454,-0.022041131,-1.275826908,-0.494788246,-0.839792761,0.774358436,0.537136439,-0.239272933,0.352064331,0.700668822,-0.797619202,1.734289242,1.311112736,1.002284925,-0.800509699,1.110376156,-1.66020503,0.2275339,-1.229632551,0.082685367,-0.390084006,-0.793630719,1.654009668,-0.488412029,-1.290984181,-0.081210055,-1.36963392,1.703165022,-1.599487582,0.865460488,-0.745704431,-1.388697246,-0.621570982,-0.276148837,-0.885761527,-1.434644622,-0.077313103,-1.223835433,0.686927881,-0.745915246,0.411712221,0.725517561,-0.949847515,-0.599110539,-0.155134497,0.801732491,0.090297638,0.541917231,-0.966006324,-0.259807536,0.482549598,1.10876062,-0.190797375,-0.788337368,0.107059072,0.044590883,0.318744598,0.055056206,0.669622636,-0.80609194,0.545864528,-0.73417753,0.436834568,1.612253944,-0.047615854,0.199424465,-0.486133011,-1.130102956,-0.761426021,0.547947983,-1.258781041,0.14988445,-1.308963018,0.414358775,0.166192175,-1.182863841,-1.562554327,-0.878754128,-0.124543335,1.285727891,-0.951141009,-0.338835026,0.099935829,-0.600750331,0.226258694,-0.718259881,-0.945977042,-0.292225713,-1.226559303,-0.078285918,-0.427864103,-1.452006905,-1.305267523,-1.722046857,-1.060449828,-0.322549608,-1.404458332,-0.069993372,-0.196745078,-1.450299691,-1.541312083,-0.416424948,-1.000215967,-0.270759405,-0.045939232,-1.196004635,-0.892818376,-0.577321615,-0.249615872,-0.76035593,-0.319241541,-0.156419919,1.034073768,-1.215708061,-1.233058385,-0.068385913,-1.37436579,-1.093624747,-0.870123051,-1.382700826,-1.564942673,-1.660731207,-1.187443502,-0.707854809,-0.432168491,-0.477713272,-0.031077956,-0.188379871,-0.984569573,-0.186570571,-0.554429261,-0.832869124,-1.329536027,-0.964955904,-0.988323935,0.26174869,-0.039676817,-1.320132159,-1.294262276,-1.32275634,-1.087969129,-0.320480784,-1.457575563,-0.23395175,-0.806315879,0.023032699,-1.182863841,1.583709764,-0.335892405,0.638638195,-1.828216006,0.055056206,-1.67504367,-1.232029402,-1.661784393,-1.924833824,0.350022868,-0.745493661,-1.901128006,-0.918793862,-0.979496808,-1.872102222,0.695294873,-2.033321606,0.286005668,-1.677181565,-2.175952442,0.153493321,0.711330851,0.093581414,-0.315944382,1.794489074,-1.08975166,-1.06363132,-1.777856564,-0.553907114,0.104360015,-0.826678573,1.712968755,-1.157725553,0.18290472,-0.845366394,-0.965480976,0.767883527,-1.644029357,-1.902467591,-0.441299561,0.2469382,0.004390348,0.38892914,0.15905293,-0.202361012,1.000852444,0.031692447,-0.229161624,-1.559220196,-0.023370986,-0.60531947,-1.469241282,-2.116105526,-0.258900271,-1.152329571,-1.290984181,-1.034511363,-1.272608597,-1.05987246,0.090480353,-1.024154378,-0.168181993,0.376859851,-0.236482116,0.880166021,-0.086320707,-1.463607464,0.109571636,-0.879476759,-2.030270498,0.801059438,-0.430782916,0.427813512,-0.898942094,-1.622523152,-2.039451894,1.67490725,-0.921805913,-1.287716798,-0.540941248,-1.548813291,-0.381992752,0.403062224,-0.909066887,1.806336046,-2.018911042,-0.6314878,-0.387428746,-1.181233317,-0.360682965,-0.868930161,-0.938791997,-1.353246507,0.280053045,-0.16511052,-2.053384007,-1.367668897,-0.327254848,-0.684385675,-0.403916308,-1.535722875,0.531392665,0.060342229,-0.610461814,-0.525600909,0.796786215,-1.428367138,-0.91130319,0.193261497,-0.253860524,-0.566162169,-0.599656838,-0.693947501,0.670441343,-0.551474022,0.501562857,-1.020540753,-0.511826124,-0.513830133,-1.613948068,-0.142947009,0.695644061,-0.005716307,-0.018062143,0.254176994,-0.702591639,-0.316081547,-1.077046511,-1.292439786,-0.379797361,-1.364532869,-1.303424883,-1.159955919,0.425267735,-2.126952524,1.22718139,-0.505672259,-1.401204974,-0.697356025,0.3152486,-0.082838278,0.282016051,-1.0744076,-1.6533898,0.625671015,0.660520678,-0.723194102,1.443949874,0.503921847,-0.18572735,1.102305461,0.52253678,-1.347073648,-1.457146102,-1.236495996,-0.553385238,-0.998857456,0.540811519,-0.972332123,-0.639796005,-0.520539316,0.459511277,0.185400146,0.255804334,-0.309382499,-1.23031678,-1.468806783,-0.357246536,-1.554949727,-1.516858731,0.859805033,-0.475136781,0.085351667,-1.726533684,-1.113218441,-1.913249367,-2.044846897,1.144477545,-1.516403047,-0.434945413,-0.808558032,-0.41143288,-0.424495034,-1.703199292,-0.306117635,-0.953733027,-2.224698554,1.517958386,-1.238564249,-0.602392817,1.010036052,1.037374979,-0.422509543,-1.673443242,-0.206778197,1.004960733,-0.218778094,1.01855847,-1.77608299,-1.043272194,-0.095960391,0.430742915,-0.073216062,-1.423373369,-0.571637763,1.006825893,-0.659132302,-1.145703896,-0.552863635,0.417854706,-1.006215439,-1.681471115,-0.663200104,0.133218844,-1.387895643,1.606212717,-0.220771367,0.212042158,-0.741917345,-0.065712543,-1.308592854,-1.589635285,0.650761464,1.105124372,-0.577321615,1.626078684,-1.109875481,0.696242386,-0.151869949,-0.467766134,0.063444173,-0.060812139,-0.853081219,-0.571106555,-0.582500661,-1.08915713,1.376647984,-0.657973106,-0.250257844,-1.3919101,0.388996915,-1.509592578,-2.152442435,-0.438039954,-1.964685304,-1.706499625,-0.507165663,-0.78329073,-0.482724194,-0.565809932,-1.984858899,-0.003706862,-1.870153537,-1.946310229,-0.166999541,-0.363843433,-1.033105487,-0.880682304,-0.102365007,-0.756726162,-0.684782264,1.122393917,-0.272071225,-1.787966671,0.359072069,-0.436336772,-0.594207233,0.339467746,-0.28621648,-1.332943186,-0.361256853,-0.616556578,1.007227727,-1.032824548,-0.85943792,-0.963120319,-0.521044324,-1.330292171,-1.127629238,0.045260131,-0.597473431,-1.090346544,-0.686568865,-0.320894207,-0.587706668,-0.34658318,-0.989130278,-0.640175296,0.488518663,-0.692547361,-0.902141309,-1.07382212,0.128393215,-1.435064526,-1.165072655,-0.356674944,1.805908892,0.463419501,-1.388296364,-1.635268673,-1.061894706,-1.054691102,-1.560171671,0.357604512,-0.528989594,-0.569337895,-1.434644622,-0.897959775,-1.501480771,-1.10021357,0.036331929,0.102285794,-0.79142175,-1.29974976,-0.599292605,-0.907826654,-0.89037935,-0.32573014,-1.025547718,-1.407722309,-1.856618042,-1.30600553,-0.901894852,0.89853401,-1.397557553,-0.319516796,-1.235119533,0.125133731,-1.531088946,-1.206308864,-1.030579878,-0.830801346,-1.786175091,0.552217056,-1.328025453,-0.928110309,-0.235469201,-0.395564283,-0.498238508,-0.118445755,-1.248621556,0.445390701,-0.668649709,0.346281115,-0.797619202,-1.68848112,-2.010662026,-0.904609227,0.339040365,0.4740579,-1.715354138,-1.649218782,-0.550086338,-0.697155202,-1.186460379,-0.562820919,-1.624044065,-1.461017907,-1.193692495,-0.181641788,-0.514499029,0.448396876,0.523129618,0.54034559,-0.975244875,-0.706435075,-0.814862939,-0.640364995,-1.235463471,-0.725877005,0.643484136,-1.10292156,-1.48236483,0.637740173,0.054488185,-0.271808723,-1.945610194,-1.251064412,-1.349769586,-0.690750056,0.437545002,-1.906497147,-0.215051381,-1.18678798,-1.442229994,0.793037763,-1.432547746,0.440252934,0.140804877,0.912644091,-0.378774493,-0.891354247,-0.496594042,-0.397794602,-1.115961927,-1.924833824,-1.071775635,1.416896308,0.461530332,-0.650087691,-0.345452438,-1.023319305,-1.0761661,0.037873652,-1.676112046,-0.536656384,-1.62049886,0.150142658,-1.820776418,-1.214696768,-0.205549243,-1.179280192,-0.44519395,-1.891800823,0.184236389,0.277252877,0.414094435,-1.867561183,-0.667284521,-0.558616288,-0.724637848,0.54499514,0.546848923,-0.592397278,-1.112001526,-0.137654165,-1.474033275,-0.483048343,-1.795165262,0.637845865,0.765374815,-0.770676383,1.381005399,-0.415970093,-1.104429174,-0.224519498,-0.779358877,-0.79895224,0.171934464,-0.279184942,0.079180798,0.090114889,-0.33785319,-0.516843696,-0.226022692,0.701462512,-1.314159763,0.154607718,-0.240035419,-1.557794679,-1.136002678,-2.176833888,-2.552329326,-1.166355941,-1.445619827,-1.408949052,-0.794294363,-0.460924965,-0.964955904,-0.317179543,-0.141218002,-0.514164525,0.405665088,-0.069564463,0.021565778,0.706359512,-1.865621318,-0.572878348,0.518198378,-0.768517488,-0.413850165,0.714664024,-0.039676817,-0.972596568,-2.094758246,-0.15958207,-1.238564249,-0.228156093,-0.111602177,-2.284745175,-1.803022662,0.611828659,-1.432128898,-1.701005106,-0.004309272,-0.434482057,-1.057854296,-1.822012512,0.323386997,1.017040635,0.04449524,-0.126584152,-0.040821995,-1.169249368,-0.348565061,-2.298593072,-1.190069899,-0.708463885,-0.21418381,0.124074315,-1.434224895,-0.105805059,0.656275706,-0.367880348,-0.344887546,-1.06363132,0.344369542,-2.035616062,-1.238219243,0.062317306,-0.13776893,-0.4272507,-0.477874524,0.30652836,-0.267879445,-0.872034641,-0.10858794,-0.471925475,-0.453815369,-1.075286463,0.242946179,-1.020540753,-0.414304057,-1.740116236,-0.819617845,-1.777856564,-0.384633599,1.245479365,-1.260895952,-0.317179543,-0.306796936,0.080934618,-0.204444474,0.535323095,-1.093326284,0.354873322,-0.750776293,-1.715354138,-1.865621318,-2.200028505,-2.084253099,0.210747031,-1.171828351,-1.46403971,-1.56303154,-0.752260445,-0.800732391,-0.835863483,0.346705413,-0.155134497,-0.21927604,-1.253163049,0.372873044,-2.091514123,-1.848329821,-2.582298996,-1.636809109,0.045546815,-1.647659125,"RMS"
"37",1.242308511,0.251147748,-1.092133323,-2.415753791,-1.133514341,0.869324903,1.413690633,0.686978191,-0.09014355,1.04766981,1.427868073,0.149195566,1.741956292,1.086978208,0.550719187,0.097943074,0.168729603,0.938991117,-1.416753569,0.692246775,0.300178664,1.982586419,-0.936748574,1.153510743,0.906199991,1.920182,0.544531156,0.695743806,-0.465692934,0.543718667,-0.284885985,0.639429898,0.460710582,0.481870439,1.36072011,0.452094209,-0.311838162,0.398306211,-0.632616681,-1.695540611,0.016857117,1.458824303,-1.797576355,-0.711107506,-0.084469157,0.554631961,1.311112736,0.247562956,0.743127113,-0.73334437,0.749858272,-0.519698202,0.758185577,-0.707246105,0.787183822,-0.47032368,1.720889838,-2.409057338,1.388940856,1.232414478,1.398939079,1.894827359,0.257660913,1.390883813,-0.128515422,0.401189313,-0.335612606,1.147846799,-0.169365846,-1.446469084,-0.871556401,-0.238130294,-1.708705914,-1.25211318,-1.338647708,-0.223768747,1.082211867,-1.018600351,-1.967542449,-0.813057477,-1.659153505,-1.590125601,1.501897244,0.370459499,-0.883339632,-1.911218909,0.23617823,-1.383897237,-1.413049098,-0.231932057,-1.480605041,0.207014169,-1.976884953,0.911519367,-0.740238788,-0.944433038,-0.958154936,-0.947523434,0.129623768,-1.761424269,0.929483326,0.286381227,-0.419158435,-0.153384307,-0.192250688,-1.209320411,0.48913201,0.286456322,-1.685779146,-1.47840965,-0.523404406,-0.713758134,-1.253863574,-0.045415864,-1.830084584,-1.799993274,-2.767800206,1.171459943,-0.920298753,0.455524308,-0.555125883,-0.33673227,-1.21874809,0.476296289,-0.390822831,-2.18036746,1.142788651,-0.988323935,1.095306832,-0.773706688,-0.703197516,-1.115351613,-0.387428746,-1.366099654,-0.739191119,0.500593453,-2.044074398,-0.579461416,-0.872991807,-0.662811981,0.68218734,-0.606969484,-2.25094186,1.404576225,-1.987044692,1.406391063,-1.868208641,1.232122848,-1.171828351,-2.206366235,1.443218025,0.058268908,0.433922981,-0.488086137,-1.096015663,1.365249463,-0.609541597,-0.525600909,-0.141563564,-1.213686497,0.859551054,-1.167640875,-0.572701027,-1.774902352,-1.01721665,-1.386694441,0.156832794,-1.012801632,-0.384486702,-0.105805059,-0.173639356,-0.601297527,-1.331048887,-0.00040008,-0.809905741,0.672434139,-1.530626732,0.886655927,-0.211585602,0.603714693,-0.219525106,-1.469241282,-0.477874524,-1.761424269,-0.580533036,-0.712126147,2.078541136,-1.227924025,-0.828737835,-0.856372242,-1.285906187,0.299289445,-1.792159549,-0.908322562,-1.425451076,-0.972861083,-2.161085531,-0.330311255,-1.117795108,-1.814005078,-0.780449509,1.929679136,-1.943513024,-1.657578288,-0.072033203,0.261286761,-0.272990524,-0.523910863,-0.683394889,-1.651823629,-0.383752541,-0.169721275,-0.868215109,0.342738278,0.662327083,0.01222497,-1.464472142,0.7066062,-1.127629238,0.397432936,-1.039588948,-0.878994947,-0.250129416,-1.318261951,-0.987786734,-0.761854379,-0.947523434,-0.593663902,-0.982163476,1.496582715,0.815453305,-0.464578373,-2.487710577,-0.66067999,1.879755084,-0.971539206,-2.349676701,-1.3919101,0.262287338,-1.083231187,0.070085608,-1.043840053,-1.039588948,-0.688557728,0.018723614,-0.761211911,-0.432784919,-0.058582957,-0.7271177,-0.05287349,0.140109708,1.322821938,-1.083526651,0.641169441,-0.502031076,0.237519717,-1.015006705,-0.894040123,-1.182537524,0.749054812,0.219215848,-0.529329095,-0.123071998,-0.435718151,-0.942378067,0.527859716,-0.59402609,-0.598382604,-1.511857584,-0.412187654,-1.871452238,0.435735631,-0.245261357,-2.130313872,-0.850737101,0.927823968,0.147816375,-0.411583789,0.003493889,-1.023041102,0.035656677,-2.416874239,-1.420471813,-1.727658544,0.497861957,-1.456287733,0.603769369,-1.438430116,-1.504177402,-1.97256218,-0.495937011,1.912648787,0.364365297,0.863859949,-1.852784171,0.045068963,1.134429782,0.608242673,-1.736135565,-2.134531508,0.607807133,1.081771271,-2.224698554,-0.22777928,-0.892086043,0.415943352,-1.468372472,0.620307634,-1.540378377,-1.26940061,-2.045619993,-1.292439786,-1.169893491,0.353750672,-1.02443289,-0.188017749,0.350163792,0.336329369,-0.431552443,0.283448122,-1.522801606,-1.981226494,-0.716620537,-2.274969926,-0.797841252,1.459475118,-1.37634403,-1.250016743,1.045000519,1.546434213,0.882444351,-1.030579878,-2.194627951,1.060287174,-1.39070407,0.890890869,-0.188621359,-0.126470664,-0.723194102,-0.920800887,0.090663035,0.59011728,-0.045415864,-1.893792195,-0.114962018,0.11546925,1.06253596,-0.813734144,-0.738144546,-1.11871296,-0.302457358,-1.701005106,0.598011985,-1.718137329,1.004374867,-0.329615796,-1.257022025,-1.591106956,-1.638866723,0.708232818,-0.112385131,0.290652656,-1.497002483,-0.609357655,-0.784604791,-0.83149013,-1.532014015,-1.250016743,-0.146066776,-0.149776925,0.342596303,0.194908672,-0.832409248,-0.07278577,-0.847464541,-0.658359355,-1.347458337,-0.10413904,-0.953214086,-1.259485514,-0.471284449,-0.394673547,-0.17924629,-0.259159406,-0.685774426,-1.520511703,-0.806539868,-0.699165253,-0.91904452,-1.052396865,-0.123071998,-0.69936648,-0.176259965,0.163648292,-1.557794679,0.141673158,0.394875907,-1.660731207,-2.008424054,-0.635633274,-0.59511344,-0.005113049,-0.460132509,-0.656236827,0.192766815,0.227055888,-1.302688777,-0.247052096,-1.076752954,-0.928869514,-1.098412309,-1.398366942,-1.856618042,-0.789217649,0.021076326,0.306822716,-0.146414018,-0.381699755,0.509404615,0.23174644,-0.448476999,-0.346159002,0.539587992,-0.252829862,-0.204935332,-0.938536341,-1.237184939,-1.670781543,-0.961811247,1.23599459,-1.002393431,0.189545402,0.30069701,0.053161548,-1.477094725,-0.996687669,-1.085893516,0.700222094,-0.215299397,-0.948297528,-0.698159722,-0.700171795,-1.077633882,-0.480458087,0.188055089,0.001698557,-0.696552974,1.128365247,0.424221437,-0.124090385,0.455651123,-1.478848343,-0.137080541,-1.041003976,-0.704612659,-0.445506158,-1.16667702,0.744647953,-0.543176654,0.855776104,0.14115228,0.900080046,-0.995063413,-0.280507869,-0.652581219,-0.965743616,-1.648698626,1.320795379,1.16415031,0.714223506,-1.626584071,-0.183802653,0.443595483,-0.95503156,1.083701676,-0.276148837,-1.10262031,-0.377460912,-0.011971372,-1.077927697,0.40239373,0.402594325,-0.030768534,-1.261601917,0.645741058,-1.107451237,-0.502031076,-0.343335737,-0.226649691,-0.511492513,0.182654835,-0.938536341,-0.0329365,-1.613445934,0.553540226,-0.924574951,0.410386312,-1.818308804,0.330238562,-1.172474137,0.769598833,-0.634500985,0.942776857,-0.857786003,-1.116878097,-0.975510092,0.6143204,-1.351313392,2.098201959,0.265283078,-1.286268047,-0.305438794,0.179734881,-0.910060182,-0.194434625,-0.416880011,-0.372514008,0.260901657,0.120623442,1.762244833,-0.427710717,0.354171814,-0.514164525,-2.129472475,-1.09422194,-1.069150579,-0.767439785,0.718473739,-2.413516654,0.111094048,-2.105374924,0.985966037,-1.341320995,-0.765502843,-1.59405681,-0.702389762,-0.379066634,1.195648251,0.956549368,1.460961106,1.380402035,-1.88981341,-1.295357366,1.208034544,0.735488021,0.602620541,0.749811028,-0.336312249,0.077146209,-1.417578651,1.069114818,-0.935728426,-1.332943186,1.428922723,-0.39705061,-1.697176827,-2.025711219,-1.340556469,-1.221797389,-2.652142569,-1.87993516,0.194661769,0.578521655,-0.005615739,-2.213658884,-1.671313316,-0.315807236,-2.112791521,-0.003807238,-0.078826781,-0.005012542,0.376516786,-0.528650209,-0.235595759,-1.65652952,-2.002480501,-1.210997419,-0.456653145,-1.193362625,-1.612442421,0.639588163,-0.676683455,-1.292075686,0.249590721,-0.638658995,0.066536524,-1.800598418,0.636259318,-0.301916232,-0.499226488,-0.877791433,-1.300850879,1.123142286,0.516230988,0.1208007,0.968389702,-0.619710862,-2.399095993,-0.922560345,-1.272251645,-1.59405681,-1.383498274,0.525497464,-0.029943876,0.088102448,-0.473048259,-0.195285223,-1.616966179,-0.093102618,-0.212450922,-1.069441911,-0.436336772,-0.667674385,0.743935347,0.151174828,-1.128247094,0.669725011,-2.117766656,1.4178657,-0.259288998,-1.698269126,0.13775994,-0.367735891,-1.53991185,0.204164585,-1.737839627,-0.223268559,-2.310617265,-0.828508818,0.027031339,0.173280812,-1.696631124,-2.53451715,-0.01308524,-1.817077277,0.218251605,-1.17993081,0.857898616,-0.878272665,-0.62960916,-1.910543005,0.397164083,-0.146298258,0.676051885,-0.616741849,-1.188099455,0.415085351,-1.987774353,0.320125061,-1.077927697,-0.001100605,-0.821662603,-1.258077063,-0.556346139,-0.134217342,-0.874429278,0.664284636,0.093490343,-0.432939085,-0.673932962,-0.42617815,-0.227277083,-1.628620732,-0.891354247,1.137768897,0.084524955,-2.003963081,-0.365571544,0.753018578,-0.169365846,0.423763336,1.948620758,-0.586807145,0.577680211,-2.368724895,-1.440117168,-1.760842367,-0.474815186,-1.485893726,-1.304161532,-1.590125601,-0.690351093,-0.894773888,-1.088562953,-0.524586539,0.099754833,-1.387495082,-1.975441952,0.063725691,-1.550226053,-1.576486812,-0.415666971,-1.797576355,-3.849048206,-2.131998792,-1.715910157,-2.309609708,-2.344449297,-1.984131362,-2.32585372,-0.483372597,0.45444573,-0.892330094,-0.940839605,-1.180256278,-0.460449416,-1.23031678,-0.896488105,-3.387294476,-1.087079053,-2.241489994,-1.235807528,-1.056127677,-1.214359897,-1.864330162,-0.171025597,-1.826350914,0.398709004,0.965233265,0.390148404,0.586619317,0.24247548,-2.160217852,-0.287682072,0.218331994,-1.68848112,0.553425237,-0.508827621,0.254409633,-0.275094957,-0.456968951,-1.888490658,-1.037893554,-1.157725553,1.794605416,0.59685652,-0.239781192,-0.782196997,0.874635057,-0.253731633,-0.414758155,-0.802738857,-0.231049723,-1.550226053,-0.509493179,-0.207516295,-0.569161201,0.218010399,-0.571814895,-0.458233174,-0.018265809,-0.27089051,-0.866786537,-0.802738857,-0.887703275,-0.001300846,-0.881889305,-0.080451124,-2.137918471,0.428725802,0.435282777,0.101743984,-0.840024376,-1.392714929,-1.381904013,-0.271939966,-1.897786874,-0.882614206,-0.720929562,0.488027715,-1.10714862,0.665673204,-2.05494407,-0.244367188,-2.043302495,-0.704410373,-1.158680815,-1.221797389,-1.082640519,-0.832409248,-0.429552904,-1.854699269,-1.92346396,-0.766363243,-1.265848208,-1.812778836,-0.438349935,-0.831260483,-0.66650525,-1.345536369,-0.047091608,-2.14814874,-0.724844267,-0.637901706,-0.035523556,0.668342062,-1.162511015,-1.046969056,-1.561600583,0.805001565,0.603331876,-0.446130865,-0.179485582,-0.678455632,-0.736890104,-1.082345316,-0.11272087,-1.522343206,-0.313478627,-1.769606665,0.482302685,-0.250514748,-0.971539206,-0.148964153,-2.074653025,0.02586266,-0.392450171,-0.024497632,0.514917242,0.089383561,0.354101636,0.286306126,-0.400328324,-1.702101597,0.045355702,-0.097061713,-1.095118399,-1.191714907,-1.965398826,-0.835632829,1.333947881,0.413830024,-0.547316732,-0.464578373,-1.365707728,-0.619153501,-0.739819589,0.943438864,1.552655898,0.005783245,-0.109926479,1.34450836,0.138804963,0.89449492,-0.733969175,0.028004196,-1.179280192,-0.310882466,-1.360236827,-1.206643033,0.44519851,0.215272657,-0.241689469,0.245609296,0.247328718,-0.337292573,-0.055407007,-1.809109108,0.417525423,0.213093215,-1.07939807,-0.775008207,-0.723194102,0.403730271,0.247406803,0.710643228,-0.077745349,-0.459498997,0.381786981,-0.635255702,-0.767655233,0.844579884,-0.230294055,0.714761891,0.153235976,-0.562820919,0.192271888,-0.609173747,-1.576486812,-1.551640814,-0.356960699,-0.423730917,0.367347786,-0.093541744,-1.977607236,0.841265416,-0.140872559,-1.616462527,0.162118849,-0.88140633,-0.991014278,-0.055301316,-1.00184862,0.126632651,-0.332679438,-0.492167442,-0.896978421,-0.226022692,0.280506389,-0.197841368,0.179818427,-1.191056579,-0.050346374,-2.107841016,-0.199549102,-1.046684196,-0.997229674,-0.474332987,-2.344449297,0.542614946,0.669776194,0.831342679,-1.308222826,-0.586447562,0.542324291,-0.356532097,-1.677181565,-1.433385969,-0.435872771,-0.850737101,-0.922811949,0.139153061,-1.26513924,-0.448790233,0.335757696,-0.850034936,-0.88116493,-1.435064525,0.348894757,0.522773957,-0.679836167,-1.101115419,0.071483102,0.109123427,-1.03732906,0.682945318,0.895924746,-0.614705754,-1.178955041,-1.505528449,1.204652573,-1.222815892,0.308587033,-0.553733125,0.135142594,-1.586698425,-0.878994947,0.092852617,0.365753608,-0.821890056,-0.593482857,-0.613781625,-0.28941691,0.843849063,-0.098715973,-0.505672259,0.436576103,-0.743809095,0.008166563,-0.222518747,0.633291013,0.226976197,0.343873352,0.241926051,-1.398771883,0.818280911,-0.067636649,-0.476424197,-0.171381617,0.108226405,0.941880503,-0.504346658,-0.575364145,0.620200073,-0.478358434,0.515335439,0.734768855,-0.081861026,0.071855437,-0.619896719,-0.570752572,-0.166408838,0.948215665,-1.378326191,-0.68319685,-0.564753966,-0.003104815,0.933737645,-2.854232711,-0.817577259,0.353399586,1.254732456,-0.164285194,-0.174472442,-0.353109878,0.691846335,-0.39988073,0.76676932,-0.426790895,-0.080342753,0.036042591,-0.500215445,0.55583723,-0.730018655,-1.088859997,-0.149080223,-0.211338506,-0.965743616,0.07064484,-0.154200681,-0.924070919,-0.726290399,-0.681416258,-0.954511945,-0.04103035,-1.093624747,0.099664323,-0.407817874,-0.300969967,0.03854741,-0.51902582,1.014505779,-0.233067633,0.474991171,0.026154957,0.140544245,-1.247924692,0.293490173,0.859085258,-0.828279855,-0.569337895,0.420682074,-0.45523325,0.25595918,-0.081535488,-0.792304752,-0.081101601,-0.929629296,-0.972861083,-0.673932962,-0.579104465,0.197948813,-0.901402119,0.45368368,-1.015006705,-1.027501661,-1.222136775,0.706704858,-1.078221599,-0.044160896,-1.201642189,0.160331539,0.20571251,-1.069150579,0.676407857,-1.601469743,0.594707108,-0.208624465,0.083697559,-0.567925216,0.258201767,-0.342349474,-0.800732391,-0.296252023,1.326809714,0.151604584,-0.29021862,-0.355818168,0.753865916,-0.304896053,0.468627683,1.04288814,-0.423120043,-0.180802711,0.64353668,0.527859716,0.462853125,-0.40917197,1.74239414,0.314591738,-1.869504818,0.250213823,1.570988102,0.618692995,-0.345876317,-1.113827454,-0.317591603,-0.069028586,-0.624180976,-0.465215113,-0.17805069,-1.666008264,0.03237038,-0.6003857,-0.892818376,-0.296386513,-0.092334611,-1.151064149,-1.683622811,-0.708666992,-0.788777412,0.155207264,-1.49744941,-1.621004549,1.780647964,-0.243218716,-1.430455257,-1.622523152,1.392500066,0.319544046,-0.964168812,0.300178664,0.684409115,-0.116758561,-0.896488105,0.310788061,-1.497002483,0.328368058,-1.489878677,-1.02443289,-0.523573197,0.759964354,-0.52087596,0.197538523,-0.100704704,-1.141937413,-0.459024125,0.666700531,-0.707854809,0.752311914,-0.124090385,-1.329536027,-1.381904013,-0.204689873,1.782214056,-1.342468882,-1.986315564,-1.387094681,-0.587706668,-2.118598257,1.012763872,-0.584831037,0.338826606,0.109930059,-0.510992304,-1.154547921,-1.537582475,0.21929616,-0.828050943,1.020398463,0.242161557,0.434376452,-0.214059933,-0.196745077,-0.134789326,-0.563699113,-0.238384101,0.501623413,0.312764853,-0.704410373,-0.766793721,0.255184707,-1.157407335,-0.619710862,-1.756199294,0.370390455,0.558415067,0.724306643,0.334613367,-2.635264531,-1.284098849,-0.172094037,-1.571660548,-0.436027414,-1.801809805,-0.753321904,1.215476384,-1.443923474,-1.762006511,0.21107097,0.398171911,0.231032353,-0.44488184,0.788411905,1.572400414,-0.49446027,-0.754809841,-1.361016554,0.481376216,0.188055089,-1.38230234,-0.58788667,0.167715404,-0.287548748,-0.503188197,-0.577856136,0.097580328,-1.037893554,-0.137539414,-1.589635285,0.773205273,-0.647600366,-0.030459207,-0.911054465,-1.590616158,-0.610645959,0.123367414,-0.416424948,-1.382700826,-1.024711481,-0.815314815,-1.028340236,-0.042698755,-0.177453425,-1.340556469,-1.294627173,0.123102197,-0.331982331,0.336615084,-0.586088108,-0.886489241,0.016463726,-0.652389188,0.073807927,-0.655658736,-0.929629296,-1.62049886,-0.871556401,0.325194597,-1.067113622,-1.665479303,-1.112609798,-0.159464775,-1.550697417,-0.686767574,-0.886246611,0.040085724,-1.293168383,-0.0629398,-0.596928323,0.835601148,-0.04950542,0.438512962,0.068872864,-0.153617489,-1.201309687,0.186728499,0.297879897,-0.962072925,-1.266912604,-0.45413028,-0.530688253,-0.726083681,-1.985586966,-1.782601531,-1.429619486,-0.65027928,0.59227657,-0.831030888,-0.487271871,-1.396748819,-1.301585633,0.186064543,-0.189467025,-0.320343015,-0.507165663,-1.156135475,0.105260511,-0.567043304,-0.221145549,0.125133731,-0.267095439,-1.104127469,-1.547872557,-0.52087596,-0.914043259,0.655341466,-1.507332689,-0.457442847,-0.56457808,0.579306364,0.015873349,-0.14722472,-0.319103942,-1.347458337,0.112971479,-0.857550237,-0.145719654,-0.348848508,-0.860619535,-1.285544458,-0.25902983,-0.960242619,-1.601965898,-0.605502671,0.172692008,-1.911218909,0.080288831,-0.018877056,-0.482238167,-0.376294731,0.479149181,-0.500380366,0.207014169,-0.577677931,-0.155017722,-3.634391269,-1.052969931,0.832909123,-0.179964337,1.029405109,-0.906587956,0.195155515,-0.810130536,-0.707448965,0.064944689,-0.963382339,-0.291690094,-0.943148186,-0.714983875,-0.147108865,-0.840487768,0.4069307,-0.897468978,-1.323883101,-0.982163476,0.510905621,-1.039871794,-1.0744076,-1.410996974,-1.65652952,-1.736703263,-1.011700917,-0.763998922,-1.138185064,-1.369240607,-0.557218663,-0.851674089,-0.31443681,0.129711607,-0.731888009,-0.598382604,-0.672168774,-1.5847453,0.006975614,-1.291711719,-1.019431491,-0.790539527,-0.123863987,-1.768433644,-1.208985346,-0.794073099,-0.242071561,-0.309655053,-0.011566636,-0.913793852,-0.74865989,0.643904414,-0.718259881,-1.177655496,-0.045206593,0.403596697,-1.011425927,-0.318553736,-0.849333264,-0.396455814,-0.386545223,-0.87251311,-0.665532014,-1.166355941,-0.168892136,1.980214953,-0.499061757,-0.75098818,-1.046969056,-0.531708835,0.502591819,-1.426283369,-0.461559382,-0.404965233,-0.598018835,0.409722698,0.614049859,0.716082152,-0.301780997,-0.670994376,-1.014179233,-0.90090963,-0.006923915,-0.000500125,-0.719285838,-1.518227032,-1.342086106,-0.280243143,0.087369646,-0.884307686,0.601799141,-1.397153104,0.23948923,-0.996958635,-0.043325125,-0.177811741,-1.231001477,-0.359536176,-0.670798777,-1.18678798,-0.435872771,-0.849800991,-0.198816859,-0.529838563,-1.405681075,1.503432745,-0.87803202,-1.197990733,-1.219086442,-0.580890498,-0.716620537,-0.517346841,-0.937003773,-1.227924025,0.13058957,-0.968900682,-0.785701162,0.659280111,-0.736472305,0.733713142,0.495305812,-0.989130278,-1.535722875,0.273304205,0.043442558,-0.781978394,-0.820753305,-1.353633579,0.421535288,-0.590951668,-0.87803202,-1.495216768,-0.0927734,-0.923567141,0.01232375,-1.806670082,-0.810355381,-0.287815415,-0.353821875,-1.02443289,0.225859859,1.208512484,-0.263835346,-0.147804195,-0.039260714,0.109930059,0.013607003,-0.912547746,-1.135068826,-1.237184939,-0.344322973,0.945538806,-0.859201765,-0.130222587,-0.479326957,-0.597291695,-0.198572897,-0.930896884,-1.384296358,-0.593301846,-0.646454453,0.202695916,-0.182721637,-1.127011763,-0.943405024,-0.078826781,-0.043429558,-0.954771719,-0.349557476,0.141933496,-0.245772669,0.485938492,0.414490919,-0.803185286,-1.300116665,-0.522729528,0.453493077,0.966032824,-0.391266389,-1.149169012,0.266126409,-0.558266698,0.54881481,-0.963644428,-0.538539462,-1.044124103,-1.208315554,0.819823883,-1.40853997,-0.957633695,0.245139849,-0.413547684,-1.001304106,-1.719252778,-1.50237884,-1.589635285,-1.280853849,-1.554949727,-1.287716798,-0.252572362,0.252547002,0.363044614,0.283297474,0.3249056,-0.345735004,-0.58590843,-0.515168373,-1.158999439,-1.732170678,-0.922308804,-0.013693327,-0.657973106,0.711919866,0.164921042,-0.30069977,-1.249318906,-0.885034342,-1.048109306,0.362835926,-0.192129498,0.349599975,-0.024600117,0.938404412,-0.533753128,-0.210227326,-0.379066634,0.662894137,-2.024196067,1.156503767,-0.77479117,0.422387775,-0.347432077,-0.707854809,0.69214668,0.470191112,-1.056127677,0.422059982,-1.860466667,-0.84397007,1.138730035,1.638627715,-2.098012927,-1.847695102,-1.711470638,-2.248096908,-1.224856015,-0.649704623,-1.127629238,0.256733054,-0.876108942,-1.351313392,-2.002480501,-1.258077063,-1.730476241,-0.593301846,-1.492544161,-1.122700084,-1.147277461,-1.204306193,-0.865597618,1.011855425,0.434829717,-0.321583624,-2.037148629,-1.061316504,1.522004628,0.833083021,1.741360512,-0.066353501,0.442696665,0.113328685,-1.111697528,-1.435484605,-0.971539206,-1.037611267,-0.702187925,-1.520511703,-2.214574216,-0.784604791,-1.740686199,-0.776094101,-1.139434283,-0.921303274,0.221061385,-0.316493154,-0.825764705,-1.129174594,0.649352021,0.525438336,0.70882366,0.323604082,-0.606052474,-1.176681944,0.734049172,-1.522343206,-0.15466748,-0.235469201,0.01400152,-1.518227032,-0.849099482,0.593437336,-0.699567748,-1.166998202,-0.523573197,-0.397794602,0.339823757,-1.009777575,1.601990247,1.33144211,-0.428324402,-0.981095955,0.180736969,-1.199316993,0.001698557,0.720713708,-0.227402608,-0.133531393,-0.549566452,0.327575636,0.037103088,-0.388313049,-0.176617854,-1.327271021,0.488825383,-1.505077897,0.173280812,-0.008637193,-0.534947566,-1.07382212,-0.294371061,-1.459295254,-1.37436579,-0.934709317,-1.121778567,-1.136002678,-0.310200384,-0.393931872,0.116893751,-1.071775635,-1.023319305,-0.751836177,0.721831814,0.406464608,0.595479223,0.032757564,-0.077961541,0.10020726,1.187202973,0.340464258,-1.142564176,0.983687664,0.126808847,0.744362972,-0.46203546,-0.648173815,-0.83378951,-0.873231242,-1.120857898,-0.555474375,0.201715604,-0.650854268,-0.923063616,-0.6361999,-0.895263365,-0.115859886,-0.346300375,-1.023319305,-0.884792065,-0.872273846,-0.487760351,0.247328718,-0.339536928,-0.787897517,0.383355823,-0.602940913,0.66464482,-0.552689828,-0.224895084,-1.17993081,0.116270782,-0.512159847,-0.612489278,-0.505506462,0.625350022,-1.270112607,-0.644166558,-0.883339632,-0.627921396,-1.02945943,-0.670212209,-0.561943495,-0.800509699,-1.193692495,0.099664323,-0.504015532,-0.922560345,-0.915291232,-0.912049738,-1.084117843,0.697736633,-0.576965426,-1.078515587,-0.99479296,-1.319757837,-0.304082494,-1.499687048,-0.423120043,-0.678849876,-0.07364654,0.605681155,-0.99452258,0.304760404,-1.115961927,-0.478358434,0.716912534,-0.856372242,0.203756838,-1.678787991,-1.130102956,0.527682741,0.557270182,-1.660205029,-0.279713903,0.142193766,-0.4405225,-0.428324402,-0.887217484,-0.732095931,-1.581822745,0.230238324,-1.522343206,0.597021668,1.624917483,-1.177980224,-0.882372514,-1.422958345,-0.00020002,-0.345311185,-0.099820335,-0.736890104,-1.020818261,0.807100671,-0.892574205,1.919067369,-0.518185978,0.403396303,-1.678787991,-0.476585241,-1.987774353,-1.311186889,-1.514127733,-1.192703212,0.320995951,-0.450044152,-1.24098263,-0.626049437,-1.366491734,-1.808498793,0.985555566,-2.202739758,0.405065028,-0.824167443,-2.143873402,0.004888034,0.300548938,0.271552691,-0.930643238,1.630984117,-0.981629573,-1.327648166,-2.093946228,-0.840024376,-0.603855073,0.446351101,1.606974882,-0.180922536,0.384445741,0.170586301,-0.099709844,0.440960944,-1.820158944,-1.637323116,-0.943661929,-0.450671701,-0.029840842,-0.30924625,-0.293968457,-0.618225254,-0.538368127,0.419433757,-0.574830954,-0.724431471,0.710299239,-0.693747361,-0.452871231,-2.249992643,1.630631728,-1.414693836,-1.110178925,-1.340174426,-1.595535007,-0.483859176,0.022837234,0.328152005,0.19334392,0.894086022,-0.273779167,1.059212893,-0.463306108,-1.263015345,-1.375156617,-0.57963994,-1.941420244,0.019998687,-0.570398715,0.16779996,-0.441610555,-1.146018411,-1.310445049,1.367417305,-0.606969484,-0.982964865,-1.054691102,-1.589635285,-0.287282152,-0.663394222,-0.315395911,1.967937191,-1.730476241,0.53203902,0.571883093,-0.559840813,0.431067875,-0.416424948,-0.890135774,-0.592397277,-0.092992867,-0.105249411,-2.077044417,-1.485893726,0.221702514,-0.864884944,-0.712126147,-1.636809109,-0.400776119,0.33088523,-0.574653287,-0.537683078,0.697039595,-0.829654425,0.18223822,0.987792454,0.382264715,-0.414909567,0.686877568,-1.155817762,0.23625719,-0.268533254,0.423763336,-1.700457311,-0.056570351,-0.235216133,-1.235119533,-0.122280635,0.453302438,-0.23395175,1.088191514,0.028587457,-1.295357366,-0.188017749,-0.340239323,-0.56106684,0.313276717,-0.06592615,-1.247228313,0.020194707,0.335328726,-2.138767008,0.6354651,-0.905350792,-1.553057579,-0.272859144,-0.099157572,0.202532597,-0.220148042,-1.576970722,-1.63475572,0.373079648,-0.559140901,0.020096702,1.438056296,-0.345735004,-0.485807861,0.439673279,-1.263722809,-1.641961104,-1.4867779,-0.158644093,-0.460132509,-0.447694342,1.028261353,-0.395861372,-0.688358664,-0.798952239,-0.853785527,-0.118783536,-0.093212382,-0.419766893,0.708232818,0.048123275,-0.95581149,-1.54458694,-1.762006511,0.000299955,-0.097612829,-0.455390917,-1.724287754,-0.01440323,-1.493434237,-1.95828642,0.994917052,-0.697958738,0.085994193,0.418447142,0.310494871,-0.459024125,-1.485010334,0.009752291,-0.37760678,-2.037148629,1.380804318,-0.705219762,0.133306367,0.82675982,0.563949242,-0.3074767,-1.879280067,0.14063113,0.174457382,-0.632616681,0.751038659,-1.044692447,-0.989937272,-0.656622406,-0.771757581,0.275660097,-1.780226233,-0.450044152,1.720388773,0.3472002,-1.027501661,-0.543865478,0.898656153,-1.214359897,0.232777,0.107598011,0.452475912,-1.300850879,0.676306163,0.161863715,-0.059643853,-1.430873405,-0.751412089,-1.67504367,-1.779633289,0.485815461,0.513482092,-0.440211844,0.090663035,-1.347458337,0.592055319,0.895230514,-1.023875943,0.758513484,-0.532389802,-1.136314156,-1.707050741,-1.226559303,0.619984915,-0.400925428,-0.20383124,-1.158043872,-0.709683149,-0.291288568,-1.167319487,-0.685972977,-0.714779481,-0.618410834,-0.686171567,-0.41794263,0.409523528,-0.069564463,-1.618478657,-1.623029866,-1.263015345,-0.991822794,-1.470110847,-1.194022473,-0.254247296,-0.732928051,-0.706029806,-1.515037237,-0.884549846,-0.602575482,-1.130722343,0.451075619,-1.481044698,-0.033453376,-0.045520515,-0.723194102,-0.109814866,-0.798285499,-1.399582255,0.337186267,-1.109875481,0.166022784,-0.321721565,-1.020263322,-0.018367657,-0.415970093,-1.247576442,-0.508162506,0.663048733,-0.862039317,-1.377136423,-1.05641524,-0.073538903,-1.152646177,-0.522223669,-0.852611955,-0.502857454,-0.876589365,-1.692819521,-1.359068375,-1.612944052,0.14019663,-0.964955904,-1.601965898,-0.615260642,1.130885849,-0.040509543,-1.575036486,-0.487434671,0.469878621,-1.237184939,-1.349769586,0.424221437,-0.557567886,-0.147804195,-0.682602967,-1.387895642,-0.914791856,-0.588967362,0.04018179,-0.151520808,-0.722370039,-0.384192973,-1.08915713,0.591391272,-0.056570351,-1.488548595,-0.885034342,-1.29974976,-0.362980497,-1.903808973,-0.978964326,1.086371002,-1.46793835,-0.543176654,-1.731040734,0.972292922,-1.623536837,-1.592580795,-0.759500681,-0.521718065,-1.347073648,-0.154784214,-0.212698293,0.500896493,-1.084413569,-0.332261116,-0.858729621,-1.086189769,-1.803022662,-0.500875293,-1.393520406,0.177727688,-1.380709983,-2.946942109,-0.46203546,-0.489390343,-0.583934096,0.539762874,-0.790319092,-1.514127733,-1.428784413,-0.52306691,-0.86441011,-1.170215708,-0.805644212,-0.908074577,-1.093923299,-0.530178352,0.2059567,-0.82052611,-1.275110832,0.01202738,-0.226649691,0.11680478,-0.658166212,-0.603672174,-1.448169765,-0.636766847,-0.181761714,-1.051824127,-0.545762194,-0.126130277,-0.932674211,-0.636955901,-0.857314527,0.57306776,-1.527397202,-0.932674211,-0.433710274,-1.798180037,-0.798507696,-1.509592577,-1.490322432,-0.142947009,-0.935218742,-0.921052049,-0.477552047,-0.169958298,0.084433056,-1.057278425,-0.457916968,-0.834710745,-0.08077631,-0.838635487,-0.626423549,1.713473551,-0.490859611,-1.48722028,-0.956592029,-1.008680181,-0.68995229,-0.101479169,-1.054691102,-0.653926467,-0.949330586,0.60278474,-0.792967516,0.089932108,-0.279184942,-0.400328324,-0.029840842,-1.418404415,-0.786359562,0.182154876,-0.188621359,-1.991430664,-1.206308864,0.058740495,0.131379078,0.792268271,0.387979794,-0.054350595,0.054677561,-0.657780037,-0.371353578,-0.623434568,-0.559315833,0.199915865,-0.311701578,-1.285544458,-0.632428446,0.045546815,-0.49511633,-0.277599737,-0.009646377,-1.461880348,-0.152685088,-1.412638336,-1.176033436,-0.001300846,-0.147456469,0.25502974,0.285404481,-0.082729648,-1.590616158,-0.284885985,-0.676290063,-1.550226053,-0.510992304,-2.545931352,-2.689719244,0.160246349,-0.333656205,-1.939331834,0.019214219,-0.658359355,-1.379120157,-0.467287322,-0.559315833,-0.531368525,-0.148732054,0.305423754,-0.255925041,-0.009242581,-1.820776418,-0.920298753,0.223783347,0.084616846,-0.43139849,0.779783487,-0.701582659,0.820572469,-1.584257614,0.032660782,-0.824851672,-0.414152737,0.782805052,-3.068302966,-0.85143976,-1.598003535,-1.278696351,-1.580850456,0.378436436,0.044016885,-1.619993426,-1.168927463,0.072134598,0.865797118,0.049551779,-0.193584749,-1.311558015,-1.181559209,-0.062620362,-1.907843948,-0.71621112,-0.520371037,0.49512298,0.456538378,0.126544541,-1.411407062,-1.171182982,-1.289530693,-1.058718725,-0.888189302,0.234281296,-0.931150595,-0.225145554,-1.119938075,1.031153953,0.082961521,-0.640934309,0.735871365,-0.462511763,-1.149800325,-0.388165611,-0.875868817,-1.520511703,-0.607520095,0.159649818,-0.928110309,-0.505009238,0.469003129,0.032563991,-1.686318957,-0.37760678,0.956088202,-1.368061593,-0.691348799,-0.549046837,0.841739585,0.149540067,-0.300024596,-0.327948666,-0.382579004,-0.3213078,-0.201504376,-1.065661189,-0.76507292,0.298696194,-0.227653707,-0.127833372,-0.72505073,-0.837479551,-1.626584071,-0.484508315,-1.011425927,0.154264959,0.00796817,-0.655658736,-1.054691102,-0.908570609,-1.270468796,-0.573233084,-1.7333019,-1.025547718,-0.698561813,-1.212341054,"RMS"
"38",0.620253855,-0.646263595,-0.384486702,-1.199648833,-0.913544506,1.259369668,1.985542865,-0.102697398,0.652741766,-0.168418652,1.362437025,-0.358676947,1.744231009,0.558815468,0.110377907,-0.920549789,-0.759928214,0.641748617,-0.95217701,-0.619896719,-0.031800313,1.905846795,-1.010052112,1.538392937,0.97986629,1.624346229,-0.331424995,-0.959459227,-1.027222293,-0.434018916,-0.418550348,-0.925331477,-0.036145447,0.880829344,0.918208891,0.848525678,-0.568454737,-0.581605806,-0.093871216,-0.967320903,-0.042072776,0.925646827,-1.045261113,-0.814411268,-0.264095763,-0.019182819,1.342812583,0.359770149,1.272481559,-0.643785751,0.750472247,-0.644357016,-0.287415441,-0.496265472,0.358303617,-0.624554389,1.292587895,-1.336742582,0.910192173,1.365045188,0.611503192,2.249099925,-0.985105048,-0.465533635,-0.961026626,0.105620482,-0.437420279,1.956482634,-0.029428811,-0.778051688,-0.929629296,-0.449573748,-1.08146023,-1.021651248,-0.972596568,0.098305689,0.753583549,-1.053543325,-1.057854296,-0.946234608,-1.135068826,-1.260543156,1.072405196,0.624493537,-0.937769764,-0.893551245,-0.687562802,0.724355108,-1.131342113,-0.037701867,2.120307535,-0.384046141,-0.714370817,1.325057052,-0.872273846,-0.963906586,-0.626236475,-1.116267224,0.647940588,-1.156771203,0.760478673,-0.442232832,-0.158409737,0.349247428,-0.579997083,-0.838404193,0.398104754,-0.844667988,-1.267622831,-1.163791015,-0.903621329,-0.309655053,-0.352967539,-0.06817178,-0.637523277,-0.941352162,-1.127629238,-0.123185101,-0.773489933,-0.041134543,-0.810355381,-0.696753676,-0.99452258,-0.56651453,-0.764858028,0.492559815,0.064382259,-0.62735944,1.880792413,-0.538539462,-0.238891908,-0.507497834,0.351149708,-0.850502991,0.030432207,-0.743178114,-0.163460549,-0.551300456,-0.730849048,0.632760031,0.848311632,-0.499720844,-1.173443599,-0.00471108,-0.876589365,1.347189641,-1.130412601,2.072492453,0.337543092,-1.060449828,0.809061805,0.807323721,0.660985494,-0.783728559,-0.798952239,0.152978565,-0.372949516,0.571487892,0.010346292,-0.85660773,1.189701451,0.35143122,-0.682800889,0.174961202,-1.202307525,-1.178955041,-0.365283318,-0.602392817,-0.115410852,-0.828050943,-0.13159042,-1.238564249,-0.926846246,-0.372078689,0.748581887,0.476668867,-0.982964865,0.833474181,-0.42098492,0.868653902,-0.622875128,-0.754597143,-0.206163531,-0.864884944,0.708479045,-0.956852344,2.401244204,-0.868691753,-0.148500008,-0.944433038,-0.639227339,-0.602027587,-0.576787379,-0.681613945,-0.757792374,-0.505174952,-1.4554301,-0.73334437,-0.596928323,1.019172177,-0.641124152,1.60763629,-0.324484379,-0.533412122,0.054298773,0.910876099,-0.067422676,-0.505506462,-0.852846559,-0.591132255,-0.457284857,-0.094750337,-0.521381138,0.092852617,0.824657783,-0.0927734,-0.284221401,0.654458326,-0.800064463,-0.787897517,-0.282362911,0.080196542,-0.574298047,-1.09302791,-0.698964066,-1.134135845,-1.135068826,-0.702591639,-0.48824907,0.650813628,-0.69615169,-1.063341675,-1.022762976,0.258047267,0.747161769,-0.515838166,-0.815766894,-0.266703666,-0.275885263,-0.526277728,-0.065498982,-0.391118514,-0.76593295,-0.971803442,-0.320618573,0.029364609,-0.664365379,-0.623434568,-0.87275243,-0.873949891,0.240118656,1.5167084,-1.427950036,0.939538399,-1.284098849,0.438770927,-0.559665789,-0.972332123,-1.177655496,-0.460766424,0.791905953,-0.204199135,-0.745493661,-0.88140633,0.53098113,0.682844288,-1.097812608,-0.604587004,-1.026663789,0.052971885,-0.996145957,-0.902634405,-0.105138318,0.093854575,-0.963120319,1.455143889,-0.943148186,0.373217361,-0.829196025,0.071855437,0.547427526,-0.492821999,-0.510325749,-1.221118963,0.502410314,-0.380528623,0.88211328,-1.023597585,-0.297867098,-0.967320903,0.155635292,1.506230632,-0.896243037,0.078903598,-0.329754849,0.192106858,-0.059431584,1.02983368,-1.28699216,-1.441807071,-0.03386707,0.134181181,-0.527293816,-0.105027238,-0.311428466,-0.009141658,-1.194022473,-0.68299885,-1.16860566,-0.865360003,-1.242367192,-1.077340153,-1.026105598,-0.33785319,-0.29410264,0.1780625,0.564063027,-0.125336491,0.076775839,0.20522395,-0.189950584,-1.438008797,-0.764643182,-0.824395467,-0.778051688,1.657179908,-0.80609194,-1.278696351,1.556543337,1.657408693,1.394163319,-0.109368537,-0.978698192,1.57470153,-1.158999439,-0.134446097,-0.628483667,-0.372078689,-1.096614286,-0.554603371,-0.183802653,-0.264486515,0.408792898,-0.149080223,0.987941402,1.226565653,2.119527265,-1.036482917,0.151518648,-0.822572728,-0.241689469,0.351642301,1.035494979,-1.125161624,1.410108539,-0.449887326,-0.981896489,-0.820071874,-0.133874309,1.388317314,0.429181635,0.87563539,-0.895263365,1.428539343,-1.052969931,-0.772839949,-0.867738691,-0.71355399,-0.167117723,-0.101479169,-0.203095856,0.054677561,-0.152918106,-0.351971736,-0.175663769,-0.492985706,-0.365715689,-0.310473161,-0.996416776,-0.646645347,-0.761426021,-1.036482917,0.360886065,-0.299754654,-0.760142049,-1.171505614,-1.043556083,-1.075872802,-0.850971266,-0.428017513,-0.720723948,-0.766793721,-0.225521376,-0.659325632,1.152753191,0.829337535,-0.238384101,-1.182537524,-0.926088574,-0.739610055,-0.195285223,0.44519851,-0.988055298,-1.365315955,-0.609909582,0.12751332,-1.068859331,0.585506289,-0.604220971,-1.119019098,-0.771973961,-0.172450437,-1.294992203,-0.932420114,-1.037046933,-0.878994947,-0.190676361,-0.283158984,0.106789494,-0.187293898,-0.667284521,-0.286882392,0.59685652,-0.459498997,-0.164049512,-0.262794357,-0.472887784,-1.258077063,-0.714779481,0.553367738,-1.106846094,-0.549046837,-0.616000971,0.160842525,-1.09302791,-0.856372242,-1.024711481,0.596746406,-0.530178352,-0.928110309,-0.586267819,-0.813508537,-0.927604492,-0.904856354,-0.015621381,-0.394376811,-0.672560547,1.528856726,-0.205426431,-0.743809095,0.094127663,-1.03817592,-0.555648667,-0.720518377,0.304686671,-0.629046255,-0.998857456,0.805940008,-0.647982629,0.798362686,-0.000300045,0.575601617,-1.065661189,-0.194556094,-1.118406916,-0.641124152,-0.333935457,1.141352442,0.632069331,0.585450605,0.651178696,0.357604512,-0.575364145,-0.835863483,0.104089709,0.313130497,-0.694948803,-0.471124257,-0.387428746,-0.911800827,-0.126697653,-0.162636583,-0.300294611,-1.055265484,-0.944947441,-0.96942783,-1.083231187,-0.920047781,-0.824851672,-0.487434671,-0.737308076,-0.362118304,-0.476424197,-1.122085645,-0.584292776,-0.40661577,-0.6267978,-1.263369014,-0.531028331,-0.48694635,0.31685245,-0.661842331,-0.562294372,-0.893062606,-1.067986095,-1.154547921,-0.286482792,-1.293532881,2.288830937,-0.643405089,-0.248204982,-0.556520583,0.116003676,-0.609909582,-0.516843696,-0.735637232,-0.248461359,-0.630360192,-0.231553819,1.642253541,-0.663394222,0.5873977,1.377858882,0.123809286,-0.586267819,-0.486133011,-0.701179352,0.711478137,-0.888918785,-0.253602759,-0.940071261,-0.011870173,0.60163478,-0.760997847,-0.858021824,0.585784662,-0.761854379,1.629064054,1.658970658,2.154409858,1.934300156,-0.129084153,-0.898450814,0.794574973,0.420353721,0.722803065,0.219617342,-0.868453402,0.049837235,-1.087672349,1.207496588,-0.376149054,-0.998043234,1.112646678,-0.17387731,-1.15518264,-0.674914412,-0.338835026,-0.4674469,-0.340520419,-0.886004039,-0.651429587,1.448118264,-0.671972945,-1.423373369,-0.875868817,0.326926824,-0.838866835,-0.56528181,-0.511325749,-0.306117635,0.570979547,0.270408744,-0.181521877,-0.24538916,-0.207885549,-1.197659442,-0.850268936,-1.188099455,-1.118100965,0.931849071,-1.131962268,-0.999672341,-0.460449416,-0.970482961,-0.660099327,-1.042137442,0.271857522,-0.795622972,-0.83609419,-0.728981634,-0.889648801,-0.098495247,0.083697559,-0.096731189,0.877591483,-0.136392625,-0.767009029,-0.210227326,-0.987786734,-0.099488899,-0.367591456,-0.501370465,-0.177334015,-0.848865756,0.198276924,-0.914542261,-1.176033436,-0.676683455,-0.618967782,-1.005941954,-1.004575647,0.009851316,0.055340095,-0.891354247,-0.810355381,0.736781218,-1.170538028,0.453365988,-0.358104537,-1.222476276,-0.311565013,-1.221118963,-1.201642189,-0.803631914,-1.270825111,-0.794073099,-0.863461118,-0.498238508,-0.71539279,-1.113522901,-1.16667702,0.143580728,0.174457382,-0.521212717,-0.739400565,-0.173996308,0.01597177,-0.883339632,-0.346159002,-1.178305058,-0.709683149,-0.759073331,1.660777206,-0.384046141,-0.370339306,0.58316489,-1.025826619,0.151948256,-0.972861083,-0.489716661,-0.927351679,-0.602210186,-0.912298711,-0.319654452,-1.116878097,0.624547089,-0.761854379,-0.776746204,-0.718670138,-0.320343015,-0.852611955,-0.142485648,-0.686370196,1.105223718,0.365614864,-0.840487768,-0.419006379,0.851944192,-0.608989873,-1.036764885,0.329735309,-0.086975014,0.34344785,-0.732928051,-0.76035593,-0.959198233,-0.770676383,-0.130336502,-0.792083928,-0.588246771,1.620199795,-1.039588948,-1.108056747,-0.039884934,-0.552168587,-0.065071997,-0.380236054,1.277344077,-0.931912113,-0.75098818,-0.527293816,-1.74239804,-1.394326533,-1.284460055,-0.635633274,-0.491513313,-1.231344001,0.051738195,-1.099312534,-1.072067733,-0.687363936,-0.667089646,-0.827593277,-0.35982275,-0.14352401,0.634564223,-0.860619535,0.316488164,-0.732511904,-0.846065287,-0.06134363,-1.13103218,0.522477477,-0.95217701,-1.079103822,-1.010052112,-0.530178352,0.436640726,0.715740029,0.194579454,0.373561559,-1.169893491,1.190613971,0.03130485,-1.140685065,1.46485135,-0.700171795,-0.117433097,-0.822345119,-0.24910259,-0.882372514,-0.638658995,-0.690151672,1.464319651,-0.104694071,-0.819617845,-0.76378426,0.127601345,-0.150474113,-0.680230955,-0.453185844,-0.882372514,-0.938791997,-0.551821244,0.161778656,-0.678849876,0.463796907,-0.468404908,-0.594932133,0.101201881,0.287807065,0.37775127,0.101743984,-0.818483672,0.756685201,-0.890622985,-0.19431317,-0.872034641,-0.041342964,0.23791393,-0.506501652,-0.681613945,0.241454871,-0.794515675,-0.932420114,-1.084117843,-0.800509699,-0.192856859,0.211151938,-0.806763907,-0.162871933,-2.368724895,-0.372078689,0.727935006,1.80426429,-0.048875168,-0.837017551,0.072134598,-0.940839605,0.413763911,-0.703197516,-1.181233317,-0.881647788,-1.072359918,-0.913793852,-0.429860265,-0.487434671,-0.645309851,-0.777398733,0.525142644,-0.526785643,-0.329059777,-0.394821948,-0.497415937,0.212123048,-0.182361558,-0.860619535,-1.088859997,0.081579987,1.043170048,0.26174869,0.020782539,-0.432939085,-0.583934096,-0.294371061,0.361931106,-0.95972029,-0.887217484,-0.548527491,0.788911803,-0.417031744,-0.916040763,-1.019985968,-0.144216851,0.897067137,-0.683791086,-0.606052474,0.250603064,-0.719901918,-0.367591456,0.520221345,-0.559140901,-0.967847219,-0.581069277,0.848311632,-1.091835304,-0.99398204,-0.916790857,-0.787677664,9.9995e-05,-0.078285918,-0.992092445,-0.764858028,-0.141102841,-0.958415658,-0.992362169,0.523425906,-0.817577259,-0.526955006,-0.624741148,-0.027679569,-0.849333264,0.63715867,0.518198378,-0.695550065,-0.45082865,-1.114741671,-0.715188311,-0.758219177,-0.308156926,-0.392302122,-0.556520583,-0.211462047,0.449035323,-0.937769764,0.323676433,-0.827135821,0.899998735,-0.816897988,-0.807884858,-0.526955006,-0.434173272,-0.589688472,-0.333237474,0.880746452,-0.350834887,-0.938536341,0.176219645,-0.686966321,-1.083822203,0.652689703,0.342667293,0.556926461,-0.543865478,-0.708666992,0.666238364,-1.11078609,-1.029179514,-0.543176654,-0.337152468,-0.991553216,0.424679327,0.014494446,-0.797397202,0.497740384,-0.995333939,1.090983262,0.037873652,-0.728359936,-0.7271177,-0.699567748,-0.776528789,-0.445506158,-0.393783603,-0.759286983,-1.037893554,-0.608254714,0.403930598,-0.018367657,1.137865053,-0.15455076,-0.830571856,1.900120479,-0.322687682,0.029170377,-0.873231242,-0.211462047,-1.09243143,0.607970483,0.149281703,-0.377169239,-0.987518241,-0.980829253,-0.264095763,-0.255150347,-1.191385689,-0.503188197,-0.989399204,-0.978166136,-1.067986095,-0.016129382,-0.553733125,-0.418398384,0.265359773,-0.615260642,-0.384339826,-0.884792065,-0.917041013,-0.503188197,-0.233067633,1.048721519,0.560929211,-0.753109522,-0.341082849,0.16695408,-0.188259149,-0.943918899,-0.673736787,-0.874429278,0.322445752,-0.95191791,0.23079421,-0.636955901,0.832213229,-1.131652143,-0.666894809,-0.336452237,0.090480353,-0.921052049,0.453048195,-0.513662979,-0.863461118,-0.681811671,-0.513997315,-0.441144101,-0.444569828,-0.964955904,0.390283786,-1.175709339,0.134793096,-0.311974765,-0.004510155,-0.486458267,-0.176140698,0.538362967,-0.685377443,-1.088562953,-0.347998408,0.671157163,0.340962142,-0.649130295,-0.714370817,-0.320343015,0.145225252,-0.382872259,-0.098826354,-0.274042187,0.009653257,0.14461969,-0.704005924,-0.606786015,0.413631671,-0.626984978,-0.991014278,-0.718875329,-0.404965233,-0.249744233,0.003493889,-0.663394222,0.242161557,1.041336221,-0.559665789,0.131379078,-0.779140894,1.860149937,-0.028811082,-0.032213322,-0.629046255,-0.703803761,-0.133188594,-0.738772359,0.217527813,-0.202483449,-0.138457793,-1.115046595,-0.956071602,-0.542488304,-0.495280412,0.338612801,-0.181641788,-0.807660567,0.104450101,-0.66533748,-0.384339826,-0.50120538,-0.374257181,-0.074077203,-0.756726162,-0.562820919,0.113328685,-0.307204739,-0.479326957,0.984397878,0.127249201,-0.417031744,-0.390675023,-0.511659305,-0.137654165,-1.16860566,1.490203825,0.218814193,0.426443514,-0.651046005,-0.627172192,-0.876349125,-0.484995447,-0.751200112,-0.365571544,-0.180203801,-0.237749704,0.9103129,-0.671777155,0.925646827,-0.58411342,0.286005668,-0.71621112,0.373768021,-0.758005753,-0.761854379,-0.784823969,0.355994713,0.459511277,-0.860619535,1.71390603,-0.878754128,0.144273489,-0.981095955,-0.902387827,-0.404215889,-0.455864066,-0.622129693,-0.924070919,0.664490471,1.657332438,0.256578327,0.257351723,-0.738563044,0.05107327,-0.258252728,0.116181754,0.589451944,-0.545072062,-0.290486,0.576894224,0.201225087,0.737785882,-0.730226189,-0.052030408,-0.019794627,-1.064210862,0.274596833,-0.84397007,0.960269339,-0.632240246,-0.617854197,-0.340801595,0.429116528,-0.846531487,0.115023677,-0.15455076,-1.172151192,-0.703803761,-0.272596435,-0.466968241,-0.908074577,-1.064210862,-0.653926467,0.115647424,-0.67648674,-0.776746204,-0.600021203,-1.032262908,-2.223773913,-0.404215889,-1.20330636,-1.216045386,-0.911800827,1.433082523,-0.758646163,-1.77254525,-1.100814712,-0.425718837,-0.967320903,-0.957633695,-0.001501126,-1.452006904,-0.973125669,-1.14696255,-1.096913732,-0.294236841,-0.036767724,-1.256670593,-1.419644341,-0.672364641,-1.112001526,-1.138185064,-1.3919101,-0.516843696,-0.334075112,-0.396455814,0.775924607,-1.187443502,-1.405273328,0.642380064,-1.197328262,-1.231001477,-1.039871794,-0.924574951,-1.293897512,-0.879717752,-0.579818495,-0.621198681,-0.593663902,-0.944433038,-1.324634981,-1.412227743,-0.886489241,-0.934709317,-0.045625178,-0.339817827,-0.963644428,-0.78987837,-0.125563223,-1.332943186,-0.768517488,-1.130722343,0.127337248,0.236494036,-1.15486523,0.038258712,-0.74675895,-0.932420114,-0.835632829,-1.296453657,-0.511492513,-0.435718151,-0.811255269,-0.638090975,-0.678258568,-0.653926467,-0.423120043,-1.16667702,-0.531538665,-0.672168774,-0.677273831,-0.427864103,-0.74865989,-1.053830146,-1.15518264,-0.47176518,-0.8495671,-0.775659602,-0.01582455,0.864871114,-0.615815838,-1.293532881,-1.083526651,-0.402569305,-1.158362293,-1.204306193,-0.924322904,-0.526447005,-0.519866368,-0.724637848,-0.479650006,-0.417638909,-0.485970423,-0.407216641,-0.906340401,-0.31416295,-0.395712817,0.631856712,-1.136002678,0.195977883,-0.848632083,0.48722941,-0.081318521,-0.759714425,-0.757365753,-0.644357016,-0.837248525,-0.136392625,-0.796509694,-1.102319151,-0.877550904,-0.068600091,-0.746969987,-0.297867098,0.01242252,-0.788557365,-0.432630776,0.020782539,-0.623434568,-0.262794357,-1.055840197,-0.864172778,-0.973919845,0.563607809,-0.603306477,-0.52239226,-0.757579041,-0.27812786,-0.964693471,-0.690949597,-1.0336676,-0.422814746,-0.908570609,-0.163931692,-0.855195633,-0.260585847,0.769784095,1.427460296,-0.436646226,-0.453028525,-0.389198136,0.70547093,0.235546318,-0.779358877,-0.840024376,-0.964431107,-0.858729621,-0.624927942,-0.745493661,-0.837479551,2.208823713,-0.817803785,-0.060280931,-0.726083681,-0.528480559,-0.785481792,-0.923063616,0.007472015,-0.403317416,-0.328642966,-0.949072221,0.01222497,-0.979496808,-0.989399204,-0.646645347,0.52614764,-0.428324402,-0.823939471,-0.687363936,-0.358390701,-0.572523738,0.131028262,-1.136625731,-0.547489608,-0.45444529,0.512763744,0.379052684,-1.126086266,-0.22752815,-0.491186409,-0.446287103,-0.747181069,-0.59747343,-0.654503557,-0.171144256,-0.530178352,-0.332539978,-0.50766396,-1.188427593,0.552274622,-1.126703169,-0.725257234,-0.67766761,-1.159636991,-1.351699716,0.084524955,-0.842807955,-0.751836177,-0.057523186,-0.388755495,-0.537340729,0.475799302,-1.07557959,0.414689103,0.158882325,-0.13834295,-0.639227339,-0.19723217,-0.691149178,-0.728359936,-0.753534331,-0.701380985,0.21390097,-0.917541514,0.201879056,-0.26097523,-0.382872259,0.561328606,-0.567043304,-0.255666743,-0.55321134,0.496523839,-0.717849793,-0.916540763,-0.723606388,-0.414758155,-0.888189302,-0.653541926,-1.07939807,-1.133203733,-1.091835304,-0.720929562,-1.08915713,-0.09530018,-0.501040323,-0.505009238,-0.217534313,-0.360396145,-0.971803442,0.267045598,-0.896978421,-0.272465107,-0.551300456,0.369077711,-1.189412653,-0.69615169,-0.970219074,1.031403539,-0.617297868,-0.119346758,-0.665532014,-0.229790594,0.725517561,0.19803085,-0.94160854,0.520459073,-0.024600117,-1.14696255,-0.23041996,-0.345735004,-0.735428573,-1.023597585,-0.841183259,-0.304082494,-0.593301846,0.109123427,1.871971393,-0.599656837,0.4819322,-0.335332886,-0.39630717,-0.924070919,-0.866786537,-0.181881654,-0.747814582,-1.027501661,-0.732303896,-1.072944542,-1.0761661,0.087186362,0.112077903,-1.002393431,0.089383561,-0.411885676,-0.938025224,0.622349109,-0.986176859,-0.248589573,-0.550606494,-0.52306691,-0.648365038,-0.079909383,-0.929629296,-1.158043872,-0.702995517,-0.389493339,0.859974316,-0.660486398,-0.450514777,-1.200312843,-0.763140552,-0.117320643,-0.244622583,-0.723812595,-0.94032731,-1.036482917,1.207317206,-0.99452258,-0.395267283,-0.792304752,-0.525600909,0.609439431,-0.441144101,-0.403467105,-0.856843273,-0.533753128,-0.021121497,-0.292225713,-0.775876828,-0.288615842,0.328440065,-0.56563386,-0.809680997,-0.975775379,0.204816635,-0.397794602,-0.157355811,-1.002393431,-0.497087098,-0.151986357,-1.010326724,-0.48824907,-1.197328262,-0.386839644,-0.539911205,-0.16134315,-1.023041102,-1.004029646,-0.480296419,-0.391266389,-0.755661086,0.236020289,0.747540664,-0.064751877,-0.324761081,0.158114243,0.592774206,-1.073529508,0.017839918,-0.71355399,-0.305710275,-0.987518241,-0.386545223,-0.479650006,-0.872991807,-0.337432698,-0.398688124,-0.45523325,-0.825079852,-0.997771974,-0.560366069,-0.390084006,-0.378190466,-0.208747671,-1.016387348,-1.031701583,1.209706336,-0.650087691,-0.822572728,-0.648747593,-0.134903762,0.773297575,0.238544348,0.830558536,-0.70623242,-0.474011651,-0.954771719,1.263646386,1.12865641,-0.194677579,-0.610277703,-0.825308084,-0.197597644,0.310714772,-0.195042121,-0.836786631,-0.713145827,-1.255266099,-0.164638822,-0.815088851,-0.609357655,0.489193324,-0.050556724,-0.926088574,-0.287815415,-1.067986095,-0.578212642,-1.091835304,-0.651237777,-0.701784374,-1.073236982,-0.730641385,-0.943148186,-0.328781883,-0.771757581,-0.080126044,-0.952954716,-0.571106555,-1.085301275,-0.792746546,-0.69174816,0.03758476,0.182738137,-0.981362729,0.045451263,-0.871317366,-0.719285838,-0.986713196,-0.630172381,0.700172445,-0.730849048,-0.302592685,-0.109591677,-0.818710404,-0.445037883,-0.971803442,-0.236862223,0.856837923,-1.138809478,-0.123750807,-0.768301854,0.3249056,-0.152452123,-0.426790895,1.152942633,-0.475619368,0.155121637,0.734097167,0.223383523,-1.015006705,0.617992507,1.129723284,0.173112618,0.33160326,0.90093341,-0.497087098,-0.847464541,-0.939047719,-1.320881223,0.597351883,-0.896243037,0.528213573,-0.737935363,-0.825536369,-1.2772606,-0.741077714,-0.362405619,-0.965218405,-0.88673193,-0.83378951,-0.893062606,-0.966006324,0.718522487,-0.392746336,-1.151380354,-0.709886505,2.266926827,1.634598708,2.136058142,-0.62735944,0.007769737,-0.302592685,-0.054773026,-0.989668202,-0.121602822,-0.86654864,0.239725311,-0.934454703,-0.969955256,-0.266312047,-0.890622985,-0.505174952,0.380557472,-0.602940913,0.008067371,-0.531879033,-1.064500759,-1.051824127,-0.690351093,0.44327457,0.402728032,-0.096070469,-0.187052731,-0.958937307,1.282321771,0.718473739,-0.402868482,-0.639606414,-0.402868482,-1.04072081,-0.979763155,0.574813994,-0.394525168,-0.157238776,-0.533071233,-0.624741148,-0.21109147,-0.424189317,1.333947881,0.481808675,0.354522629,-1.04611472,1.023529483,-1.146647738,0.20261426,1.219590215,0.0835136,-0.459657337,-0.441610555,0.556811861,-0.003104815,-0.276939976,-0.518018094,-0.870123051,1.040347381,-1.076459484,0.281412459,-0.531198414,-0.480781502,-0.591674212,-0.523404406,-1.146018411,-1.113522901,-0.603489309,-0.764213629,-0.945719543,-0.555125883,-1.045830103,0.353188875,-0.944175935,-1.019708691,-0.748237147,0.585394918,-1.145703896,-0.634689611,1.178316478,-0.326977455,1.879312366,0.618692995,-0.55809195,-0.460132509,-0.298271274,-0.817577259,-0.550953415,-0.819844834,-0.124543335,-0.323516525,-1.157725553,-0.188138442,-0.988861425,0.687129108,-1.158362293,-0.654695994,-0.575008653,-0.368313842,-0.553037473,-0.984034384,-0.923818998,-0.800955133,-0.539911205,-0.236228791,-0.488738027,0.39904454,0.350445582,0.413300994,-0.809905741,-0.029325829,0.717644652,-1.128865332,-1.128556165,0.267581401,-0.808782524,-0.713145827,0.071669287,0.368178523,-1.200645014,-0.700574696,-0.768301854,-1.006215439,-1.109268869,-0.826907171,-1.082640519,-0.942891414,-0.615075645,-0.187173308,-0.62511477,-0.384486702,-0.964693471,-0.77479117,-0.783509621,-0.516843696,0.362488015,-0.759928214,-0.996145957,-0.889405403,-0.198450939,-0.659325632,-0.645119212,-0.714779481,1.47453415,0.540578582,-0.457284857,-0.2569589,0.413036374,-0.01136433,1.073089331,-0.652965391,0.103909463,-0.372804326,0.617669039,0.514439087,-0.647600366,-0.697958738,0.527682741,0.089932108,-0.654888468,-0.07612539,-0.960503887,-0.786140047,-0.905845474,-0.956331781,-1.041287222,1.224569234,1.018341777,-0.806315879,-0.779794987,-0.976040736,-0.740867917,-0.527632742,-1.12639467,-0.794515675,-0.128629143,0.157943478,-0.515168373,1.639676095,-0.13398864,0.814877969,-0.405115169,0.123544186,-0.410980289,-0.8495671,-0.511992972,-0.589868831,0.826628572,-0.353252237,-1.07031642,-0.498897053,-0.411885676,-0.996958635,1.332102132,-0.852377406,0.539937724,-0.769596353,-0.355390055,0.342170258,1.253305678,0.061471322,-0.531879033,1.551066999,-0.670407694,-0.542488304,-0.978698192,-0.77414034,-0.922811949,-0.383312303,1.74473774,-0.668649709,1.491622376,-0.602392817,-0.291422392,0.619392992,-0.707651867,-0.714370817,-0.520707624,-0.572701027,-0.51902582,-0.537683078,0.393392527,0.094218675,0.571092535,-0.311291938,-0.507996297,-0.273384768,0.569339785,-0.686171567,-0.536143432,-0.581426931,0.18548322,-1.018046641,-0.213936071,0.272619195,-0.630360192,-0.654695994,-0.365139237,-0.455548608,0.050788167,0.065600457,0.247641023,0.624547089,-0.573942933,-1.267978134,-0.463942038,0.081948583,0.129535921,0.01960653,0.109571636,0.485507816,-0.438504962,-0.883581557,-0.83632495,1.12499453,-0.601115095,-0.552863635,-0.828966904,-0.900417383,-0.340239323,-1.09302791,-0.806763907,2.294058848,-0.396009949,0.569679267,0.17580034,-0.88213088,-0.577143505,-0.332121714,-0.632993258,-1.02443289,-0.214555534,0.252857681,-0.100262422,-0.923567141,-0.059750004,-0.48694635,-0.589868831,-1.010601411,0.793942291,-0.854490331,-0.859201765,-0.670798777,0.98252781,-0.368602943,0.265436464,-0.09783336,0.193920693,-0.047301273,-0.965218405,-0.100815305,0.955511445,-0.096070469,0.042197049,-0.965743616,0.111899092,-0.663394222,-0.18224156,-0.37760678,1.042112481,0.144273489,-0.657973106,-0.415970093,-0.869645724,-0.336312249,-0.401971219,-0.601115095,0.194167779,-0.104805114,-0.160051388,-0.447850825,0.264515794,-0.860619535,0.446095084,0.001498876,-1.188427593,0.310861345,-0.302457358,-0.863935502,0.215433908,-0.345452438,-0.618225254,-0.376294731,-0.261624538,0.656223826,2.206349485,-0.821435201,-0.645119212,0.114934538,-0.239145909,-1.000759889,-0.594569617,0.239095638,-0.393635356,-0.648938926,1.220534893,-0.438349935,-1.088265997,-1.001576326,-0.431090656,0.062786988,0.039893564,-0.550086338,0.258896721,-1.004575647,-1.169249368,-0.727324632,-1.278696351,0.234676787,-0.126130277,0.059965581,-1.217395825,0.301584978,-0.690550555,-1.031982206,0.392582482,-0.932928373,0.399447036,0.184735308,-0.786579125,-0.198694871,-1.049822124,-0.851908473,-0.548354436,-1.019985968,0.962257867,-0.736890104,-0.38389933,0.49158164,-0.026036015,0.300474894,-0.844202655,0.448013611,-0.654888468,-0.147108865,0.462916072,-1.009777575,-0.463942038,-0.746337009,-0.512493681,-0.224144052,-0.735637232,-0.488575015,2.06869652,0.385262401,-0.364707116,-0.897959775,0.322011033,-0.667089646,-0.858965665,-0.42007126,-0.589688472,-0.982964865,-0.584472164,0.349106374,0.093217082,-0.892574205,-0.631675858,0.28570512,-0.735428573,-0.767009029,-0.295714244,-0.944690206,-0.384780517,-1.225196441,-0.160755779,-0.485807861,-1.188427593,-0.666894809,-0.779576909,-0.067101804,-0.953733027,-0.892086043,0.066910705,-0.801177925,-0.739191119,-1.065370955,-0.901894852,-0.672168774,-0.356246464,-1.246532419,-0.927604492,-1.063341675,-0.835863483,-0.83609419,-0.614705754,-1.236840408,-0.500545314,-0.946234608,-0.347856795,-0.771757581,-1.112001526,-0.270235159,-0.96233467,-0.440833252,-0.516676037,-0.942891414,-0.803631914,-0.703399557,-0.621198681,-0.304353607,-1.319383656,-1.023597585,-0.791201121,-1.067986095,0.875093667,0.641538047,0.117694143,0.95339382,-0.885276678,-0.608806032,-1.109268869,-1.225536982,-0.676093426,-1.201309687,-0.643976137,-0.60495317,0.395145376,-0.773056564,-1.009228728,0.811152414,-1.432128897,-1.0744076,-1.210661792,-0.175663769,-0.612858349,-0.860856025,-0.886974678,-1.033386504,-1.020818261,-0.303811454,-0.759073331,-0.946492241,-0.963120319,0.377339944,-0.531198414,1.271977187,-0.236102152,-0.15431736,-0.832869124,-1.127629238,-0.459815703,-0.62064049,-0.599110539,-1.055840197,-0.838172953,-0.802738857,-0.705422211,-0.505838082,-0.808782524,-1.208315554,-0.745704431,-0.107696575,-0.731264503,-0.389198136,-1.037611267,-0.93623837,-1.096015663,-1.275110832,-1.200977295,-0.877070019,-0.56528181,-1.174737679,-0.2026059,-1.182537524,1.03946366,-1.358290165,-1.28157405,-1.317514846,1.246974821,-1.16219127,-0.560541216,-0.988323935,-0.575186383,-1.010052112,-0.426025022,0.11270349,-0.702187925,-1.301953213,-0.186088643,-1.047824122,0.734960683,-1.162511015,-1.241674672,-1.149484619,-1.035074268,-0.978964326,-1.047253996,-0.792525625,-1.167640875,0.515813165,-0.887703275,-1.006762635,-0.569868164,-0.935473551,-1.019154367,-1.175385347,-0.57963994,-1.360626614,-0.759928214,-1.159955919,-0.62942149,-1.116572614,2.419469948,-1.118100965,0.096672887,-1.224856015,-1.008954417,-0.625488532,-0.732303896,-1.002665948,0.444621717,-0.520202786,-0.759714425,-0.371933625,-0.385368406,-0.999672341,-0.776094101,-0.887703275,-1.165714092,-1.214359897,-0.892330094,-0.437575162,0.525024343,-1.134757735,-1.004848759,-0.491676805,-0.763569645,-0.739610055,-1.133514341,-0.889162064,-1.175709339,-0.995875211,-1.210997419,-1.205974807,0.980129008,-0.054667401,0.093581414,-0.542660347,-1.041287222,-0.383165601,0.983051781,-1.100814712,-0.790980541,-0.679244275,0.149195566,-1.056990614,-0.684187439,-0.894040123,-0.590771114,-0.418702335,-1.607939036,-1.115656723,0.227294922,-0.054984308,-1.291347884,-0.510658971,-1.438430116,0.509404615,0.577399572,-1.08915713,-0.375857763,-0.225396086,-1.07089985,-0.277863764,-0.86298696,-0.694548161,-0.407817874,-0.256829609,-1.336361992,-1.248273063,-1.228265497,-0.537683078,-1.113218441,-0.68458395,-1.142250746,-0.954252238,-1.064500759,-1.438851612,-0.463942038,-0.875148789,-1.11078609,-0.815766894,-1.057854296,-1.097812608,-0.797841252,0.053445976,-0.848164903,-0.558441478,-0.96233467,-1.201309687,-0.740448454,-0.906835573,-0.216913002,-0.57234648,-0.925583779,-1.220440997,-0.098164249,-0.358676947,-0.792746546,-1.13103218,-0.677077,-0.706637771,-0.405265128,-0.808558032,-0.689553645,0.303727651,-1.03423003,0.79809261,-0.034798506,-1.03817592,-0.817803785,-1.221118963,-0.896733233,-0.725877005,-0.179365929,0.281638849,-0.759714425,-1.309703759,-0.565809932,-0.927098931,-0.187293898,-0.682800889,-1.294262276,-0.828508818,-0.614336,-1.276901984,0.266126409,1.002064677,-0.83034242,-0.86298696,-0.689553645,-0.705219762,-1.519140274,-1.347458337,-1.37634403,-0.429092039,0.079365555,-0.935473551,-0.942891414,-1.0336676,-0.929882685,-1.122085645,0.084433056,-0.011768984,-1.418817553,-0.070529766,-0.9331826,0.49980512,-0.844667988,-0.992362169,0.786136487,-0.696753676,-0.920549789,-1.330292171,-0.821435201,-0.979763155,-2.178599113,-0.999400639,-0.830801346,0.14790263,-0.39988073,0.147730112,-1.187443502,-0.391118514,-0.073431278,-1.228265497,-1.214359897,-0.699769057,-0.894773888,-1.363750397,-0.838172953,-0.926341068,-0.622502341,-0.729396313,0.633237928,9.9995e-05,-0.984301942,-0.363268059,-0.885761527,1.03818973,-0.495280412,-1.231001477,-1.121471583,-0.902881045,-0.847464541,-0.772623382,-0.146066776,-1.213686497,-0.711107506,-1.172474137,-0.835402228,-1.184823985,-0.99398204,-0.026857454,-0.528989594,-0.964955904,"RMS"
"39",1.131821378,-0.939047719,-0.932166081,-1.236151703,-2.195526021,1.739922167,1.701086853,0.430482871,-0.270497248,0.248967231,1.513191294,-0.370194494,2.037512163,0.760431927,0.310641477,-0.389493339,-0.842343487,0.261055716,-0.898942094,0.277025492,-0.002603386,2.11465182,-0.438504962,1.39948202,1.256612692,1.995053992,0.266739295,-0.059643853,-1.052969931,-0.071066448,0.454318762,-0.170906952,0.159223506,0.443338761,1.022163117,-0.430475271,-1.759679576,-1.103825856,-0.871556401,-1.709258248,-0.629046255,0.952121089,-1.341320996,-0.616000971,-0.472727335,0.612208238,1.667631346,0.410386312,1.5246858,-1.766676689,1.405949919,-1.354020801,0.3587927,-1.610939039,0.768532908,0.221702514,1.422746823,-1.236495996,0.893717871,1.461448215,0.929404371,1.246198613,0.01222497,0.711625402,0.510485566,0.45152138,-1.584257614,1.482399679,-0.394525168,-0.621012583,-1.131342113,-1.073236982,-1.795767491,-0.671777155,-1.189412653,-0.604587004,1.062466842,-1.169249368,-0.891842052,-1.698269126,-0.381699755,-1.134135845,1.071446621,1.022127134,-1.112001526,-1.348613294,-1.714243027,0.921437465,-2.163693094,-1.650780876,-1.031701583,0.531098729,-1.020540753,1.541523031,-0.349132035,-0.051293294,-0.254118356,-1.463607464,0.373010785,-1.069441911,0.702948986,-0.698561813,-0.297059234,-0.078394067,-0.325314714,-2.62554898,0.090206268,-1.021929064,-2.763034509,-1.811554097,-1.330292171,-1.056127677,-1.837594006,0.45266671,-0.930389656,-0.382285835,-1.20330636,1.177331043,-1.510045169,0.478901426,-0.819617845,-0.791642427,-1.88321708,0.017152059,-0.310336763,0.159905518,1.083092477,-0.940583424,-0.520707624,-0.403167749,-2.750435918,-1.602958946,0.899103881,-1.064500759,0.351501585,0.114934538,-0.402718882,-0.447381451,-0.891354247,0.810841323,1.869954317,0.661501703,-0.700776208,0.092943746,-0.393635356,1.742271562,-1.143818882,2.028858521,-2.212744389,-1.307483181,1.009526033,-0.961549638,-0.142716302,-1.336361992,-4.721704002,1.735294932,-0.087411457,-1.580850456,0.519745721,-0.730226189,0.144273489,1.096409865,-0.543004522,0.985966037,-2.698595042,-1.244794799,-0.895753081,-1.534794369,-1.472724089,-0.197597644,-2.187472286,-1.993630885,-1.338647708,-0.283158984,-1.268689119,0.857219902,-4.283086687,0.37829944,0.470628434,0.172523714,-0.383018919,0.002796087,0.701512097,-3.432688049,-0.328920821,-1.698815724,2.438339014,-1.428784413,-1.45328923,-1.673443242,-0.043951888,-1.243753674,-0.686370196,-1.669718843,-1.077927698,0.298325233,-2.025711219,-0.224394333,-0.973919845,0.554459661,-0.765287858,1.840422641,-0.390231728,0.918568137,0.545342986,0.441861323,-0.338554403,-0.549913013,-0.834480357,-1.408949052,-0.624927942,0.800969663,-0.103584316,0.947052694,0.355924663,-0.089815304,-0.239145909,1.555889446,-0.145257013,-1.556845462,0.446479084,-0.191039447,0.410651635,-1.87470639,-2.273026291,-2.32995629,-0.934454703,-2.347582459,-0.360682965,0.212284808,0.974748301,-2.176833888,-1.493879572,-1.552585101,1.482626746,-0.569868164,0.116448813,-1.987044692,0.598011985,-0.614336,1.213398245,-1.410177302,-0.06325934,-2.458069996,1.043451878,0.006776984,0.080473384,0.099845335,-0.186088643,0.43857746,1.22756237,-0.330172124,-1.704298194,1.551384981,-2.458069996,-0.025522957,-0.169484308,-1.643511893,-1.615959129,-0.221894332,1.501741337,-0.223518622,0.30652836,-1.072067733,-2.916921093,1.524315659,-0.813508537,-1.291711719,-1.115656723,0.065225785,-1.643511893,-1.740686199,0.087552897,-0.101257832,-0.923567141,0.01350835,-0.153850725,-1.523719037,-0.900417383,-4.51899249,-0.095740272,-0.14329317,-0.799841919,-1.872752628,-0.721340915,0.274520842,0.082501222,-1.638866723,-1.589145209,-0.706637771,0.745502411,2.007233686,0.179149866,1.441279582,-0.442388462,0.501320594,1.200085258,1.24498998,-0.968637212,-2.438404816,-0.267487365,0.961646434,-1.199980783,0.093034866,-4.482952553,0.09921165,-1.178955041,-1.233744963,-1.53433044,-0.196258223,-1.683084453,-0.825308084,-0.750140902,0.556238663,-2.112791521,0.88628503,0.021272135,0.572560218,-0.208254939,-0.049190244,0.434052565,-0.027473977,-2.378386806,-0.883097765,-0.218778094,0.830384199,-0.433710274,-1.887829938,1.633935384,1.32425937,2.095228765,0.010841023,-0.495772821,1.24112407,-1.907843948,0.586952984,0.200161475,0.96351777,-1.655481851,-0.050451544,1.532729639,-0.09134804,-0.819844834,-0.382725621,-0.581963652,1.60430476,0.803122034,-2.284745175,-1.239254619,-3.155901026,-0.424647928,0.456728402,0.653470363,-2.669310373,0.900649036,-0.437110586,-1.427533109,-2.562651998,-0.560190953,1.398049992,1.047459335,0.209450224,-2.266253164,1.215980424,-1.426699776,0.0978524,-1.677716753,-0.888189302,0.816647177,-0.681416258,-1.16667702,0.385330426,-3.608221551,-0.072463172,-1.246184653,-1.063341675,-2.138767008,-1.996572064,-0.871078389,-2.672200548,-0.469363834,-2.084253099,-0.761426021,0.484707496,-2.721135441,-2.373007557,-1.451152934,-2.11943055,-0.207024169,-0.915541013,-0.936493439,-3.04913305,-4.305065594,-1.296088093,-1.668657272,-0.177453425,0.305423754,-1.393520406,-0.509493179,-0.63412384,-0.193827497,1.120862898,-1.560171671,-3.568433301,-0.306661039,0.888796198,-4.456750181,-0.179964337,-1.746403768,-1.065080806,-0.506667614,-1.378723096,-2.482908647,-1.431291727,-1.913927103,-0.616927155,-0.99912901,0.485200076,0.035174075,0.976293984,-0.481590499,0.222022924,0.569170001,-0.152335661,0.336257928,-0.831949583,-0.838866835,-1.828838478,-1.570698084,1.72080038,0.207826847,-1.374761125,0.833908623,0.836511323,-0.621198681,-1.09243143,-2.357041279,1.131369853,-0.357246536,-2.394700382,-0.646836278,-0.580890498,-1.032543689,-0.987518241,-0.501370465,-0.350692872,-0.95191791,1.208094299,-1.050679635,-1.144760945,0.599605436,-0.636010989,-0.250386288,-0.44036716,0.278918787,-1.350155315,-1.063341675,1.235733065,-0.493149439,0.570188273,0.77904961,1.151520944,-0.980296062,0.13199271,-0.737517128,-0.673736787,-0.457284857,-0.128174339,1.252620101,0.223783347,0.56815069,-1.679860377,0.177811401,-2.859454655,1.397333208,0.162628923,-1.091835304,-1.774312556,0.672842427,-0.921303274,0.80549324,0.12777737,-0.339536928,-0.796066235,-1.037046933,-1.472724089,-0.544210068,-0.902634405,0.281186019,-1.049536451,-0.058370913,0.034787826,-0.211956362,-0.66067999,0.031401763,-0.951399909,-0.041655675,-1.813391769,-0.229413164,0.295724644,-0.677864557,-3.055482278,-1.752154215,-0.423272727,-1.393923388,-2.289668868,1.071652107,-3.375529635,2.489180836,0.428074251,-1.421714306,-0.934454703,-0.644928608,-0.450357877,-1.664950622,-1.651302117,-1.071191693,-0.88140633,-0.116983356,1.441113931,-1.069150579,0.637951545,-0.513328754,0.961225856,-1.283737773,-1.323507373,-1.11078609,0.888055853,-0.827593277,0.23617823,-1.217395825,0.892039022,-0.815314815,-0.806539868,-1.112609798,-0.465533635,-1.623029866,0.859000545,0.822990531,1.592535874,0.749716532,-1.396748819,-1.573105983,0.397903256,0.22777282,0.496584702,0.693597079,-1.765507098,0.259514053,-2.764620553,1.868396384,-1.112001526,-1.026943002,-0.12284583,0.270713924,-1.47359669,-0.8703618,-1.001304106,-0.238511028,-3.623091714,-0.106138596,-0.711718566,0.957547832,-0.800955133,-3.390257442,-1.48943512,0.444621717,-1.304898723,-0.67648674,0.546791044,0.191859261,0.853947134,-0.50120538,-0.269842154,0.654977914,0.503257054,-1.042137442,0.254719735,-2.48530673,-0.705219762,1.354287565,-0.581605806,-0.711718566,-0.349273829,-0.867738691,-0.496101228,-1.450299691,0.852967472,-0.373675786,-0.583575544,-0.675110818,-0.732095931,1.150508735,1.086978208,-0.141909246,0.210747031,0.179567769,-1.108965701,-1.1248536,-0.604038006,0.20522395,0.404264388,0.671974615,-1.663894098,0.106160196,0.569339785,-0.053084371,-0.867976872,0.132868673,-0.584292776,-1.4554301,-0.013591954,-0.771108722,0.201552125,-0.192371893,-1.817692851,1.071857551,-1.842000686,1.058727355,-0.514499029,-1.173443599,-1.392714929,-0.58554917,-4.186459851,-0.737726224,-1.522343206,-1.194022474,0.215595134,-0.528819887,0.943750245,-0.870600606,-1.563508981,-3.550858156,-1.459725639,-2.850766503,-1.530626732,-1.051537881,0.716375307,-1.525096764,-1.845160246,-1.468372472,0.506335559,-0.939047719,-0.259288998,0.340250803,-0.232941394,0.632175624,-2.081844426,0.963632228,-1.629130546,0.255184707,-1.277619345,-3.21140381,-0.978964326,0.836164687,-2.58893472,0.485261632,-1.336742582,-0.29813653,0.106969221,-0.144794585,-1.236151703,-0.085775777,-1.437166692,1.067190419,0.257583625,-1.365315955,-0.088503399,0.590172705,-2.234926445,-0.188017749,2.548733981,-2.667868412,0.086452888,0.117871921,-0.374984401,-0.69174816,-0.35939292,-0.516508407,-1.229974607,0.327935906,-0.593120867,-3.369698715,-0.00793137,1.235965535,0.072413681,-1.175385348,-1.06479074,1.403274381,-0.558266698,-2.111138628,0.133393883,-1.50733269,-1.406497068,-2.24620476,0.048409139,-0.4547604,-1.856618042,0.812040711,-0.667284521,-0.428938464,0.460962885,0.099483279,-0.010858743,-1.351699716,0.284878145,-0.598200703,-1.687399454,0.743174674,-0.468884256,-0.23079777,-0.598564538,-0.936493439,-0.473048259,-0.673344553,-0.008233805,0.168982992,0.582327346,0.577680211,-1.42129997,0.282996111,0.516111628,-1.827593922,-0.794958447,-0.412791884,-2.220083872,1.71170565,-1.622523152,0.647731317,-1.459295254,-0.846531488,-0.766793721,-2.150722744,0.459069064,1.849650948,-0.827593277,-0.269449304,-1.05010788,1.012073527,-0.787018396,-0.032006796,-1.098112414,-1.871452238,-0.63544447,-0.645119212,-1.113522901,-0.681613945,-1.475344178,-1.063341675,-0.347998409,0.489867529,-1.689563957,-1.280493942,-1.126703169,-2.928073625,0.760805829,-1.378723096,-0.512827626,-0.817803785,-0.125903417,0.953432362,0.074272244,-0.870600606,-2.231195097,-1.056127677,-0.325037859,-1.209320411,-1.577454867,-0.545072063,0.485507816,-1.187115687,-0.157355811,-1.831332244,-0.159699379,0.14418692,0.219617342,0.135491969,-0.708057793,-0.180802711,-1.324634981,1.318497203,-0.844667988,-1.157725553,-0.3074767,-0.933945667,-2.078641862,0.540462093,0.594707108,-0.694948803,-0.857314527,0.344156919,-1.282294771,0.554861648,-0.834941186,-0.88213088,0.639271608,-1.020540753,-0.635822114,-1.45328923,0.3801473,0.515275707,-0.480458087,-0.030768534,0.266586109,-0.63506697,-0.527124397,0.875177028,-1.011700917,0.393729852,-1.143818882,1.09560778,-0.590590592,-0.724018844,-0.883581558,-0.117095772,-1.32915817,-0.976040736,-0.246028424,0.99339991,-3.026191481,-0.124090385,-0.999672341,-0.823711551,-5.02068563,-0.554951682,-0.096180559,-1.584257614,-1.028899676,-0.144679011,-0.862749965,0.658348675,-0.713758135,-0.822345119,-0.574298047,0.541800898,-0.750776293,-0.477068527,0.733136829,1.344977453,-0.316904931,0.099935829,0.816293585,0.080011938,-0.380089802,-0.679441534,-0.606235809,-2.181252808,-1.733867991,-3.499913355,0.335185695,-0.825536369,-0.129994797,-1.92346396,0.444557608,1.038508365,0.059494572,1.33852118,-0.885761527,-0.105360516,-0.022450129,-0.302322049,-1.723166678,-0.118220631,0.087919298,0.275128606,1.46505933,0.193261497,-0.876108942,1.249672484,-1.187771425,-0.508661301,0.423305026,0.351290474,-0.812381269,-0.389640973,-0.256571077,0.084249232,-0.994252273,-1.569256123,-2.129472475,0.007868958,-1.23065907,1.174677867,0.816116743,-2.388142981,1.380427183,-0.788337368,-1.112609798,0.373974441,-1.336742582,-3.092243174,0.534385888,-1.771956842,0.089383561,-0.291556234,-1.861109547,-0.698561813,-1.928266714,0.403396303,-2.050271164,1.294836751,0.408527082,-0.729396313,-2.064355904,-0.93828075,-0.326838788,-0.946749939,-4.537511538,-1.907843948,1.058137456,0.60529909,-0.17007683,-0.992631965,-1.528780009,-0.039052727,-1.6321949,-1.142877705,-2.143873402,-0.521044324,-0.536314387,-2.052604888,-0.006420568,-0.441921645,0.262518099,-0.354676941,-1.228607085,-0.256183405,-2.63945741,-0.778922958,0.199178674,-0.832409248,-0.942378067,0.449035323,-0.424647928,-0.090471903,0.39035147,0.321576124,-0.939047719,-1.358679194,-2.945039159,0.634829271,-1.764922815,0.270256119,-1.180256278,0.127073083,-0.672364641,-1.589635285,0.235072122,-0.046462874,-0.260196616,1.029976496,0.396424364,-0.674718045,0.231349788,0.503377959,-0.163342798,0.119026706,-0.75162411,-0.052557251,-1.231001477,-0.450514777,-0.581605806,-0.763355076,0.045928932,-3.246761028,0.625189487,-0.787897517,-0.934200152,-1.999521919,-1.835084594,0.682338982,-1.417578651,-2.837020582,0.658814502,-0.275226631,0.079642628,0.087919298,-0.182001608,0.324544237,0.147557564,-1.058142356,-0.362836746,0.070272053,-0.259548233,-1.424203934,0.095401085,-0.619896719,-0.180802711,0.463608222,-0.794958447,1.17009539,1.555382913,-0.085775777,-2.818423259,-1.694995801,-0.462988294,-1.024990149,0.355994713,-3.257097038,-2.002480501,-0.353537015,-1.697176827,-0.862276144,-1.755620423,-4.254513314,-0.551821245,-0.871078389,-1.64506509,0.14115228,-1.523719037,-1.236495996,-0.649513144,-1.476656801,-0.769596353,0.550084798,-1.328025453,0.320415442,-1.177980224,-0.475941222,0.830732844,-0.104250021,-0.090471903,0.403129048,-1.375552265,0.225540676,-1.788564578,0.013902905,-1.595042032,0.09148469,-1.715354138,-0.293968457,0.338826606,-1.401611065,-0.455548608,-0.85566611,-0.983499482,-0.380382328,-0.321997503,-3.696911626,-0.719285838,0.396491633,-0.284487182,-0.923818998,0.288032011,-1.770781063,-0.80923166,-0.977634362,1.751978599,-0.847231196,0.549680886,-2.073061935,0.56996208,-0.286749174,-1.162511015,1.142565376,-1.922095971,0.633025557,-0.838172953,-2.360214206,-1.216720377,-0.02891401,-0.333935457,-0.064751877,-0.858021824,1.796149818,0.645793484,-0.696352312,0.079273181,0.986935571,-0.260585847,0.123367414,1.068462312,-1.281213885,-0.795844579,0.933855563,0.691545899,0.404331132,0.252158516,-0.084142768,0.371149678,-1.659679129,0.066817173,-1.297551151,0.779875184,0.553770164,-0.073323664,-0.278259934,0.17923346,-1.834458224,0.616913875,-0.389050567,-2.311625838,1.298364381,-0.574653287,-0.88673193,-1.664422221,-0.596201975,-0.654888468,-0.792967516,-1.632706539,-1.680397001,-0.235216133,-1.10021357,-2.228405695,0.188137942,-2.662121269,-1.672377712,-0.685179011,1.598983455,-0.521718065,-2.109488463,-1.012801632,0.379531726,-1.4867779,-1.267267655,-0.695951108,-1.647659125,-0.558791128,-0.236608802,-0.646263595,-0.003004509,-0.697556889,-0.305574525,-0.810355382,0.215595134,-1.08975166,-0.259288998,-0.33785319,-0.10402807,-1.26513924,-2.405725852,0.328007944,-1.249318906,-0.680428408,0.819823883,-0.675700267,-2.728763243,-2.412399959,-1.107753947,-1.774312556,-0.189104509,-0.435254437,-0.768517488,-1.20764621,-0.420223479,-2.428148316,-2.101278236,-0.392302122,-1.305636458,0.872046221,1.268580073,-0.187414504,-0.695951108,0.537019548,-1.254915283,-3.094448247,-0.962596485,0.173533051,-0.600567999,-1.661784393,-2.602339747,-0.344464087,-2.324830702,-0.740238788,-2.024953356,-1.901128006,0.044112575,-0.002703652,-0.879717752,-0.539911205,-1.573105983,-0.372659156,-1.856618042,-1.403644,1.532081593,-0.704612659,-0.042177079,-0.423883694,-0.497909399,-1.196666229,-3.721402646,-3.432688049,-4.710530702,0.309174448,1.152784768,-1.228607085,-1.124237836,-2.062781101,-0.46648981,-0.655658736,-1.244794799,-2.558768498,0.353680465,0.177978807,-1.764338874,-0.962072925,1.138345691,-0.649896139,0.057513906,-1.825729989,-0.9331826,-1.209655588,-0.218778094,-1.488991759,-2.226550407,-1.973281346,-0.009646377,-0.513997315,-1.151064149,-1.233744963,-0.446755963,-0.952436179,0.329231802,-2.294616923,-1.543650172,-0.466011608,0.802718817,0.001399021,0.692196729,-2.349676701,-1.080281332,-0.376440429,-0.158526908,0.258819528,0.570640506,-2.051048467,-0.796953349,-1.057566319,1.155055632,-1.142877705,-0.853550702,-0.714370817,-0.196988594,-4.051285073,1.065537981,-1.117795108,1.29374038,-1.33408149,-0.624180976,-1.438851612,0.100659483,-1.875358493,0.892448757,-1.438851612,-0.360969868,-0.752897185,-0.881889305,-0.584831037,-2.482908647,-2.455736273,-1.141311043,-0.920298753,-1.976884953,-1.371602812,-0.709886505,-1.275826908,-1.605445891,0.654666194,-0.674129175,-0.135590654,-1.035074268,-0.686568865,0.041813503,-0.618039708,-2.692669099,-1.659153505,-1.244447637,-1.188427593,-1.468806783,0.110825555,0.71525108,-0.003205131,0.049742092,-1.795767491,-0.62735944,-1.339410775,0.856455798,-2.591601389,-0.37775267,0.21760826,0.374730949,-2.176833888,-1.280853849,-4.034190639,-1.244100595,-0.597291695,-3.540459449,-0.566162169,-0.212203611,-2.268183666,-0.480458087,0.102917534,-0.441455046,-2.75986995,-0.281965112,-1.506430162,-1.284098849,-0.592578126,-0.162283663,-1.153913605,-2.780620894,-0.821435201,-1.717023123,-1.809109108,-3.094448247,-0.135247149,-0.272596435,-2.284745175,0.775786514,-1.844527535,0.648672691,0.244905043,0.452984624,-0.996416776,-0.916290732,-0.34601765,0.120623442,-0.032110054,-1.992163534,-0.4405225,-0.515168373,-1.645583359,0.750708291,-1.096015663,-2.337176538,-1.198322133,-0.019692633,-0.999672341,-0.967584026,-2.838728525,-2.721135441,-2.152442435,0.20880119,-0.273384768,-2.363397232,-1.041287222,-0.320480784,-1.128865332,0.217125479,0.145744014,-0.13868752,0.099573805,-0.77479117,-5.149897361,0.226019412,-1.170215708,-2.213658884,-0.398390194,0.871962598,-1.237529588,-1.200312844,-0.751836177,0.508202186,0.045928932,0.646841428,-0.243984217,-0.351829559,0.937699911,-0.393190747,-0.799841919,-0.170551101,-1.941420244,-1.803022662,-3.11903049,-0.224144052,-1.25456459,-1.786175091,-1.1858055,-0.281567472,-0.803855303,0.884428479,0.691896399,-0.190434377,-1.10714862,-0.832639159,-1.15169666,0.150400801,-0.780886095,-0.761211912,-0.561943495,-0.95972029,1.404895286,-0.501535577,-1.308592854,-2.187472286,-3.158251203,-1.599487582,-2.113618994,-0.145257013,-0.243728985,-0.594569617,-2.877060744,-0.957894282,-0.493968507,0.432236859,-2.709050701,1.389090448,-0.378920553,-0.861565832,-1.218071729,-1.172797187,0.183654002,-2.365524893,-0.008334637,-1.396344697,-0.492331041,-0.510325749,-5.318520074,-0.558791128,-0.780667778,-2.517016704,1.432843922,-1.540378377,-0.202361012,-2.896792326,-1.130722343,-1.135691297,0.520993753,0.049742092,-0.233572747,-0.438660013,-0.850034936,-0.490696253,-0.512827626,-0.377023435,-0.304624793,-0.435254437,-1.538513574,-3.429596856,-0.28143496,0.069712612,-0.453815369,-0.865835288,-0.085122253,0.475302068,-1.083231187,-1.018877321,-2.850766503,0.397029629,-0.498732376,-0.051293294,-0.970219074,-1.599982754,-0.814185509,-0.272333796,-2.486507931,-0.545589616,1.530069977,-0.361256853,-2.63945741,-0.111602177,-0.836555764,-0.863224011,-2.051826375,-0.450044152,-1.086782537,-1.401611065,0.030432207,-1.396344697,-0.688557728,0.121155122,-1.219086442,0.038739828,-1.968258013,-0.656622406,-0.973390324,-1.304898723,0.161438346,-1.097213268,-0.964431107,-0.547316732,-0.304760414,-0.271808723,-0.205426431,-0.071388596,-0.565809932,-0.126924694,0.608678024,-1.686318957,-0.339817827,-3.619353392,-1.186460379,-0.524755529,0.970210574,0.069152859,-3.393229212,-1.341703478,-2.26336438,0.225381046,-2.896792326,-0.454917992,-1.732736129,-0.889162065,1.074046335,-0.467127769,-2.756715373,0.345715104,-1.041853955,-2.189256408,0.468126869,-2.165435255,-0.419006379,-2.104554243,-1.401204974,-2.508380006,-0.757792374,-0.804525769,-1.232372279,-0.234330897,-0.343476711,-2.96036513,-0.408269035,-0.546107438,-0.840951375,-0.928869514,-3.63818634,0.714321416,-1.946310229,0.096128027,0.336686499,-1.207980826,-0.986981473,-1.144132804,-0.511325749,-0.309791358,-0.522898205,-1.229632551,0.346705413,0.102105223,-3.372609925,-2.26144315,-4.879607032,0.552850095,-1.183190265,1.295931921,-2.363397232,-0.067529657,0.139327065,0.291698994,-0.38580955,0.264669298,-1.986315564,1.452643742,0.933029848,-0.779140894,0.758045012,1.796697258,0.272847584,0.157858085,-0.360252765,-0.300429645,-1.705948813,-0.778487228,-0.966531948,-1.857899272,-1.417166025,0.346351844,-0.993171776,-1.118406916,-2.605042451,0.172271221,-2.419118909,-1.114436839,-1.567336736,-0.664365379,-2.044846897,-0.633369977,1.338862025,-1.836966062,-1.123930097,-2.081042823,1.947480344,1.033931535,1.485234309,-0.592578126,0.338541523,-0.439280457,-2.072267338,-2.25094186,0.078903598,-1.754463685,-0.033660202,-1.497449411,-0.342490309,-1.366491734,-0.764213629,0.0303352,1.077218396,-0.017553159,1.084209058,-0.630360193,-2.785471348,-1.422543494,1.952630375,0.62374351,0.002197584,-0.344322973,-0.68299885,-1.218071729,1.748086191,0.602948913,0.170164627,-0.995875211,-0.576075509,-1.372391456,-2.591601389,0.839927912,0.326854708,-0.25489225,-0.709479835,-0.316904931,0.659538689,-0.837017551,0.641327432,1.32847985,0.859762708,-0.226775138,-0.49807394,-1.495216768,-0.705017353,0.816823925,0.428139425,-1.139434283,-0.51835389,0.263517446,-0.211338506,-0.914542261,-1.026943002,-1.195013063,0.414028339,-1.501929705,1.280266957,-0.223268559,-0.46648981,-1.476656801,-0.506833603,-2.230264431,-0.53580161,-1.673976434,-0.530178352,-1.580850456,0.289455499,-1.515037237,0.133393883,-0.825536369,-0.742547531,-0.170551101,-0.190192451,-0.295445463,0.004489905,-1.01252634,-1.378326192,0.159820291,0.978401308,-0.072355662,-1.868208641,-0.020917248,-1.184170177,-0.694548162,-0.327254848,0.105440513,-0.316355933,-0.4405225,-0.800509699,-0.299484785,1.103898293,0.694795821,-0.570752572,-0.319241541,-1.611439915,-0.884549846,0.116003676,-1.374761125,-0.838866835,-1.285544458,0.014888613,-0.359106469,-1.288441961,-2.040990355,-1.916642651,-0.696954419,0.838156203,-1.05010788,-1.292075686,-0.827593277,0.156063136,0.295054827,-0.937259038,-1.355959161,-0.300969967,-3.001750346,0.016562088,-1.675577715,-1.145075163,-1.313043899,-0.683989243,-0.755661086,-1.773134005,-2.590267165,-0.179365929,-0.621757185,-1.025268894,-1.623029866,-0.574830954,-0.070100628,0.64206439,-0.008334637,-1.078809661,-1.152646177,-1.136002678,0.207989304,-0.703803761,-1.47797115,-0.206409352,1.028618917,0.182821432,-0.524924548,-0.67648674,-1.705398304,-0.673736787,0.417854706,-1.565421027,-0.419158435,-0.840487769,-0.484833044,-1.493434237,-0.424189317,-0.515168373,0.024497472,0.674473915,-0.576253429,-0.085557888,-1.395940738,-0.654503557,-1.96254779,-1.450299691,-1.104127469,1.59121284,0.638268519,-0.803855303,-1.530164732,-0.734802856,-0.769596353,-0.233572747,-0.724637848,-0.808109199,-2.176833888,1.16885327,-1.546932707,2.00399036,-0.827593277,1.157132738,-0.612489278,0.299067017,0.090845683,-1.199316993,-1.394326533,-1.607939036,0.838631847,-2.341325921,-3.358137892,-0.421289659,-3.208925494,-1.226559303,1.527989217,-3.251915679,0.88140939,-2.109488463,0.349881924,-0.821435201,0.383832808,0.169151883,0.035849653,1.742026361,-2.492535677,-2.139616265,-2.273997636,-0.569691377,-1.376740148,-0.8495671,1.731390023,0.91872776,-0.839098236,-0.087084107,-2.438404816,1.047564578,-2.707550326,-1.412638337,0.149712273,-0.19334206,-1.056127677,0.077516442,-0.522898205,0.463356587,0.469753598,0.453048195,-2.175952442,-1.066822966,1.286860691,-2.672200548,-2.683845512,-0.639606414,0.497010635,-1.439695138,-0.375129908,0.505491422,-0.711514838,-0.816219178,0.830209831,-0.025010163,0.337186267,1.141064953,1.189031741,1.276200438,-0.531538665,-0.485645325,1.003971885,-0.508661301,-2.288682188,-0.29732845,-0.641314032,0.473995651,-0.671972945,-1.370027389,-1.040437725,1.301852408,-1.603455841,-0.210844496,-0.823028101,-1.607939036,-0.056887862,0.606499374,-0.223768747,2.411511244,0.189462665,-1.657053766,0.111541375,-0.795401415,-0.483048343,-2.3892329,-0.10413904,-1.40853997,1.032258788,-0.09123848,-0.000900405,-1.250715067,0.339040365,-0.583754804,-0.103917113,-2.050271164,1.067740625,0.017741682,-0.770028225,-0.750352654,1.416241438,-0.224144052,-3.872802292,1.301825205,0.050788167,-1.613948068,-0.965218406,-2.1680542,0.868192328,-1.017769901,0.772189388,-2.040220829,-0.607152987,-0.07192574,-1.724287754,0.449226778,0.849210316,1.10393145,-0.918292735,-0.278788405,-0.902141309,0.340891031,-0.12397718,-1.197659442,0.017152059,0.201225087,-1.061316504,-1.087969129,-0.16735413,-1.623029866,0.516588984,-0.612489278,-1.413871129,0.005087039,-0.061024702,1.561213588,-1.52924137,-0.030149977,-1.004848759,0.948525562,-0.126357189,-0.321583624,1.878655562,-0.16735413,0.594707108,0.274748797,-0.660099327,-1.516858731,-0.196014884,-0.092992867,-1.078221599,-1.076752954,1.002468428,-0.284354282,-2.213658884,-0.944690206,-0.509493179,-0.118558336,-1.597509342,-0.317179543,0.736158776,-0.686966322,-0.5730557,-1.536652243,-1.956162526,0.65029187,1.007081624,-0.111155049,-1.002393431,0.056758334,-0.602758181,-1.237874356,-1.670781543,-3.307707039,0.544299084,-0.844900736,0.23948923,-0.474332987,-2.615926912,-0.72505073,-1.200312844,-1.588165777,1.677339522,-2.013653801,-0.672168774,1.417090262,0.962907107,-0.557742544,-1.793360751,0.26918709,0.243181445,0.456348318,0.812528938,-0.785481792,-0.594569617,0.240983469,0.562981546,0.142714102,-1.993630885,-0.093322157,1.396690137,-1.790360448,-1.608438412,-1.129174594,-0.082403826,-0.528989594,-0.928616382,-0.80609194,-0.38890302,-1.528318861,0.571036042,-0.203708639,0.742270623,-0.663976803,-0.183442185,-1.324634981,-0.216788786,1.129303136,1.016895959,-0.784166579,-0.35982275,-2.935578351,0.155121637,-0.62008261,-1.015006705,-0.392746336,0.648777233,-4.051285073,-1.006762635,-1.764922815,-0.427404016,0.717888572,-1.30379314,-1.528780009,-0.45870767,-0.606419177,-2.659260037,-2.462753845,-1.425035189,-0.580533036,-1.041287222,-3.483492624,-0.611198598,-2.272055888,-2.143020523,-1.275110832,-1.325387426,-1.211669011,-1.804844709,-3.882464203,-0.919796871,-0.110484733,0.656016282,-0.930136139,-0.98564081,-0.536314387,-0.501535577,-0.188621359,-2.146436411,-0.754809841,-0.572878348,-1.745830537,-0.660292844,-0.37760678,-1.67932404,-0.256829609,-0.578212643,1.36072011,-1.901128006,-2.472187877,-0.547835449,-1.334461213,-1.274395269,-0.677077,0.791362228,-0.833559334,-1.314904365,-0.545244551,-0.945462109,-1.092729626,-1.182211313,1.138025291,-1.794563397,-0.508993969,-1.193692495,-2.143020523,-1.551640814,-0.11171399,-1.011425927,-1.266912604,-1.54599374,0.930666898,-1.784386715,1.385794236,0.449354394,0.769135527,-1.672910335,-1.123314901,0.244356948,-0.87562875,-0.894284652,-1.214359897,-1.419230861,-1.132893223,-1.209320411,0.535849889,0.070551656,-1.457146102,-0.347149031,-2.256656161,-0.721340915,-0.476907406,-3.343872315,-0.196379914,-1.381107834,-1.766091723,-0.874429278,-1.803022662,-0.182841692,-1.332943186,-1.26940061,-2.127791803,0.383628414,-2.168928708,-2.147292209,-1.373970611,-0.554777511,-2.397995278,0.076405331,-1.122085645,0.098215048,-0.116758561,-1.580364665,-1.086782537,-0.471124257,-2.562651998,0.264362267,-0.919295241,-1.890475442,-0.761640177,-1.88981341,-1.649218782,-0.638090975,-1.142564176,0.477041307,-1.799388496,-1.387895643,0.53964629,-1.410996974,-0.670798777,-0.581248088,-2.382711138,-0.877550904,-1.048965349,-0.960242619,-0.573233084,0.084249232,-0.911551978,-0.18428348,-0.613781625,-0.752260445,-0.411885676,-0.737935363,-0.983766897,-0.959459227,0.348824207,-1.864330162,-1.264784944,-0.182721637,-1.440961763,-0.417031745,-1.572142128,-0.180084062,-1.792159549,-0.935218742,-0.226775138,-1.170860453,-0.97418471,-2.902241931,-1.511404172,0.910151928,-1.701553201,-0.308429146,-0.563172104,0.427683117,-1.345536369,-1.326517157,-2.197324582,-1.583770166,-0.858257701,-1.247924692,0.428790933,-0.448476999,-0.30870144,-1.983404354,-1.197659442,-1.115046595,-1.302320927,0.359770149,-2.722656354,-0.710293339,-0.49446027,0.375830303,-0.6806259,-0.400179104,-0.310200384,-0.877791433,0.813549006,-1.572623939,-0.278656261,-1.329536027,-1.198985263,-1.172474137,-1.362187286,-1.333322476,-0.483372597,0.21985816,-0.129539371,-0.123637641,-2.643667942,-1.911218909,-2.314657674,-0.773489933,-0.854490331,-0.6923475,0.83681453,-1.537582475,-0.565986035,-2.420243137,-3.172469452,-0.958415658,-0.110819835,-2.298593072,-2.289668868,-1.420885806,-2.223773913,-0.716620537,-0.382139283,-1.045545568,-0.335193055,0.110377908,0.378641894,-0.264225996,-0.002603386,-1.769019982,-1.099612789,-0.144563451,-4.803621125,-0.79142175,-0.365571544,-0.330450404,0.048790164,-0.060705875,-4.034190639,-0.364131245,-0.347149031,-0.029840842,-0.743178114,0.223943232,0.314226628,0.715593369,-0.595476153,0.113596507,0.439222205,-0.005917474,0.534444489,0.814700876,-0.416576613,0.56326626,-1.182863841,-0.267095439,-0.801846598,-2.700082032,0.200652514,-1.483686707,-0.069671673,-1.093624747,-0.188621359,-0.646645347,0.296988632,-0.209610537,-1.169249368,-5.426150738,-0.432784919,1.078987646,-0.718670138,-1.087079053,-0.480134776,-2.202739758,-0.090034123,-2.54338358,-1.680397001,0.135928517,-0.735428573,-1.599487582,-1.150748043,-0.403317416,-0.453972812,-0.606052474,-0.903621329,0.88747965,0.550488547,-1.444347293,-1.229290612,0.509524778,0.294011996,-1.420471813,-0.867262501,0.590837562,-0.76507292,-0.568454737,-1.720928289,-0.818937187,-0.024907636,-2.206366235,-0.234204499,-1.881246636,-1.21874809,1.934878091,-0.423120043,-0.962858368,-0.978166136,0.219376465,-1.303424883,-2.545931352,0.05694728,0.433922981,-1.261601917,-0.336872317,-0.502196297,-0.385662481,-1.524637311,-2.200931439,-4.699480866,-0.685774426,0.442760893,-0.938536341,-1.154230712,-2.854232711,-0.535630743,-1.326140438,-1.926205566,-0.987249821,-0.604587004,-0.008838949,-0.736681183,-1.698815724,-0.529159331,-1.03423003,-2.310617265,-1.680397001,-3.146555163,-0.442077227,-2.00619108,"RMS"
"40",0.706655531,-0.59747343,-0.997500787,-1.014179233,-0.488901066,1.760251602,1.950044448,-0.4405225,-0.633558389,0.825096072,2.51321872,0.169995907,-0.297059234,0.667624223,-0.032110054,0.456158222,-1.161552088,0.202859208,-0.934709317,-0.014606152,0.811330136,2.560833205,-0.443322751,0.921318074,0.098668172,2.217136131,-0.022347864,0.089200645,-0.781322871,0.017446914,-0.647600366,-0.083272919,0.461278173,0.40919149,1.024822215,0.354382318,0.804822714,-0.23483665,-0.879717752,-0.535459905,-0.854490331,0.679149671,-1.752731082,-0.811030221,0.790364631,-1.060161102,1.019893704,-0.156419919,1.325402516,-1.428784413,0.584726432,-1.33142746,0.201225087,-0.938791997,0.055813065,-0.740658163,0.630580048,-1.695540611,0.587786665,1.109057547,1.77742387,2.301914868,-0.331007197,1.320234684,1.443076315,0.454826538,-0.789217649,2.057093678,-0.36686959,-1.540378377,-2.002480501,-1.102319151,-1.642994696,-1.121778567,-1.882559834,-1.937247776,0.404397872,-1.506430162,-0.879717752,-1.758518135,-0.837248525,-1.633730605,1.262939582,0.947169052,-1.344768614,-0.85943792,-0.604220971,0.743745233,-0.947265536,-1.986315564,-1.079103822,0.332966097,-1.287716798,0.746213901,-1.767847649,-0.90090963,-1.044408235,-1.684161459,0.347482826,-1.355571188,0.565541056,-0.737517128,-0.799619425,0.44134692,-0.417790758,-1.602462299,-0.079151438,-0.671777155,-1.370027389,-1.16860566,-1.359457707,-1.354408172,-1.533866726,0.074829141,-0.096841351,-0.883097765,-1.323883101,0.047265192,-0.35225615,0.126368299,-0.487760351,-1.28699216,-1.803629642,0.171934464,-0.159230226,0.687732548,-0.106694739,0.478467708,1.237243157,-1.099312534,-0.246028424,-0.848632083,0.780700078,-1.05987246,0.807858838,0.723918839,-1.483245887,-0.353821875,-0.405715139,0.492070847,0.848268817,0.23791393,-0.895753081,0.515156233,-0.895998029,2.466623867,-0.822800389,2.4080796,0.350586447,-1.010601411,1.106183554,-2.284745175,-2.459238903,-0.785481792,-2.177716111,-0.31320503,0.707000775,-1.694995801,0.44134692,-1.28699216,-0.266181541,0.083329608,-1.64713978,0.888796198,-2.144727008,-1.335601247,-0.412338677,-1.107451237,-0.14387037,1.303456083,-0.346724613,0.444108732,-1.005121946,-1.043272194,-0.515168373,0.261286761,-1.536652243,-0.405715139,0.634617238,0.719399552,0.066162202,-0.739191119,-1.319009614,-1.385095081,-0.245772669,-0.786359562,-0.244878043,-1.025268894,-1.906497147,-1.210997419,-0.765717873,-1.295722663,-0.199427025,-0.932674211,-1.163470861,-0.163578314,-1.910543005,-0.273516217,-1.192373668,-0.498567726,-0.5642264,1.586169285,-0.114849842,-0.49511633,-0.293029679,0.606281248,-0.779358877,-1.07382212,-0.09123848,-1.272251645,-0.872991807,-0.50071029,-1.264784944,0.750755493,1.035459474,0.068499416,0.59404482,0.699427419,-0.777833989,-1.075286463,-0.074508052,-1.096015663,0.283222142,-1.836338513,-1.48456893,-1.242367192,-1.912572089,-0.612673796,-1.312300681,-0.332261116,-0.282362911,-1.548813291,-1.337123317,-1.968258013,0.732992698,-1.447744323,-0.625862434,-1.058430499,0.262056525,-0.932166081,1.896869954,-1.226218413,-1.042421009,-1.450726221,0.493414934,0.06803241,-0.544382407,-0.531879033,0.894249601,0.2268965,0.524018218,1.457591243,-0.340379861,1.210898764,-2.046393688,-2.361274089,-0.606602579,-1.105334834,-1.54928399,0.013409687,1.680641671,-0.858493633,-0.643024571,-1.273680217,-1.076459484,1.052323992,1.181082816,-1.415929166,-1.083231187,-0.206286434,-1.340938659,-0.496265472,0.666803205,0.303949045,-0.428631386,-1.245489485,-0.712941808,-1.232715273,-0.905845474,-0.172331623,0.093672476,0.294756986,-0.648365038,-1.500583508,0.235467301,0.768486537,-0.698159722,-1.15518264,-0.435408984,-0.157355811,-0.80430223,2.659273037,-0.382285835,-0.655851396,-0.839561199,-0.210967975,1.522266523,0.616536078,-1.567336736,-1.263722809,-0.065498982,0.812528938,0.047455941,-1.130722343,-1.409358301,-0.153034636,-0.85143976,0.882527102,-1.057566319,-0.855901432,-1.523719037,-1.237184939,-0.18428348,-0.963120319,-1.89578754,-0.460766424,0.288781468,1.034820156,-0.575897621,-0.456495279,-0.991283711,0.228648372,-1.375948069,-0.428631386,-1.290984181,0.393729852,-0.832869124,-1.142564176,2.452736357,1.920621645,2.055929794,-0.893062606,-0.758005753,2.169419348,-1.448595387,-0.17840922,-0.561768103,-0.474975971,-1.314531995,-0.313615454,-0.098384902,0.30453919,0.622134413,0.195895677,0.283222142,0.851133353,0.890193133,-0.669430654,2.548256965,-0.294773826,1.113303837,0.175129086,-1.73556819,-1.133825044,-0.017654935,0.198522936,-1.350541191,-0.804078741,-0.827364523,0.872673167,-0.029119899,0.473684347,-0.826450028,0.130150684,-1.140998005,-0.153850725,-1.794563397,-1.00184862,0.422912022,-0.873710284,-0.354962126,-0.116758561,-0.736890104,-0.735637232,-1.458865054,-0.642644198,-1.79275997,-1.335601247,-0.782415648,-1.464472142,-0.37164356,-1.316768298,-0.757152511,0.2038384,-1.721487416,-1.689022392,-1.55353028,-1.991430664,-0.184764538,-0.84397007,-0.750776293,-0.710089901,-1.11932533,0.282016051,-1.350155315,-0.145141386,-0.140182031,-1.673976434,-0.96233467,-1.028619917,-0.834480357,1.260901192,-1.790959789,-1.925519459,-1.04497674,1.113894912,-1.565421027,-0.420680274,-1.164752091,-1.641961104,-1.722046857,-1.298283484,-0.29410264,-0.21035073,-1.581336482,-1.320881223,-0.649130295,-0.695750566,0.168222632,0.255262181,-0.71070034,-0.021325787,0.424090572,-0.508495008,0.368731965,-0.97127504,-1.006215439,-1.954749098,-1.802416049,0.196553139,-0.381406843,-0.410226425,-0.349132035,0.593437336,-0.379651173,-1.494770837,-1.336361992,-0.06049338,-0.961549638,-1.892464173,-1.572142128,-1.430873405,-1.222136775,-2.024953356,0.401992419,-0.228407381,-1.995100393,1.208303414,-1.308222826,-1.410177302,0.687380586,-1.272251645,-0.794958447,-0.566867015,-0.010050336,-0.926846246,-0.429092039,1.179854277,-0.979230532,0.234043926,0.264822778,0.643168811,-1.314531995,0.043251042,-0.828966904,-0.171025597,-0.104250021,0.93625021,0.873633721,0.298918704,0.957125526,-0.381260419,-0.858729621,-1.185478222,1.905891403,-1.529702944,-0.626049437,-2.044074398,0.382332944,-0.779576909,0.101834306,0.691445734,0.52520179,-0.983499482,-0.724844267,-1.085301275,-0.561943495,-0.640744502,-0.46904409,-2.074653025,0.115380151,-0.390970662,-1.020263322,-0.948297528,-0.718464989,-0.217534313,-0.169365846,-1.137249172,-0.666894809,0.401323209,-0.663394222,-1.508236032,0.319834595,-0.621384814,-1.935168053,-1.875358493,0.828857448,-1.449873343,2.943638659,0.446415094,-0.99479296,-1.061894706,-0.515335779,-1.26655768,-0.986444992,-1.079692404,-1.064500759,0.092488019,0.090297638,1.494161732,-0.818937187,0.139761942,0.001399021,1.142214415,-0.972067747,-1.077927697,-0.664171072,0.714125587,-0.426637673,-0.376440429,-1.009503114,0.780058553,-0.745915246,-0.91904452,-1.146333025,-0.836786631,-1.037046933,1.939877705,1.630279216,2.432489918,1.838643055,-1.28157405,-1.364532869,1.375789376,-1.107451237,0.586619317,1.137031399,-1.024154378,0.891137013,-1.326517157,2.716051439,-0.180922536,0.126720753,2.321769882,-0.386986887,-1.826350914,-0.780231287,-1.112305616,-1.284460055,-0.767009029,-0.341786331,0.015381102,1.96203656,0.007372754,-1.539445541,-1.135380013,0.579754493,-0.509659637,-0.282362911,0.023618866,-0.652965391,0.584614974,-1.48943512,-0.388018195,-1.037046933,0.548525951,-0.895263365,-0.822572728,-1.520969264,-1.562077341,0.82158437,-1.196666229,-0.571283593,0.35641491,-0.957373177,-0.91030866,-1.818308804,1.006533549,-0.639796005,-0.291020974,-0.888189302,-1.003756758,-1.054978252,0.746308729,-0.964431107,0.154607718,-0.195771605,-0.988323935,-0.740658163,-1.247576442,-0.363555705,-0.29961971,0.345361184,-1.449021191,-0.396009949,-0.474493695,-0.850502991,-0.967584026,-0.006018072,-0.413396478,-1.54975491,-1.026943002,-1.696631124,-0.220023424,-0.422509543,-1.780226233,1.192375818,-1.714243027,0.695294873,-0.706637771,-1.455001559,-0.875388741,-1.413460029,-1.876663976,-0.077745349,-1.601469743,-1.458005209,-0.694948803,-1.642994696,0.124427578,-1.554003206,-1.790360448,-0.914542261,-0.03397052,-1.858540503,-0.277995803,-0.185005154,0.967478021,0.332966097,-1.168283962,-1.298283484,-0.317042228,-0.954511945,-1.105334834,0.365059693,-1.386294361,0.099302201,-1.429619486,0.445646898,-1.906497147,-0.568278199,-1.055552799,-1.764338874,-1.735001135,-0.34757363,-1.059007034,-0.11395288,-0.99479296,-0.269318388,-0.603489309,-0.667479434,-0.761211911,-0.672364641,-1.053543325,1.124474948,-0.654118794,-1.261248872,-0.612673796,-1.475344178,-2.235861461,-0.591132255,1.535597597,-0.277071893,0.354312155,-0.095630231,-0.744229971,-0.693147181,-0.844435295,-1.258781041,-1.077046511,0.766862218,-0.004510155,-1.650259907,-0.457758903,0.009455159,-0.585010522,-0.022961612,0.191198705,-1.49744941,-0.695149183,-1.086782537,-0.167827111,-1.189412653,-1.720369473,-1.545055654,-0.511159013,-1.995835958,-1.64092858,0.156918275,-1.567336736,-1.46967597,-0.506833602,-0.287148881,-0.517514612,-1.787369121,-0.250771718,0.480758092,-1.091537375,0.524550998,-1.270825111,-1.172151192,-1.883874758,-1.352472813,-0.338975367,-1.000759889,-1.383897237,-0.859674131,0.06325645,0.564119915,0.231508468,0.036524775,0.633025557,-1.304161532,-1.810942289,-0.483696956,-1.470110847,1.231480962,-0.363987329,0.213820224,-1.438430116,-0.871556401,-1.106241316,-2.105374924,-0.662230078,2.986636028,-0.976306164,0.192436891,-1.657578288,0.853563902,-1.188099455,-0.172688108,-1.789761467,-0.753109522,-1.060161102,-1.405681075,-0.616000971,-1.023875943,-0.583037958,-1.030019497,-0.373966441,1.188178732,-1.285544458,-0.407968238,-2.487710577,-1.03423003,0.816293585,-1.112001526,-0.32075638,-0.453815369,-0.384486702,0.938600019,-1.035074268,-1.067113622,-1.929643177,-0.468245176,-0.022450129,-1.427533109,-0.884065585,-1.378723096,0.208638865,0.426835134,-0.061556306,-2.143020523,-0.540426094,-1.171182982,-0.914542261,0.314080546,-1.138809478,-0.983499482,-1.06363132,-0.524079739,-0.218653646,-1.360626614,-0.540597782,-1.267978134,-1.774902352,-0.227904868,-0.451142622,-1.579393791,-0.695951108,-0.604587004,-1.24098263,-0.39660448,-0.939815277,-0.264356247,-0.683394889,-1.598992655,-0.657780037,-1.36963392,2.069833027,0.565484249,-1.030299648,-0.284753033,-0.460766424,-1.354020801,-1.090644119,-0.343053848,-1.903138057,0.155635292,-1.482805262,0.860058947,-0.857786003,-1.127320453,-0.864647499,-0.302863394,-0.973390324,-0.956852344,-0.586627337,-0.611567194,-0.463942038,-0.489716661,-1.578908707,-0.420527986,-0.864647499,-0.710903902,-1.131342113,-1.308963018,-1.085301275,-1.627601883,-0.781104459,1.389190164,0.122394608,-1.883874758,-0.747181069,-0.108253585,-1.142877705,-0.88116493,0.321141026,0.767233724,-0.340801595,-0.275885263,1.617445764,-0.583575544,0.061565356,-0.985908799,-1.049536451,-0.616371342,-1.180907531,-2.131155977,-1.467504417,-2.072267338,-0.793630719,0.228409661,0.945966032,0.803122034,-0.314026048,1.328453361,-1.408131056,-0.367302647,0.5086232,-0.444725822,-1.734434403,-0.155017722,-1.081755172,-0.311155429,1.516027926,-0.095960391,-1.160913315,0.651126551,-1.375948069,-0.996416776,-0.123298216,-0.296252023,-0.617668719,-0.197963253,-0.957633695,-1.755041886,-0.337292573,-1.361406646,-0.072248164,0.045928932,-1.367276355,0.345290385,0.434376452,-1.136937403,1.102039742,-0.682009436,-1.907843948,0.78353618,-1.461880348,-1.342851803,-0.012781334,-2.024196067,0.107957142,-0.517011383,-0.779794987,-0.740448454,-0.889162064,0.941490533,-0.801400766,0.864492047,-0.231932057,-0.746969987,-1.800598418,1.824291194,-1.84136997,-1.009777575,-1.903138057,-0.793851885,1.012691226,0.541684551,-0.715801871,-0.687960654,-1.379517377,0.0329511,-1.515947569,-1.190398684,-2.115275995,-1.532476871,-0.870600606,-1.798784084,0.56508651,-0.180203801,-1.876663976,-0.40691616,-1.758518135,-0.330589573,-1.95828642,-1.574553511,0.566789992,-0.839561199,-1.629130546,0.01212618,-0.91030866,-1.062473242,0.112882157,-0.75395932,-1.372786011,-0.839792761,-0.599656837,0.632441305,-1.103825856,0.662533322,-1.648698626,-0.477068527,-1.942814944,-1.519140274,0.17889904,-0.032316601,-0.124203603,0.218251605,-0.27746775,-1.322005871,0.008067371,0.229761604,-0.453185844,-0.369615455,-0.430321484,-0.122393648,-0.97418471,0.328512067,0.032854337,-0.04019719,-1.215033752,-0.983499482,-0.171619034,0.279221382,-1.122392817,0.15905293,-1.909867558,1.084310504,-0.992901834,-2.198225078,0.834776943,-2.202739758,-0.95998142,0.232618522,-0.167708844,-0.766793721,-0.07763727,-0.704208128,0.127425288,0.416273157,-0.627546723,-0.640364995,-0.64207391,-1.480605041,-0.113504701,-0.011566636,-1.25211318,0.387504783,2.540365008,-1.032824548,-1.085597352,-1.045545568,1.022594802,-1.103222901,-0.533582611,-1.264784944,-0.819617845,-0.686966321,-0.966794864,-1.010052112,-1.308592853,-2.282782466,-0.778051688,-1.275826908,-1.11871296,-0.56651453,-1.623536837,-1.720369473,-1.03817592,-1.18515105,-0.916540763,0.048504409,-1.74239804,-0.630923837,-1.359847191,0.524077429,-0.478197104,-1.031982206,-0.767224384,-0.37571215,-0.412187654,-1.84136997,-0.106917282,-0.080559508,-0.727531607,-0.069993372,-1.501929705,-1.560647748,0.203104096,-1.18678798,-0.85143976,-0.984034384,-1.127629238,-0.233572747,-0.409623743,-2.053384007,-1.091239534,-0.822800389,-0.345452438,-1.063052113,0.228966565,-1.723166678,-2.205458382,-1.999521919,0.776384779,-1.9618363,-0.162989628,-2.296603021,-0.105249411,-0.566690757,-1.171505614,1.730717052,-0.913046002,0.179400628,-1.181885208,-1.112305616,-1.379517377,-0.386839644,-0.959198233,-1.181559209,-0.801177925,2.627194385,0.144100344,-1.583770166,-0.327532317,0.826716072,-0.677470701,0.312691708,0.090023503,-1.052110455,-0.737308076,0.843332867,0.54962317,-0.255537619,-0.715188311,0.733905173,-0.23483665,-1.559695821,0.883106164,-1.935168053,0.923861997,-0.3878708,-0.330728762,-0.636955901,-0.353252237,-0.763355076,0.23594131,-1.085597352,-2.22192719,-0.256312613,-0.91904452,-1.215708061,-1.753308283,-0.21418381,-0.985105048,-1.509140191,-1.901128006,-1.363750397,-1.092729626,-1.346304713,-1.642994696,0.933855563,-1.62964062,0.283523437,-2.052604888,-2.151582219,-1.664422221,-1.963972292,-1.197659442,0.83169099,-1.055840197,-1.008954417,-0.268925744,-1.498791392,-0.670798777,0.07278567,-1.74869998,0.403129048,-0.588066704,-0.357675444,-2.174191878,-0.772839949,-1.37436579,-1.580364665,-0.833329211,-0.663976803,-0.528989594,-1.234088428,-0.689155159,-1.695540611,-1.775492497,0.790591445,-1.567816238,-1.528780009,-0.512159847,1.484803963,-1.112305616,-0.616556578,-1.277619344,-0.410527902,-0.870600606,-0.778705069,-1.87993516,-2.179482896,-0.86298696,-1.293532881,0.473310655,0.837896664,-0.871795492,-0.737935363,0.237204235,-1.991430664,-1.05987246,-1.348613294,-0.109033921,-1.878625402,-1.52924137,-2.558768498,-0.661260992,-2.402405428,-1.32915817,-1.963259787,-1.77608299,1.118872328,0.547658874,-0.489390343,-1.001304106,-0.853081218,-1.074993423,-1.125161624,-1.364141556,1.015266911,-1.331048887,-0.307748735,-0.801623657,-2.255701507,-1.561124052,-1.232029402,-1.503277717,-1.127320453,1.010836984,0.849509698,-0.64207391,-1.439273286,-1.300116665,-0.005816885,-1.094520671,-2.017406151,-2.20183519,0.310494871,-1.151380354,-1.917322692,-2.308603165,0.616374122,-1.397557553,-0.756513056,-1.28518286,0.354803193,-2.185691342,-2.117766656,-1.690105816,-2.286711744,-0.862749965,0.544705175,0.010247316,-0.967847219,-0.372949516,-0.899679466,-0.588967362,-0.636955901,-1.470981169,-1.531088946,-1.271538124,-0.045729852,-0.804525769,0.256655694,-2.237734121,-1.561124052,-0.238130294,-0.821207851,-0.00471108,-0.550086338,-1.582795981,-1.036482917,-1.00103196,-0.084795652,-1.015282681,-0.95010608,-0.920549789,0.581041747,-2.293625352,-1.340556469,0.746261316,-0.46505589,-1.963972292,-0.312111386,-1.166355941,-0.195649987,-1.156771203,0.948409362,0.398574757,-0.162754251,-0.93140437,-1.883874758,-0.335472736,-2.005447862,-2.429282746,-1.245489485,-0.791201121,-1.848964943,-0.973919845,-1.356347285,-1.693363147,-1.517314624,-0.741707371,-0.682405084,-0.350125013,-0.773056564,-0.526108481,0.688084386,-1.146647738,-2.557477343,-0.747392195,-0.717849793,-0.57234648,-1.359847191,-0.233446444,-0.696352312,-0.46203546,-0.217534313,-1.678787991,-1.26513924,-1.686318957,1.753659461,-2.20909475,-1.299382989,0.185150884,-0.28143496,-1.449447176,-1.703748592,-0.822572728,-0.979496808,-0.778487228,-2.635264531,-0.451927983,-0.287282152,-2.102096232,-1.611941043,-0.111378588,-0.494132401,-2.178599113,0.899632755,0.921994435,-1.077340153,-0.928110309,-1.692276191,-1.448169765,0.260670523,-0.220023424,-1.982677873,-1.23065907,1.439195113,0.016168581,-1.568775931,-1.784982485,-0.005314095,-0.925583779,0.404998333,-1.027222293,-0.051188037,-1.727658544,0.1889661,-0.590410103,0.081303451,-1.829461336,-2.132842318,-0.735011385,0.129799438,-0.179365929,-0.09805394,-1.604450371,-0.906587956,-0.531198414,0.423435993,-0.426484475,-0.502692124,-1.998783639,-2.12611395,-1.504177402,-1.618983325,-1.202973304,-1.704298193,-1.087375657,-1.348613294,-1.342086106,-1.011425927,-0.008132983,-0.136507245,0.02264173,-1.342851803,-0.183322057,2.547975341,-1.806061254,-1.732736129,-1.742969305,1.001770937,-1.325763861,-1.621004549,-0.747814582,0.250914348,-0.394376811,0.180987334,-1.287354413,0.026836654,0.710643228,-0.17387731,-0.966794864,-0.461876742,-0.184163252,-2.012156795,-1.021095846,-0.293163736,-1.224515706,-1.317514846,-0.613596902,-0.95217701,-1.357901287,0.312252726,1.54885954,0.301215087,-2.53451715,-1.598003535,-1.866267521,0.535498724,-0.985372893,-1.980501594,-1.009777575,-2.289668868,0.821408461,-0.551647618,-1.273680217,-0.677470701,-2.36765709,-1.641961104,-1.754463684,0.364712556,-0.521718065,-1.054978252,-1.495662898,-1.158043872,-1.759679576,0.281336985,-1.871452238,-0.069350078,-1.15327969,-1.979053368,-0.701784374,-1.096614286,-1.947010754,-2.031032402,-0.030562306,-1.931021537,-1.005395207,-1.405273328,-0.980029573,-1.367276355,-1.5711792,-1.999521919,0.37884731,-1.833206659,-1.375948069,-0.810355381,-1.005121946,-2.200028505,-1.815847265,-0.269318388,-1.638351923,0.531568985,-2.403511012,-1.582309245,-0.013186562,-0.005012542,0.624921872,-1.196666229,-1.973281346,-2.260483917,0.256268802,0.022054991,-0.120023043,-0.50071029,-0.874189556,0.440317319,-0.379505006,-0.573587946,-2.07544952,0.277404438,-0.373094728,-0.347007539,-1.07031642,-1.430455257,0.134093734,-1.103825856,-1.702650294,-0.05921936,0.61917766,-0.666700011,-1.454573202,0.893390512,-1.345920467,-0.637523277,0.263210061,-0.657780037,-1.627092848,-1.222136775,0.148333795,-0.694147681,-0.884065585,-0.015621381,-2.571772583,-0.121264087,-1.708153885,-0.941352162,-1.329536027,-1.337123317,-0.359966068,-0.672364641,-0.718259881,0.814966504,-1.536187451,-1.158680815,-0.374402583,-1.175709339,-0.231175723,-1.194352561,-0.333237474,-1.591597994,-0.608071008,-0.921052049,-1.053543325,-1.850872734,-0.864647499,-0.191402666,-1.418817553,-1.114436839,-0.492985706,-0.180323554,-1.669187917,-0.294773826,-2.035616062,-0.902141309,-1.39472984,-1.278696351,-2.493745598,-0.160638346,-1.268333563,-2.135377174,-0.30870144,-1.898454208,-0.88213088,-2.305589602,-1.736703263,-1.028060633,-0.817803785,-1.532476871,-0.084469157,-0.121941671,-0.304624793,-2.587604048,-1.23065907,-1.389098288,-0.857550237,-0.531879033,-2.394700382,-0.854490331,-2.015903521,0.279750702,0.464802627,-1.340556469,-0.887946259,-1.508688009,-0.493313199,-0.901402119,0.558872655,-0.567925216,-0.750352654,0.490602508,-1.034511363,-1.407722309,-0.302863394,0.385738478,-2.102914898,0.643904414,-1.426699776,0.520280783,0.49237648,-0.756939314,0.506516352,0.660572335,-0.973655049,0.307264087,1.253791011,0.115112807,-0.119684843,0.775740479,0.188220789,0.100749903,0.691145178,-0.191402666,-0.636388847,-1.279774518,-0.423883694,-0.929629296,-1.017493237,0.071389996,-1.783196239,-1.287354413,-1.781413177,-0.202850848,-1.944910649,-1.099913134,-1.235807528,-1.145075163,-1.759679576,-1.822012512,0.624172166,-1.426283369,-1.155500151,-0.466170983,2.921321179,2.222491551,2.961182236,-1.828838477,0.012718772,-1.938636665,-2.058071516,-1.456287733,-0.102032726,-1.393923388,-0.21109147,-1.518683549,-1.423788566,-2.051048467,-0.965218405,-0.615260642,0.88116084,-0.906340401,0.734097167,-1.251064412,-1.588165777,-1.767847649,-1.764922815,-0.783071888,1.086708384,-0.24679608,-0.021938908,-0.780231287,0.613237797,0.18023605,0.508262341,-0.087302328,0.027225986,-1.372391456,-1.179280192,0.258510695,-0.568631306,-0.923063616,-0.980829253,-0.028708164,0.267351806,-0.221644675,1.330120756,1.948720482,1.070589972,-0.47176518,0.046883586,-1.677716753,-0.767655233,-0.421899415,0.241062052,0.256036595,-0.424189317,-1.94911528,-2.161085531,-0.057205474,-1.457146102,-0.551300456,-2.400197922,-1.398366942,0.712116127,0.172018664,-0.768086267,-1.818308804,-0.272071225,-1.851509474,-1.741256487,-0.933945667,-1.006215439,-1.74239804,-0.441455046,-1.28157405,-0.294773826,-0.928110309,-1.914605299,-0.530688253,-0.174234347,-0.397794602,-0.68121861,-0.58250066,-0.191644884,1.464689559,0.19499096,-0.572878348,-1.030019497,-1.09422194,-0.747814582,0.061753396,0.03237038,-1.091537375,-1.692276191,-0.918292735,-1.510950966,-0.745915246,1.005948604,-1.026943002,0.430612902,-2.06909525,-2.343407088,-0.040093094,-0.289550484,-1.950520762,-0.19309943,-2.032557956,-0.09530018,-1.469241282,-0.01440323,-1.198653643,-1.001576326,-0.653157532,-1.433805344,-2.169803982,-1.497002483,-1.025826619,-0.990206415,-0.510159179,-1.667067025,-2.621413894,0.194579454,-2.213658884,-0.733552595,-1.437166691,-1.84136997,-1.755620423,-1.592580795,-1.288079314,-2.453407983,-1.829461336,1.399852039,-2.288682188,-1.250016743,-1.609437912,-1.188099455,-1.238909374,-0.270366195,-0.432476657,-1.365315955,-0.807212137,-1.712024501,0.044973366,-1.593564563,-1.159636991,0.509044038,0.973200226,-1.205640861,-1.013077001,-0.127719742,-1.197328262,-0.86441011,0.37493717,-1.166998202,-0.936748574,-0.549220012,-1.330292171,0.529745509,0.528979834,-0.992362169,-0.405415109,-0.603672174,-0.920047781,-0.268271679,-1.725410089,-1.023319305,0.076497971,-2.245260026,-1.558269626,0.440252934,1.904045945,-1.284821392,-1.440117168,-1.456287733,-0.866786537,-0.508661301,-0.17542539,-0.239399974,-1.369240607,0.544531156,-0.998314567,-0.719285838,-1.221458119,1.023134147,-1.144760945,0.352697043,-1.054691102,-1.129483952,-1.132893223,-0.8603831,0.577231151,-1.021373508,-1.444771291,-0.989937272,-2.071473372,-1.344768614,0.975653381,-2.238671767,1.611934793,-1.249318906,1.591579394,0.0303352,-0.265790126,0.597076712,-0.653349711,2.997221165,-0.828508818,-1.346689107,-2.62693115,-1.013352445,-1.600973834,-0.144216851,3.047503704,-0.645500527,-1.123007446,0.272847583,-0.543521007,2.096433851,-1.486335715,-1.112609798,-0.044788183,-1.07557959,-1.052396865,-0.391414285,-1.768433644,-0.510159179,-0.923315347,-0.238384101,-0.659325632,-0.651621434,-0.924574951,-0.857078872,-1.090941782,-1.217395825,0.91336646,-1.890475442,0.961340576,-0.13868752,0.218251605,-1.420057991,-0.311974765,-0.837017551,0.353118628,0.651752105,0.672536227,0.869031395,-0.543521007,-1.795767491,-0.245644817,-1.151380354,0.264055142,-1.169571378,-0.551126921,0.707198004,-0.909811766,-0.544382407,-1.265493661,2.320405365,-0.366004039,-0.363987329,-1.459725639,-1.576970722,-0.249230886,-0.63073592,-0.501040323,2.910729786,-0.493640799,0.51252418,0.657157243,-1.033948775,-0.040301297,-0.837017551,-0.690550555,-1.169571378,1.569532165,0.522121584,-0.406165353,-0.945977042,0.647888274,-1.621510494,0.250525228,-1.88981341,-1.329914028,-0.172331623,-1.243060193,-1.824489294,0.893308655,-0.526955006,-0.663782572,0.083145581,0.16279889,-1.608938037,0.220901039,-2.288682188,0.870665554,-2.037148629,0.420025259,-2.126952524,-0.054773026,-0.040093094,-1.523719037,-0.265529268,-0.170195377,1.510567402,-0.796287939,-1.306374738,-1.245489485,-0.128401715,-0.38580955,-0.576609364,-0.006118681,-0.425718837,-0.753746803,-0.598018835,-0.647982629,-0.978964326,-1.864975532,-0.85143976,-1.710917081,-0.153267736,-0.479165471,1.29374038,-1.280493942,-0.0927734,0.054014588,-0.638280279,-0.216416231,0.192931736,2.269865601,-0.758005753,-0.863935502,-0.13857265,-1.023319305,-1.309703759,-0.86654864,0.119115481,-0.949847515,-0.597291695,0.798227657,-0.601479992,-1.261601917,1.225186201,-1.550697417,-0.21331699,-1.330292171,-0.062620362,0.897474818,-0.228407381,-0.839098236,-0.931912113,-2.08828049,-1.095716486,0.473435235,-0.675896827,-2.328929068,-0.717849793,-1.139121832,-1.538513574,0.761973371,-1.78557861,0.176638774,0.115291044,-1.051251717,0.047265192,-1.149800325,-0.733136189,0.388251127,-1.546932707,1.266496798,-2.216407397,-0.181521877,0.592221262,0.250758718,-0.227904868,-1.93171143,-0.413547684,-0.418398384,0.85339353,1.750485984,0.188220789,-0.331424995,1.096610286,-0.129311736,0.121243707,-0.09036244,-0.892818376,-0.526108481,0.217447359,-2.48530673,-1.209320411,-1.547402522,0.017152059,-1.14696255,-1.339792527,0.325411289,-1.11932533,1.03421598,-0.5407695,-0.250257844,-1.508688009,-0.991014278,-2.200931439,-0.732928051,-0.614705754,1.280044561,-1.322381035,2.855481212,0.006578315,0.848268817,-0.275753502,-1.047539018,-1.516858731,-1.446044366,-1.850872734,-1.263369014,-2.183913563,-0.505009238,0.204490663,-1.580850456,-1.942117351,-0.678455632,-1.120857898,-1.333701911,-2.021927635,-1.704298193,-2.048718369,-2.061994628,-0.62960916,-1.103222901,0.088926209,-2.227477621,-1.389900857,-2.694147296,-1.327271021,-1.828838477,-2.510840032,-0.514666323,-1.954043132,-0.518857795,-1.043840053,-1.315276874,-0.933436891,-0.694147681,-0.713758134,-1.574070769,-0.436646226,-0.614151174,-1.434644622,-0.800509699,-0.452085129,-2.157619323,-0.942634707,-1.399176987,0.004888034,-1.67932404,-1.787966671,-0.289283354,-1.615959129,-1.711470638,-0.89086668,0.125398409,-0.412942998,-1.516403046,-1.171828351,-1.895121982,-0.148152041,-2.084253099,-2.015903521,-1.816462082,-0.779576909,-0.891354247,-2.116935746,-0.773056564,0.074179398,-1.443923474,-1.18678798,-1.428784413,1.283846267,-1.087672349,-2.138767008,-1.160594081,-0.814637078,-2.312635429,-1.510950966,-0.428324402,-1.259485514,-0.049820695,-1.210997419,-1.332943186,-2.054163734,-0.56141741,0.254719735,0.386078394,-2.102096232,-0.707854809,-0.84629836,-1.237529588,0.225859859,-2.499817263,-0.747181069,-1.47359669,-2.314657674,-1.192703212,-2.02722867,-0.701179352,-1.812166279,-1.488991759,-1.897786874,-1.698269126,-2.024953356,-2.087473713,-1.827593922,-0.661842331,-2.037148629,0.259359755,-1.838851077,-0.895753081,-0.388607991,-1.501929705,-1.438430116,-1.35751256,-2.1680542,-1.329536027,-0.803185286,-2.110313205,-1.056127677,-1.77136878,-1.689563957,-0.477874524,-1.451579828,-0.310336763,-1.419644341,-1.386294361,-2.194627951,-0.018978967,-1.635781888,-2.301585593,-1.798180037,-1.612944052,-1.116878097,-1.617974243,-0.617854197,-0.713145827,-0.538539462,0.354031453,-1.722606611,-1.249667764,-1.301585633,-1.493879572,-1.569736546,-1.614450454,-0.417183501,-1.686318957,-1.780819529,-1.426283369,-2.230264431,-0.652773286,-1.336742582,-0.622502341,-1.51367329,-0.883581557,-0.474975971,-1.602462299,-1.801809805,-2.603690186,-2.44184716,-0.457442847,-2.44184716,-0.93828075,-0.506169812,0.611774422,-1.101115419,-1.410587054,-1.97256218,-1.511404172,-1.555423324,-1.122392817,-1.548342813,0.989987191,-0.87803202,-2.176833888,-2.791975436,-1.148853505,-1.028340236,-0.659325632,-2.183913563,-0.940839605,-1.077046511,0.128744956,-1.192703212,-1.085005285,-0.382579004,-1.501480771,0.176554962,-1.825109449,-1.089454351,-1.227924025,-0.536314387,-1.939331834,-1.891800823,-2.120263536,-0.21915153,-0.123298216,-0.408720401,0.135142594,-1.254214021,-1.870153537,-1.646620704,-1.760260802,-1.019985968,-0.760783829,-0.657973106,-0.625675465,-1.0336676,-1.533866726,-1.598003535,-1.202640359,-1.123314901,-2.540842282,-1.559695821,-1.96254779,-1.139121832,-1.436325295,-0.349132035,-1.558269626,-1.407313728,-0.277071893,-1.360626614,0.065787741,-0.721135217,-1.829461336,-0.384486702,-0.768948894,-1.926205566,-0.280507869,-0.986981472,-0.447694342,-0.177095238,-0.314573768,-1.342468882,-0.281700001,-0.993441791,-0.13834295,-1.876011022,-0.205180851,-0.128742876,-0.459182391,-1.393117586,-0.83171983,-0.532900831,-0.21109147,1.03563699,0.928693499,-1.378326191,0.21817121,-1.599487582,-0.56106684,-0.714370817,-1.199316993,-0.255408512,-1.209320411,-1.474033275,-2.185691342,-0.133531393,-0.222268934,0.519329364,-0.792083928,-1.030860187,-1.0744076,0.063068691,0.163648292,-2.468639677,-0.842343487,-1.07089985,-2.24243117,-0.682009436,-2.149006005,-1.798180037,-1.93171143,0.733857169,-0.954511945,-1.517314624,-1.265493661,-0.056887862,-0.720723948,-1.065080805,0.307116985,-0.363268059,-1.901128006,-1.320132159,-2.384880336,0.307852279,-1.662838689,-1.105334834,0.930864024,-1.454573202,-0.988055298,-1.705948813,-0.693947501,-0.317042228,-1.900458886,0.343093127,-1.722606611,-0.607703699,-0.464578373,0.258665123,-1.993630885,-1.989235274,0.915530443,-0.721546655,-1.259837937,-0.239272933,-0.248589573,-1.427116356,-0.859201765,-0.414758155,-0.314847741,-1.031701583,-1.37634403,-1.351313392,-1.516858731,-0.080342753,-0.904609227,-2.044846897,-2.787093408,-1.402017322,-1.570698084,-1.058142356,-0.256312613,-0.770460284,0.511745201,-0.656044093,-2.170680022,-0.902881045,-1.821394274,-1.255617037,-1.709258248,-2.230264431,-0.363268059,-2.005447862,"RMS"
"41",0.802584375,0.654770111,-1.223155624,-1.736135566,-0.953214086,1.686361916,1.965684765,0.21985816,0.270942748,0.571487892,1.882924707,0.14384057,1.729263306,1.240487938,0.489193324,0.588897159,0.321431113,0.422780986,-1.476219069,-0.053717283,0.567527267,2.428750675,-0.524755529,1.587110501,0.937504128,1.969961441,0.471502505,-0.016332655,-1.042988385,0.484953816,-0.209610537,-0.002002003,0.166022784,-0.137998498,1.336526219,1.047248816,-0.876108942,-0.574120474,-0.015722961,-1.197328262,0.238938157,0.937817362,-2.167180456,-1.034792776,-0.330033013,0.465116708,1.666649658,0.713880747,1.777576025,-0.212698294,1.065572435,0.120534802,0.503196597,-0.68299885,0.32215596,-0.290753451,1.349241297,-1.95970486,1.19049235,1.488106087,1.295740353,1.605249152,-0.034384427,0.502894253,0.392650011,0.337400377,-1.662311402,0.469816112,-0.564402225,-1.403644,-1.561124052,-1.435064526,-2.091514123,-0.592035679,-0.951399909,-0.519866368,0.785999798,-0.497251504,-1.642994696,-1.239599982,-1.836966062,-2.029509173,1.000006685,1.161461884,-1.147592471,-1.505528449,-2.679462744,0.647364988,-1.071483621,-0.198207066,-1.396344697,0.527387712,-1.277619345,0.951348948,-0.564226401,-1.209320411,-0.656236827,-2.157619323,0.649247538,-1.251763468,1.27726044,-1.244447637,-0.951399909,-0.018163971,-0.500380366,-0.644357016,0.752877285,-0.611014351,-1.368061593,-1.930332119,-1.865621318,0.036428357,-1.007036345,0.445390701,-1.030019497,-0.829196025,-1.654435278,1.233638397,-1.848964943,0.024399887,-2.15330339,-0.890135774,-1.59405681,-0.826907171,-0.500380366,-0.17888746,-0.066246646,-0.096731189,0.629728033,-1.412638337,-0.801400766,-1.848964943,0.551468402,-1.165714092,1.085729663,0.445326642,-0.214307703,-0.395861372,-0.568984538,0.883230206,1.866140023,-0.081752502,-1.583770166,-0.317591603,-1.009228728,1.481831788,-1.649218782,1.617386241,0.102737078,-2.465104023,0.828464478,0.725953132,0.14401376,-0.83171983,-1.298283484,1.063399533,-0.360396145,-1.133825044,-0.283291724,-1.408949052,0.73241597,0.358932394,-0.77414034,0.14202026,-1.534794369,-1.628620732,-1.335221091,-0.425259735,0.378915773,-0.272859144,0.144446604,-1.030860187,-0.261364764,-1.206643033,-0.816219178,0.92544867,-2.26144315,0.613021136,-0.456653145,0.387708387,-0.481752376,-0.727945686,-0.889892258,-2.037915795,0.069992372,-0.506501652,2.393339456,-0.903374507,-0.187052731,-0.69174816,-0.98564081,0.351571946,-0.548354436,-0.513830133,-1.145075163,0.121952111,-1.761424269,0.296245303,-1.272608597,0.161268148,-0.592397278,1.361847968,-0.204321797,0.159138221,0.099030524,0.768764727,0.428856061,-0.530178352,-1.00184862,-1.290984181,-0.459657337,0.269492643,-0.40631547,0.911800667,0.554459661,-0.374402583,-0.449103565,1.193285902,-0.265007755,-1.6533898,0.230476599,-0.075585987,-0.273384768,-1.788564578,-0.920549789,-1.215708061,-2.507152259,-1.055840197,-0.593301846,1.100443944,0.860904864,-0.969691509,-1.749850066,0.080104244,1.278876174,-1.704848097,-0.353109878,-0.708463885,0.501017683,-0.62942149,0.647207949,-0.462670582,-1.36179689,-1.070608092,0.428986303,-0.785701162,-0.4405225,-0.492821999,-0.039156715,-0.553385238,0.568943577,1.145241389,-1.326140438,1.38796796,-1.580364665,0.936367831,-0.271939966,-0.951399909,-1.589635285,0.610091605,1.668781714,-0.581248088,-0.182001608,-0.696552974,-1.009228728,0.975351779,-0.957894282,-0.354962126,-1.190398684,-0.058370913,-1.265848208,-0.883339632,-0.386250889,0.090754363,-1.326894018,1.217550213,0.331962081,-0.006722546,-0.414758155,-0.390822831,0.020684591,-0.359249684,-1.165072655,-1.579393791,-0.23395175,-0.153267736,0.906967404,-1.720369473,-0.131020262,-1.603952982,-0.461876742,1.650483882,-0.568101692,0.13496786,-0.0927734,0.205549683,1.027724766,0.715691145,-1.968258013,-1.712578671,-2.137918471,1.591620114,-1.345536369,0.586118608,-0.416424948,0.323314625,-1.456287733,-1.059583902,-1.582309245,-0.551300456,-2.194627952,-0.597109992,-0.571637763,-0.257088207,-1.129483952,0.281865187,0.106160196,0.281487928,-0.564753966,0.615023464,0.20522395,-2.078641862,-1.198322133,-1.171828351,0.114845392,1.062881479,-0.442232832,-1.843263312,1.652593183,1.339883863,1.636819589,-0.506999619,-0.56141741,1.642447066,-1.527857925,0.501683966,0.14401376,-0.099930839,-1.825109449,-0.538368127,-0.0329365,-0.151637175,0.921079249,-0.397496939,0.719789112,0.627167622,1.493398356,-1.323131786,-0.602940913,-0.607520095,-0.71070034,0.30151101,1.00730077,-2.080241862,1.079803168,-0.132046781,-2.136223556,-0.47320876,-0.228784431,0.937778214,0.101472969,0.562183916,-0.958937307,0.723191302,-1.033948775,-0.280905088,-2.102096232,-0.768948894,0.521171916,-1.262308381,0.311959965,0.100026314,-1.355959161,-0.16251893,-0.211338506,0.108944087,-0.263054503,0.158455686,-1.146647738,-0.975244875,-1.110178925,-0.980829253,-0.315944382,-0.107473858,-1.432128898,-1.098412309,-0.852142912,-0.954771719,-0.451770861,-0.68458395,-0.556171726,-0.606602579,-0.505672259,-0.56457808,-1.895121982,0.153664848,0.60742588,-1.876011022,-1.304898723,-1.211669011,0.107957142,1.27278966,-0.819617845,-1.536652243,0.294980375,0.910111681,-1.920729851,-0.16735413,-0.825308084,-1.393117587,-1.238564249,0.771357441,-2.067512971,-0.476102188,-1.438430116,0.339254078,-0.86654864,-0.257993829,0.338684074,0.17050198,-0.267356706,-0.262144289,0.937034093,-0.374111801,0.440574819,-0.354106816,-0.928616382,-1.913927103,-1.516403047,0.411977192,-0.265007755,-1.63475572,-0.341786331,-0.647027245,-0.96942783,-1.774312556,-1.350541191,0.773020643,-0.846997905,-1.502828177,-1.454573202,-1.251064412,-0.91130319,-1.627601883,0.410651635,-0.445350042,-0.638280279,1.246888605,0.009950331,-1.528318861,0.268040432,-1.21976349,-0.649704623,-1.133203733,0.134618302,-0.942378067,-1.160913315,1.101607798,-1.254915283,0.430937904,0.39224477,0.145398203,-1.183843433,-0.231301739,-0.75098818,-0.632428446,0.390216097,0.653418338,0.731117112,0.805090979,0.194908672,0.568207346,-0.367447041,-1.204973305,1.339464774,0.115112807,-0.579282924,-0.133302847,0.249590721,-0.209610537,0.340037303,0.195813464,0.190537712,-1.134135845,-0.305167387,-1.21976349,-1.184497028,-0.690351093,-0.251285857,-1.027781108,0.238544348,-0.214431611,-0.288615842,-0.986713196,0.237125349,-0.825079852,-0.077745349,-2.105374924,-0.515335779,-0.332261116,0.607534825,-0.837710632,-0.567925216,-0.898942094,-1.008131936,-1.48236483,0.431522642,-1.572142128,2.367576637,0.25905109,-1.014730805,-1.32425897,0.692396899,-1.844527535,0.436317572,-0.567043304,-0.497580397,-0.353109878,-0.260585847,1.723212927,-1.160913315,0.776200736,-0.249615872,0.722511789,-0.074508052,0.302915453,-0.923063616,0.552907624,-0.479165471,-0.165346453,-1.015834862,0.223863292,-1.171505614,-1.232372279,-1.202973304,-0.467287322,-0.094420576,1.204052801,0.511805144,1.706346814,1.533096679,-1.738977284,-1.913927103,0.840834159,0.537194879,0.867604562,0.65331428,-1.192373669,0.193838317,-1.761424269,1.679784534,-0.657973106,-1.30379314,1.011491815,-0.716006475,-1.740686199,-1.46793835,0.216884001,-1.257022025,0.157260126,-0.828966904,0.494025285,1.359128693,-0.576609364,-2.341325921,-0.509326748,0.506877842,-1.135691297,-0.613596902,0.12398598,0.044208255,1.056574277,0.4647398,-0.519866368,-0.755022584,0.583890195,-1.245489485,-0.735845935,-1.10714862,-1.102018082,0.943322071,-1.332943186,-1.10292156,0.68868725,-1.074993423,-0.470483745,-1.618983325,1.196071672,-0.719696516,-0.971539206,-0.90090963,-1.04497674,1.270069486,1.063813783,0.439351104,0.667624223,-0.244367188,-0.30652516,-0.043951888,-0.793630719,0.130677324,-0.250900228,0.189048878,-0.544037758,-0.318003832,-0.833099141,-0.393931872,-0.590590592,0.09921165,-1.588165777,-1.54928399,-0.288882793,-0.554951682,0.174037337,-0.319103943,-2.064355904,0.855223512,-1.676112046,0.351079318,-0.724844267,-2.42249539,-0.389198136,-1.308222826,-1.343234872,-0.722575991,-1.865621318,-0.627546724,-0.280640258,-0.585010522,0.02887896,-0.958937307,-1.126086266,-0.755235373,0.288631622,-0.780013114,-0.091457611,-0.268533254,0.862636759,-0.957112726,-0.100041354,-1.890475442,0.21656194,-0.782853094,0.926597435,-0.450357877,-1.270825111,0.237204235,-0.906340401,0.657675431,-0.913046002,-0.467127769,-1.162511015,-0.698561813,-0.781104459,0.597956994,-1.498791392,0.244043615,-0.588066704,-0.381992752,-0.714166548,-0.1420245,-0.063365876,-0.731056754,-0.915291232,0.917969322,-0.075262485,-0.554951682,0.208557693,0.081579987,-0.279317156,0.517900537,2.128541182,-0.611014351,0.245687516,-0.477713272,-0.605685905,-0.928616382,-0.623061573,-0.092334611,-1.277978218,-0.792083928,-0.040405415,-1.296819355,-0.807212137,0.491459301,0.031498667,-0.849333264,0.182988001,-0.007125325,-0.626984978,-1.622523152,-0.400477567,-1.893127964,-2.130313872,-1.354795694,-0.208994128,-1.74239804,-1.927579192,0.665519013,-1.966112856,-1.024154378,0.230952978,-0.103806169,-0.053400777,-1.586209786,-0.038429027,0.305202686,-1.453717037,-0.0010005,-1.037046933,-1.421714306,-0.385074419,-1.470981169,-1.235119533,-1.103524333,-0.298540816,-0.354962126,0.09567375,0.906603966,0.685518153,0.908460153,0.50657661,-2.240549702,0.230238324,-0.276544328,-2.210917905,1.185920844,-0.053822807,0.739076112,0.095128345,-0.198328995,-0.838635487,-0.812381269,-0.95191791,2.047060385,-0.371788582,-0.568454737,-1.012251123,1.068531017,-0.328920821,1.371916493,-1.205974807,-1.123622452,-0.883339632,-0.681416258,-0.404066087,-0.591854929,0.315175637,-0.20138206,-0.742547531,0.820748525,-0.060918415,0.243338259,-0.768086267,-2.24620476,0.904056194,-0.270628318,0.2038384,-0.2026059,-0.40661577,0.162968828,-0.547316732,-0.945462109,-2.082646673,-0.980829253,0.277858984,-1.875358493,-0.23483665,-0.7271177,0.129448067,-0.170313938,-0.072463172,-1.770193691,-0.107696576,0.156148683,0.278313322,0.110915061,-1.207980826,0.597186789,-0.814637078,0.446926898,-0.628858691,-0.867500568,-1.105636904,-1.337123317,-0.923818998,0.247719084,-0.14618251,-0.700171796,-0.755022584,-0.34658318,-1.014454981,0.009653257,-1.044692447,-0.511159013,0.162713911,-0.977368581,-0.876829663,-0.902634405,1.072370978,0.538129458,0.460142669,-0.171619034,0.265206376,-0.379797361,-0.33086797,0.519091368,-1.557794679,-0.094860281,-0.547489608,1.03577898,-0.010252377,-1.10835964,-0.165582441,-0.521044324,-0.169484308,-0.084251552,-0.40107476,-0.685774426,-0.246668096,-0.241307522,0.181738053,-0.826678573,-1.570217199,-0.46968368,-0.149196306,-1.90851803,-0.862513026,-0.544210068,-0.422662133,1.078171458,-0.130678324,-0.701986129,-0.959981421,-0.755874011,-1.12639467,-0.963120319,0.676814526,1.822256343,-0.249615872,-0.159112972,0.979303089,-0.81712436,0.824219302,-0.747603366,-0.382139283,-0.108253585,-1.609437912,-1.408131056,-1.092729626,-0.039364724,0.129799438,0.435412185,-0.144910172,0.640010082,-0.532900831,0.792358831,-1.308963018,0.253090628,0.366031039,-0.960242619,-1.148538097,-0.671972945,-0.082078111,0.02849027,0.903124435,0.139848895,-0.932928373,0.483104931,-0.687363936,-0.62942149,-0.041551427,0.103188158,0.216320326,-0.417487083,-0.672364641,0.060153923,-0.547143886,-1.562077341,0.077794027,-0.367880348,-1.350927217,1.042535642,0.155635292,-0.581784713,1.246974821,-0.18572735,-2.172434409,0.815586028,-1.252463014,-0.922811949,-0.348706774,-1.045830103,-0.242071561,-0.84629836,-0.562996496,-0.665921194,-0.921805913,0.678997545,-0.349273829,0.747540664,-0.289283354,-1.062473242,-1.995835958,-0.439901285,-1.346689107,-0.690949597,-0.494624244,-1.677716753,0.825008429,0.643168811,-0.289283354,-0.758859724,-1.023041102,0.636788447,-0.158644093,-1.427533109,-1.054404034,-1.440539376,0.037873652,-0.927098931,-0.429092039,-0.586627337,-1.282294771,0.05600219,-0.448476999,-0.853081219,-1.694451287,-1.780819529,0.516111628,-1.024154378,-1.676112046,0.165768644,-1.070608092,-0.6919479,0.68994205,0.352907857,-1.339410775,-1.00758399,-1.94911528,0.691095076,-0.648173815,0.304907853,-0.961288098,-0.023882941,-2.121931593,-1.235807528,0.524373436,-0.144216851,-0.769380487,0.499805121,-0.025625548,-0.830801346,-0.086102699,-0.274568433,-0.66067999,-0.448007331,-0.943918899,0.072227634,-0.653926467,0.73332897,-0.673148494,0.479644506,-0.310473161,-0.695750566,0.202287569,-0.587346762,-1.36335939,-0.25812327,-1.311186889,0.941763528,-1.128865332,-0.71070034,1.086202269,-0.446912298,-0.857314527,0.407862233,0.354031453,0.011632084,0.271705118,-1.266202881,0.139674982,0.750802693,-0.738144547,-1.142564176,-1.088265997,-0.848164903,0.268346336,0.438448461,-0.738144547,0.414292697,1.71938589,-0.436182081,-0.481266822,-1.353246507,0.897515577,-0.518857796,0.183903638,-1.072359918,-0.473529839,-0.400328324,-0.318966363,0.221622395,-2.192834229,-1.07382212,-0.322273517,-1.528318861,-1.294992203,-0.061024702,-0.249872611,-1.115046595,-1.293532881,-0.511159013,-0.568454737,-0.282495546,-1.133514341,-0.238130294,-0.025317808,-1.061027528,0.298622013,-0.17387731,-0.506667614,-0.290084957,-0.593120867,-1.136314156,-0.790980541,-0.116084479,-1.027501661,0.335400234,-1.177655496,-0.973125669,0.284125756,-0.26175445,-0.316355933,-0.738772359,-1.409358301,-0.434327653,-1.263015345,-0.64207391,-0.395564283,-0.238384101,0.414160527,-1.304530059,0.729768364,-1.138185064,-0.743388397,-1.933783969,0.913927943,-0.837248525,-0.263444848,-1.949817774,-0.352540645,-0.15466748,-1.4554301,-0.084251552,-2.455736273,0.532684958,0.193920693,-1.168605661,-1.196004635,-0.121038328,-0.615630738,-0.626423549,-0.089159136,2.103585223,-0.500050551,-0.612858349,-0.261364764,0.411513447,0.026836654,0.318671889,0.37939488,-0.094420576,-0.491186409,1.026579086,1.523160811,0.414292697,-0.168773744,-0.003506139,0.247406803,-2.023439352,0.615726034,-1.751001477,0.868863638,-0.094750337,-0.595838998,-0.397199364,0.58589599,-0.410829471,0.114131934,-0.176975871,-1.401204974,1.165772371,0.121420855,-0.660486398,-1.997308712,-0.815766894,-1.027501661,-1.953337665,-1.310445049,-1.54975491,-1.021095846,-0.781978394,-2.538307427,0.493048544,-1.74239804,-1.314159763,-1.141311043,1.13981821,-2.097198263,-1.689022392,-0.69214768,0.429832465,-1.702101597,-1.208650394,0.088834714,-2.152442435,-0.833099141,-0.509659637,-1.276901984,-0.023985363,-0.488901066,-0.881889305,-1.880590683,-0.346724613,-1.846426871,-1.377532856,-0.266181541,-0.463624022,-0.432630776,-0.470803949,-0.362549307,-1.966827397,-1.227924025,0.03130485,-1.644029357,-2.165435255,-1.667596827,-0.056252942,-2.551046452,-0.700574696,-0.246668096,-0.299889616,-0.532730459,-0.902634405,-1.440539376,-1.903808973,-0.786359562,-0.924827063,0.557900031,0.644639477,-0.218653646,-0.473851021,0.208476514,-1.436325295,-0.720312849,-1.161232651,-0.333795821,0.159649818,-2.73183073,-0.369036752,-1.034792776,-1.532014016,-1.301953213,-2.042531188,-0.677470701,-0.340801595,-0.28595024,-0.389050567,-0.973390324,-1.11871296,-0.061449962,-1.721487416,-0.691149178,0.782896473,-1.021373508,0.165683916,-0.389936307,-1.976884953,-1.744112816,-0.56124211,-1.216720377,-1.354408172,-0.180563104,0.490112582,-1.663894098,-0.59402609,-1.057854296,0.11234606,-1.10714862,-2.216407397,-0.238003414,-0.710496819,-0.006621876,-0.961026626,-0.191766016,0.480263318,-1.034792776,-0.171975265,-2.004705196,1.039993986,-0.88213088,0.524077429,-1.553530281,-0.476263179,-0.720107362,0.588231011,-0.744651023,-1.602462299,-1.363750397,-1.198653643,-0.744440475,-0.625488532,-0.470803949,-1.891137913,-1.084413569,0.605244497,-0.954771719,0.18431956,-1.080281332,-1.385095081,0.345998149,0.054204054,-0.490369615,-0.221769496,-1.485010334,-0.724018844,-0.990744918,0.44775802,-1.351313392,-1.283016012,-1.242020872,-0.519193873,-2.734907655,-0.070422464,-1.170860453,0.820220263,-1.963972292,0.00608147,-0.392302122,0.444942199,-0.384780517,0.307116985,-0.330728762,-0.170432512,-0.483696956,-0.579997083,-0.353821875,-1.116267224,-1.578423859,-1.246880305,-0.992362169,-1.028619917,-1.150116132,-0.877310432,-1.904480339,-0.882614206,0.542382429,-1.264430773,-0.662811981,-2.373007557,-0.620268535,0.356904918,-1.13227249,-0.606786015,-1.480165577,-1.094520671,-0.24028971,-1.083231187,-0.309655053,0.23285623,-0.108922407,-0.160873226,-2.044846897,-0.491840324,-1.22587764,0.354943446,-2.043302495,-0.6806259,-0.200281882,0.583388117,-0.320205264,-1.34822816,-1.25211318,-1.21976349,-0.442388462,-0.971539206,-0.469523744,-0.871556401,-1.816462082,-2.079441542,-0.2026059,-1.495662898,-1.870802677,0.298696194,0.263286916,-1.881246636,-0.616371342,-1.536652243,-1.010326724,-0.651813317,-0.577321615,-1.510045169,-0.448790233,-1.319383656,-0.240544066,0.342596303,-2.026469657,0.257738196,-0.459024125,0.96922468,-0.586986985,0.556123984,-0.811705517,-1.161871628,-0.370194494,-0.426331301,-0.428324402,-1.738408294,-0.688955976,-0.531708835,-0.707246105,0.309174448,-0.960503887,-0.695750566,-0.886004039,0.09921165,-0.465374361,-0.732095931,-1.632706539,-1.782601531,-1.550226053,-0.913046002,-0.685179011,-2.221005106,-1.16443163,0.053730322,-1.482805262,-0.509493179,0.267887445,-0.469203949,-0.605502671,-0.698964066,-2.294616923,1.364074314,-1.915283956,-1.025268894,-0.973655049,0.756168927,-1.540845121,-1.963972292,-0.835171681,0.508563066,-0.419614744,0.868444122,-0.840256046,-0.231301739,1.109354385,-0.782853094,-1.986315564,-1.053256587,-0.290753451,-2.503478035,-0.701582659,-0.248076818,-1.664422221,-2.028748427,-1.459295254,-0.996145957,-1.442653095,-0.816445397,1.885295349,0.476109948,-0.821435201,-1.062473242,-1.33142746,0.277252877,-1.5711792,-0.986176859,-0.458075058,-1.195674002,1.243030043,-0.979496808,-0.428170946,-0.391266389,-0.501535577,-1.799993274,-0.743178114,-0.608071008,-1.323131786,-0.394376811,-1.725971729,-0.648173815,-0.336312249,-0.114513387,-0.992362169,0.806118659,-1.433805344,-1.105939064,-0.819617845,-0.673540651,-1.429201862,-1.572623939,-0.456021832,-1.449447176,-0.41521246,-1.079692404,-0.943405024,-0.584292776,-1.24098263,-1.617974244,0.628288608,-1.513219055,-1.438430116,-1.14790758,-0.909066887,-1.132582808,-0.978166136,0.238544348,-0.775876828,-0.115074208,-0.710293339,-0.687165109,0.136975455,-0.082186671,-0.305303081,-0.359106469,-0.573587946,-2.025711219,0.18023605,-0.488575015,-0.516340805,-0.609357655,-0.653926467,0.71270468,-0.525600909,-0.659519,-1.872102222,0.282920755,-0.650662569,-0.523235644,-0.560891601,-0.884307686,0.026349775,-0.531198414,-0.928363313,0.163138737,1.140010117,-0.523910863,-0.245005798,0.443017764,-0.216167938,-1.079103822,-0.285151943,-0.737935363,-0.672168774,-0.900663476,0.197128064,-0.930389656,-1.210997419,0.006975614,-0.908074577,-0.492494667,-0.684385675,-1.418404415,-0.883339632,-0.980562622,-0.373675786,-0.708057793,-1.516858731,-0.681613945,-1.32425897,-0.85943792,-0.611198598,-0.923818998,0.158882325,-0.768517488,-0.858729621,-0.783509621,-0.884307686,-1.181885208,-0.643024571,0.320125061,0.425398446,-0.039260714,-0.770676383,-1.161871628,-0.966531948,-0.073431278,-1.019154367,-1.078515587,-1.771956842,-1.4554301,0.946004862,-1.47185225,-1.723166678,0.276191306,-0.725257235,-1.470110847,0.055907632,-1.968974089,-1.239945465,-2.081042823,-1.085301275,-0.228784431,-0.703803761,-0.564050607,-0.823483682,-0.081969563,-0.292493629,-0.571283593,-0.731056754,-0.839561199,-1.406905315,-0.897223669,-1.263722809,0.117071672,0.003593536,-0.095410185,0.524018218,-0.935218742,-0.705017353,-0.848632083,1.4140068,0.26297946,-0.378774493,-0.246284244,-0.376003398,0.068779515,-0.719696516,-0.355532739,-1.079103822,0.477103366,-0.909315118,0.853521312,-1.572142128,0.862256843,-0.400029906,-0.345028739,0.409855456,-0.454287773,-0.377023435,1.096710481,1.044965349,-0.48191428,0.827022264,2.229412068,-0.129539371,-0.247308178,-0.58411342,-0.345311185,-0.888189302,-0.935983365,-1.903138057,0.387911949,-1.133203733,1.142214415,-1.358679194,-1.0336676,-1.932401799,0.293862932,-0.422662133,-0.625488532,-1.430037284,-0.912547746,-1.0761661,0.05107327,0.556181326,-1.002938539,-1.54458694,-1.503277717,2.02818772,1.120699885,1.427868073,-0.234330897,0.067658649,0.308733919,-0.477713272,-2.018158313,-0.30924625,-1.215370849,-0.572169254,-1.784982485,-0.516005684,-0.420375721,-0.114625526,0.090206268,0.381035794,-0.447225042,0.47995396,-0.735219957,-1.56398665,-0.929882685,0.896904018,-0.685179011,0.712018001,0.100478619,0.661708112,-0.95217701,1.260135723,0.330741562,0.00608147,-0.932166081,-1.588655373,-1.638351923,-1.829461336,0.394606365,0.580202422,-0.856843273,-0.678258568,0.182154876,-0.028399475,-0.074400323,0.403797051,1.585042756,0.03758476,-0.80833359,0.769274541,-1.658628157,-0.487109097,-0.155601732,-0.55582299,-0.932928373,-0.333097936,1.356195913,0.487106537,-0.688159639,-0.716620537,-1.64454709,0.542440563,-1.850236399,0.723918839,-0.334354481,-0.043011891,-1.545524587,-0.006521217,-1.859182146,-1.596028226,-1.573105983,-0.982163476,-0.383605774,-0.327393573,-1.146018411,-0.390822831,-0.507996297,-1.47359669,-0.300024596,-0.571814895,-1.259837937,0.085443482,0.424483114,-1.25772526,1.138890135,0.862341281,-0.164167346,-1.236151703,0.311374185,-1.18515105,-0.240162557,-0.670798777,-0.420527986,-0.284221401,-1.293532881,-0.525600909,-1.1858055,0.392109653,-0.141794006,-0.768086267,-1.379517377,-1.602462299,-0.676683455,-0.430321484,-1.452434164,-0.657201054,-1.189084192,0.179317048,-1.310074335,-0.081861027,-0.362980497,0.288331861,-0.678258568,0.226577648,-0.228030473,-1.224856015,-0.84304027,-0.194070304,0.050693114,-0.77414034,-1.698815724,-0.01399751,-2.689719244,1.176190423,-0.235216133,-1.246880305,-1.973281346,-0.717030121,-0.83609419,-1.203639527,-0.867976872,-0.046672408,-0.39734814,-0.432014443,-1.420885806,-1.617470084,-1.251763468,0.67049249,0.276949686,-0.256441837,-1.246880305,-1.84010973,-0.333097936,-0.849099482,-0.933436891,-0.085666827,1.408349352,-0.356103679,0.078441426,0.125221965,-1.434224895,-0.706637771,0.209936724,0.092488019,0.065225785,0.326494048,-0.924322904,0.740269288,-0.47981157,-0.980562622,0.559501496,-0.243091189,-0.330033013,-0.152685088,-1.683084453,-1.200312844,-1.709258248,-1.589635285,-1.673976434,1.122979645,-0.262404265,0.186977368,-1.579393791,-0.974449646,-1.4867779,0.078718755,-1.059583902,-0.414606766,-0.567395975,1.07769504,-0.687165109,2.124032425,-0.412640792,1.254675424,-0.400328324,0.262518099,-0.032006796,-1.242020872,-1.240636789,-1.367276355,-0.013794711,-0.65508098,-1.330670457,-0.811480368,-1.273680217,-0.430782916,0.500108399,-0.740867917,0.879875679,-1.127320453,0.986562785,0.37836794,1.10892559,0.632122479,-0.542316291,2.287085594,-1.227924025,-2.033321606,-1.808498793,-0.966531948,-0.895018597,-0.407517212,2.246543702,0.267734435,0.321648622,0.335972112,0.454509208,1.840009805,-1.054691102,-1.279055611,0.029558802,-0.730849048,-0.713349888,0.079919623,-0.905350792,0.02508278,0.970058961,0.192189376,-0.422662133,-0.745493661,0.566449528,-1.097512893,-0.279449388,-1.556371192,-0.241944181,-1.995100393,0.270408744,-0.30164578,-0.84397007,-1.044692447,0.093125978,-0.456968951,0.774681084,1.126130175,0.535615793,1.624759929,-0.334214787,-1.305267523,0.384241472,-0.509826123,-0.035938107,-0.05551271,-1.005395207,0.476172065,-1.312672221,-1.389499492,-0.93140437,1.358332034,0.14418692,-0.215423428,-1.13227249,-0.4167283,-0.679836167,0.2569651,-0.386398045,2.251765371,0.259976801,0.251225535,0.512284559,-0.615815838,-0.413245295,0.162288903,0.336257928,-1.524637311,0.550488547,0.351290474,0.341957167,-1.789761467,0.941724533,-0.391118514,-1.223495471,-1.200645014,-0.128629143,0.075107473,-0.374402583,-1.250016743,1.602312588,-0.30652516,0.515693755,1.007811924,0.311813552,-0.000700245,-1.394326533,-0.168300315,0.388183301,-0.210103938,0.992918384,-0.873470735,-0.096951526,-0.350692872,-0.578212643,0.317507829,1.058692665,0.902800142,-0.320480784,-0.016027761,-1.635268673,-0.01501212,-0.507996297,-0.60495317,0.615293741,-0.25334506,-0.993171776,-0.668454568,0.421863254,-1.877317358,1.255673016,-0.55739326,-2.537042404,-0.245005798,0.032660782,1.012691226,-0.26097523,-0.008233805,-0.899433615,0.7071487,0.44051045,0.341388702,2.090727614,-0.285417971,-0.568807906,0.733184868,-1.323507373,-1.676646662,-0.602027587,-0.506335719,-0.657008134,-1.011975982,1.128203453,-0.330033013,-0.788337368,-0.578390943,-1.928954708,0.092579181,0.023716527,0.259899691,0.735440093,-0.338133616,-1.099312534,-1.144132804,-2.179482896,-0.160051388,0.803793701,0.031401763,-1.974721231,0.689590864,-2.005447862,-1.754463685,0.0835136,-1.458865054,-0.039989008,0.83776687,-0.423425434,-0.861092571,-1.622016695,-1.001304106,-0.198938863,-2.14814874,1.068153081,-0.617483277,-0.630172381,0.497071468,0.410983189,0.372873044,-1.617974244,0.274748797,-0.735845935,0.169067441,0.887561985,-0.073323664,-0.549393217,-0.448633604,0.352415887,-0.66087362,-0.203218383,-1.168927463,0.718522487,0.134443477,-0.240798487,-1.097512893,1.033504717,-0.649513144,0.602784741,-0.131932671,-0.757792374,-1.440539376,-0.023985363,0.307778774,-0.120023043,-0.882614206,-0.856372242,-1.645583359,-0.148384006,0.469941127,0.82513989,-0.868453403,0.742175412,-1.48456893,-0.361687486,-0.374111801,-1.596521687,0.147384987,-1.285544458,-0.479165471,-1.667067025,-2.212744389,0.242083061,-0.236988958,-0.775659602,-1.569256123,-1.905152157,-0.176498544,-0.406465608,-1.221118963,-0.71621112,-0.377023435,-1.997308712,-0.078826781,-0.087520598,-1.299382989,-1.954749098,-1.558744798,-0.460766424,-1.38469564,-2.107841016,-1.695540612,-0.775442423,-0.575364145,-0.73417753,-1.002120989,-0.870839469,-1.22758267,-0.477229674,-0.059113265,-2.001000115,-0.885519073,-0.48240015,-1.474033275,-0.707246105,-0.516843696,-0.704612659,0.468752847,-0.141794006,1.158923136,-1.256319285,-1.4929891,-0.061875404,-1.917322692,-1.614450454,-0.915541013,0.443146175,-0.564402225,-1.400393286,-0.021223637,-1.691190414,-1.001576326,-1.334461213,-0.945462109,-1.28699216,-0.69214768,-0.858021824,-1.199316993,-1.242713633,-0.133645685,-1.189741222,-1.676112046,-1.569736546,1.233288859,-0.63073592,-2.085057281,-0.361400377,0.781066479,-1.628111178,-1.432966769,-0.069135739,-0.430782916,-0.947265536,-1.229974607,-1.458435039,-0.966006324,-0.84629836,-0.084904507,-0.522729528,-2.399095993,-0.869645724,-0.669040105,-1.168605661,-0.671385689,-1.770193691,-0.899433615,-1.860466667,-0.35939292,-1.521885015,-1.371602812,0.573913093,-2.192834229,-1.485010334,-2.131155977,0.686223266,-2.224698554,-2.525728644,-1.281213885,-0.146298258,-1.718137329,0.120357497,-1.48456893,-0.991822795,-0.370773868,-1.028619917,-0.856136809,-1.479726306,-2.431555474,-1.200977295,-1.88981341,-0.362405619,-1.566857465,-2.118598257,-1.704298194,-1.015282681,-1.377929445,-0.244111858,-0.813282982,-1.866267521,0.481746906,-0.937769764,-1.37081479,-0.30788478,-1.105939064,-1.64092858,-1.188755839,-0.71355399,-0.512994641,-0.298675614,-0.944690206,-0.51617323,-1.465337569,-1.46015621,-1.37634403,-0.932420114,-1.743540897,-0.139262067,-0.109145447,-1.752154215,-1.199648833,-0.242581245,-1.122392817,-1.371602812,-1.122085645,-0.039260714,-2.256656161,-1.123622452,-0.669430654,-1.803022662,-0.949330586,-2.499817263,-1.53433044,0.427422276,-1.818308805,-1.284098849,-0.640744502,-0.087957279,-1.114741671,-1.909867558,-1.641961104,-2.090704734,-0.627921396,-1.392312433,-0.927604492,0.912483494,-1.265848208,-0.922308804,-1.006215439,-1.449447176,-0.654503557,0.075849312,-2.504701277,-1.647659125,-1.40283033,0.132430787,-1.154230712,-0.400626832,-1.239945465,-1.099012369,0.538071073,-1.686318957,-1.054978252,-0.659132302,-0.548700576,-1.432966769,-0.688159639,-2.241489994,0.364295831,-0.017960325,-0.378336441,-0.563523413,0.346634709,-1.596521687,-0.839792761,-1.537582475,-1.054117049,-0.719080563,0.092670335,-2.068303797,-1.259485514,-0.775876828,-0.457916968,-1.1858055,-0.285551011,-2.157619323,-1.059007034,-1.735001135,-2.421368629,-0.657780037,-0.883581558,-0.531198414,-0.784604791,-0.710496819,-1.822012512,-0.730226189,-0.315944382,-2.455736273,-0.595657559,-0.603123678,-1.818925137,0.223223548,-0.913046002,0.293042679,-0.104472022,-0.322687682,-1.528318861,0.372252974,-0.389788629,-0.491513313,-1.158043872,-0.642644198,0.019312311,-0.247180129,-0.485807861,-0.840487769,-0.214431611,-0.303540488,0.582997437,0.657830835,-1.193362625,0.865292131,-1.139746832,0.309834877,-0.878994947,-0.135132674,-0.046253385,-0.547316732,-0.433093275,-0.338975367,-0.967320903,0.011434378,-0.213936071,-0.649130295,-1.756199294,-1.016387348,-0.331424995,0.699526788,-0.078394067,-1.005395207,-1.345152418,-1.629130546,0.027031339,-2.514541455,-1.631683521,-1.158043872,-1.283737773,0.171429116,-1.630150954,-1.512765025,-1.432547746,-0.867262501,-1.85342213,0.047837329,0.164751436,-1.459725639,-1.518683549,-0.231932057,-0.046043939,-1.119631656,-0.897223669,0.916730635,-1.400393286,-1.392714929,-1.276185138,-0.701986129,-0.670994376,-1.801203928,-0.352113933,-0.941864983,0.145830448,1.028189824,-0.591132255,-1.449021191,-0.965218406,0.261209752,-1.766676689,-1.37634403,-0.07980107,0.411977192,-1.529702944,-0.664171072,-0.391858105,-0.446912298,-0.627546724,-0.419158435,-1.007036345,-0.828279855,0.653366311,-0.802515718,0.316998127,-1.5711792,-0.819164021,-1.645583359,-1.465770563,-1.704848097,-0.562996496,0.29617094,-0.742547531,-1.933783969,-0.499556032,-1.35751256,-1.325011133,-1.569736546,-0.908818717,-0.220397326,-1.504627548,"RMS"
"42",0.244200294,-0.252314929,-1.508688009,-1.943513025,-1.790360448,-0.745704431,2.250396661,0.574532549,0.169827159,0.2569651,2.204409813,-0.090800364,2.089156696,1.006825893,-0.284088537,-0.014200349,0.132868673,-0.650854268,-1.397153105,0.014494446,0.026836654,1.15227943,-0.527124397,0.310714772,-1.635781888,2.124988357,-0.633558389,-0.468404908,-1.577454867,0.001898197,-0.454917992,-0.120248573,1.355989781,0.17756024,1.984045108,-0.122506675,-1.861752841,-0.659325632,-0.709073331,-1.554949727,-1.271894821,1.272817665,-0.240798487,-0.976571663,-0.009040745,0.439351104,2.045354628,-0.418246443,-0.812832024,-0.276148837,0.754571483,-1.794563397,0.518912834,-3.399199379,-0.455548608,0.644429514,0.431847349,-2.362335097,0.308880784,2.294492436,1.729014894,1.466329377,0.553425237,-1.631172405,0.722851603,-1.340174426,-0.135132674,1.54462202,0.109392377,-0.867500568,-1.493434237,-1.194022474,-1.790959789,-1.588655373,-1.081755172,-0.489390343,1.728375837,-0.17411532,-3.001750346,-1.187443502,-1.359847191,-2.590267165,1.715598108,0.908984103,-1.585721386,-1.787966671,-0.312931507,1.745296595,-0.912796843,0.045928932,-1.155500151,0.237125349,-0.667674385,1.455563861,-0.289149816,-0.129311737,-0.730849048,-2.394700382,0.234676787,-1.755041886,1.641072229,-1.089454351,0.351360849,0.088285565,-0.097061713,-0.611751542,0.157943478,-0.428938464,-1.442229994,-1.349384007,-1.346304713,-0.852846559,-1.657578288,-0.286083351,-1.630150954,-1.424203934,-1.170860453,0.486860746,-1.659679129,0.298918704,-0.454917992,-0.924827063,-1.897786874,-0.059007181,-0.796731497,1.417502288,1.329485886,0.045451263,-0.576787379,-0.030768534,-1.069441911,-1.278696351,1.309737238,-0.943661929,-0.368602943,-0.26487742,-2.820099705,-2.345492594,-1.528780009,0.896536903,1.59612975,-0.679836167,-2.60775248,0.926241063,-1.531088946,0.800385931,-2.074653025,2.18799321,0.330957056,-2.591601389,-0.05013607,0.562753717,-0.209980565,-1.543650172,-1.15327969,1.645326156,-0.705219762,-0.637712474,0.776752764,-2.20183519,0.586897381,0.885542823,-1.227241431,-0.075585987,-2.066722769,-2.000260744,-0.657973106,-0.959459227,1.064952087,0.106429944,0.059494572,-2.014403146,-1.165393322,-1.043840053,-0.614705754,1.087888325,-2.137918471,0.277252877,-0.923818998,0.546327894,-1.34822816,0.204735152,-0.395118816,-2.80016549,-0.029840842,-0.966794864,1.680883773,-1.749850066,-1.979777219,-1.086782537,-0.592578126,-2.350725468,-0.562996496,-1.993630885,-1.870153537,-0.708057793,-3.194183212,-1.033105487,-1.600973834,0.072971613,-1.669718843,1.919756827,-0.757792374,-0.177095238,-0.217658621,0.975728768,-0.848632083,-0.350266948,-0.195406796,-2.603690186,-0.196623342,-0.6806259,-3.516608233,0.265206376,-0.825079852,-0.555300114,-1.082935809,0.61453678,-0.943148186,-3.123565645,-0.500215445,-0.476102188,-0.443011224,0.387097451,-1.310074335,-1.051251717,-1.288441961,-0.622688717,-0.58590843,0.995508484,0.477599706,-1.058718725,-1.95828642,-1.46793835,1.050751692,-2.007679176,-0.466649261,-2.137070655,0.123013776,-1.951928221,0.62063025,-2.777400279,-1.182863841,-1.976163192,0.477661731,-0.967057849,-0.786359562,-0.018775155,-0.546452801,-0.590049223,0.931336967,0.975804148,-0.95191791,1.580935552,0.10192462,1.232297836,-0.423578164,-1.89578754,-1.790959789,0.105350516,0.659435266,-0.62008261,-0.400477567,-1.322381035,-1.947711771,0.362139983,-1.64506509,-0.906092907,-2.226550407,0.040757993,-1.381107834,0.746403547,0.194085424,0.38390093,-0.865597618,0.209774584,-0.897959775,0.176722578,-1.008954417,-0.353109878,0.299141166,0.177476505,-1.839480205,-3.011861656,-0.363124268,-2.207274913,0.295873432,-2.251891979,-1.872102222,-2.502256288,-0.229035877,1.885340883,0.137498513,0.63541213,-0.914292729,-0.742337425,-0.209980565,0.699477104,-1.957577954,-0.686767574,-0.807212137,0.354452476,-1.342086107,-0.151404454,-1.078515587,-0.700776208,-2.198225078,0.680163253,-1.539445541,-0.748659891,-2.663554961,-1.4929891,-1.911218909,0.097580328,-1.226900309,-0.470003629,0.7576232,0.713243882,-1.294627173,0.438254931,-1.177006356,-3.081290162,-2.050271164,-0.888918785,-0.164285194,-0.406465608,-1.502828177,-2.745752068,1.189549284,-1.354795694,1.76686892,-1.160274949,-1.083526651,1.23541333,-1.861752841,0.18248821,0.072227634,0.685870772,-2.440698395,-0.992362169,-0.765287858,0.234360407,0.253866724,0.628128544,0.807412927,1.334026908,1.713996106,-2.097198263,-0.598746505,-1.728221448,-0.892086043,0.40239373,0.402326856,-2.279845606,1.268776915,-0.622502341,-2.370863934,-1.823250136,-1.976163192,1.078001335,0.009653257,-0.843505062,-2.758291418,1.627611763,-1.95970486,-0.392746336,-1.467070671,-2.542112124,-0.654311157,-0.534435489,0.197620594,0.774450632,-1.545055654,-0.163696093,-0.392450171,-1.080575926,-1.220779923,-0.775008207,-2.102096232,-2.560061323,-1.887169654,-3.216378945,-0.838172953,-0.305574525,-1.728221448,-2.831914188,-1.113522901,-1.727658544,-2.143873402,-0.965218406,-0.542316291,-0.944175935,-0.574475651,-1.045261113,-2.160217852,0.239961336,0.037777364,-2.907721396,-1.380709983,-0.916290732,-0.790760009,0.907249987,-0.899433615,-2.66068963,-0.140987693,0.168729603,-2.599644327,-0.393338928,-2.203645145,-1.006489,-0.743388397,-1.587187304,-3.189317023,-1.023319305,0.283448122,-0.385515433,-1.292439786,-0.391562203,-1.322005871,-0.256571077,-0.795179906,-1.067986095,1.354571469,-0.439746042,-0.295042427,-1.506430162,-1.435904862,-2.861201381,-1.859182146,1.183474135,-0.023268627,0.108495596,0.354592778,-0.405415109,-1.851509474,-0.883097765,-2.320749064,1.361566123,-0.187414504,-2.213658884,-0.742337425,-0.575541939,-0.2269006,-1.612944052,0.14401376,-1.731040734,-0.677273831,1.747946896,-0.707246105,-0.266312047,0.103729186,-1.63989712,-1.599982754,-1.084117843,-0.093981064,-0.533071233,-1.479726306,0.445326642,-3.038639775,-0.284487182,-0.247308178,0.936720613,-1.348613294,-0.589327852,-0.097061713,-1.3919101,-0.949330586,1.353642029,0.339752565,1.339464774,1.515281067,0.041621675,0.076868444,-2.594275187,1.585350117,-0.702995517,-0.804525769,-0.475941222,0.473123757,-1.608438412,0.907855253,-0.069671673,-2.970064527,-1.636809109,-1.240636789,-1.480605041,-1.145703896,-0.678652734,-0.937259038,-1.027222293,1.091587674,0.325988907,-0.276676193,0.937269138,-0.25489225,-0.577856136,-0.259677876,-2.254747764,-0.487923231,-0.055089966,-0.416121688,-1.266202881,-1.720928289,-1.004575647,-0.74675895,-2.058071516,-0.144101344,-2.363397232,2.051839075,0.090389,-1.087375657,-0.839792761,0.204164585,-2.220083872,-0.558965999,-1.042704657,-0.403766552,-1.158680815,-0.446287103,2.015036345,-0.13079229,0.91924636,-0.290486,-0.948555693,-0.912298711,-1.608438412,-0.971010944,0.330454164,-2.073061935,-0.278788405,-2.551046452,0.579530454,-1.861752841,-1.030860187,-1.145075163,0.779187253,-0.530688253,1.415804619,1.016027464,1.590642378,2.150552169,-1.62964062,-1.948413279,-0.132731713,1.045106021,0.6149694,0.144446604,-1.296453657,-0.357675444,-1.991430664,1.573354672,-1.445195469,-1.215033752,-0.614705754,-0.175663769,-2.113618994,-1.622523152,-0.128174339,-0.195042121,0.363739928,-0.486133011,0.347906614,1.679206483,-0.507165663,-2.877060744,-0.245133569,0.359979478,-1.192044234,-0.430013981,-0.683989243,-0.568631306,0.564916003,-0.332261116,-1.010326724,-0.769596353,0.726098281,-0.210721031,-0.311565013,-2.549765222,-1.254915283,0.448588453,-1.899121988,-1.723727059,0.318308266,-0.745282935,-0.771541248,-1.337123317,1.232589415,-0.44519395,-1.04497674,-1.314904365,-0.627921396,-0.101257832,1.660073991,0.47983019,0.363461861,-0.606052474,-2.766209115,-1.300483705,-1.610438413,-0.266312047,-1.359068375,-1.245489485,-1.149169012,0.35942117,-2.491327218,1.054451393,-2.790345444,0.106070264,0.04315527,-2.884190899,-0.90090963,0.300845059,0.728996834,-0.056358734,-2.065144237,1.272537584,-1.531551374,0.617399403,-0.127492521,-2.430418465,-0.547835449,-0.050661915,-3.206453305,-0.052241112,-3.17485894,-2.948848688,-0.837479551,-0.613412213,-0.243346259,-0.589688472,-1.274037679,0.480325178,0.716033284,-1.827593922,-0.962858368,-1.414693836,0.509404615,-2.425883309,-0.424342164,-1.803022662,-0.369470748,-1.364532869,0.265206376,-1.015006705,-0.748659891,-0.095740272,-1.641961104,-0.234963128,-0.136163425,-0.000700245,-1.47840965,-2.003221516,-0.510325749,-0.107919342,-1.933092645,0.190785635,-0.107473858,-1.053830146,-0.77652879,0.196388814,-0.536485371,0.59751695,-0.480781502,1.261439504,-0.339536928,-1.236151703,-0.186811622,0.033918218,-0.143985851,0.035463664,2.326330916,-0.767439785,0.198604927,-0.704410373,-1.558269626,-1.452006905,-0.943148186,-1.809719795,-1.248621556,-0.966531948,-1.191714907,-1.810330855,-0.619896719,-0.196136546,0.230079442,-0.792967516,-0.519361955,1.052463633,-0.736681183,-0.8663108,0.420353721,-1.789162843,-1.415105443,-2.15330339,-0.539396581,0.77412791,-1.686318957,0.947013905,-0.762926075,-0.984837274,0.001099395,-0.04940035,-0.274436846,0.218653486,0.416866531,1.04390968,-1.435064526,0.672842427,0.309688153,-0.365571544,0.462223442,-1.993630885,1.310951011,-0.527632742,0.225381046,-0.338975367,1.01891952,0.836208023,0.743317345,1.255359594,0.272923702,-2.040990355,0.063350316,-0.470803949,-2.024953356,1.623478875,-2.274969926,-1.789761467,-2.606396547,-0.697958738,-1.400799047,-1.788564578,-0.896488105,2.24184734,-0.082186671,-0.362980497,-1.570217199,1.63705308,-1.106543659,-1.172151192,-0.283822862,-0.493804639,-1.083526651,-0.226775138,-0.329198753,-0.888675565,0.330957056,-0.754597143,-0.594750859,0.620253855,-1.546932707,0.606989984,-1.276543497,-1.961125315,0.335328726,-0.924322904,-0.745072253,-0.543348816,-0.802069588,-0.645119212,-0.379943571,-1.481924592,-1.470545914,-1.664422221,0.108046904,-1.006489,-0.947781399,-1.545055654,0.277177088,-0.900663476,-0.092334611,-0.875148789,-0.052557251,0.081948583,-0.574120474,-0.334354481,-0.420071261,-0.978698192,-2.206366235,-0.537683078,-1.434224895,-2.315670333,-0.938025224,-1.508688009,-1.389499492,-0.360109406,0.334684926,-1.172151192,-0.876108942,0.097035963,-2.254747764,0.540054274,-1.150116132,0.365614864,0.787047276,-0.966269102,-1.737839627,-2.068303797,-0.083599024,0.643379038,-0.345735004,-0.427710717,-0.226398844,-1.690647968,-1.505979204,0.766908664,-1.548342813,-0.852611955,-0.369181396,0.268346336,-0.359679453,-0.601479992,0.244983318,-0.296386513,0.198358935,-0.744861616,-0.630360193,1.201198961,0.110825555,-0.094420576,0.217527813,-1.980501594,-2.628315233,-0.654695994,0.060153923,-0.401971219,-1.059583902,-1.657578288,-0.861565832,0.461278173,-0.160638346,-1.148222789,-0.864884944,-1.267622831,-0.738981717,-0.828050943,1.02754584,-0.038636884,0.084433056,-0.071710848,1.028833394,-0.296117551,0.511925019,-0.618782099,-0.596201975,-0.259677876,-1.235807528,-1.545055654,-0.202728367,-0.005012542,-0.205794913,-0.476585241,0.245843937,1.074080497,-1.095417398,0.197045952,-1.994365369,-1.587676421,0.113864256,-1.25456459,-0.829425199,-0.83149013,0.369146845,-1.675577715,0.825577968,0.118316227,-0.975510092,0.263901544,-0.821890057,-0.771108722,0.721831814,0.394471567,0.754148202,-0.969691509,-0.802292628,0.333897496,-0.808558032,-1.499687049,-1.820158944,-0.625862434,-0.391562203,0.312252726,0.807591315,-2.081844426,0.098939948,-1.552112846,-1.391105918,-0.010555514,-0.885034342,-1.128247094,0.124074315,-1.3108159,-0.546280105,-0.859910398,-1.303056763,-0.849333264,0.158882325,0.571261993,0.69808497,1.023421679,0.471315269,-0.850971266,-1.685239626,-1.414282398,-0.670603216,-0.826221535,-0.600750331,-2.071473372,1.631336381,0.385126337,0.883436907,-1.066532395,-2.346536981,-0.242836185,-0.46648981,-2.14814874,-1.663366255,-0.404365713,-0.684385675,-2.645075402,0.489438542,-1.150748043,-0.380967637,0.254642218,0.008464078,-0.432476657,-2.987764104,0.769737783,0.074086543,-1.201642189,-1.379914754,-1.110482461,-0.784823969,0.082961521,0.658038003,-0.024087796,-1.429619486,-0.859910398,-1.795767491,0.499258987,-1.416753569,0.258279008,-1.459295254,-0.422814746,-1.764922815,-1.634243031,-0.039260714,-0.429860265,-0.490369615,0.633131748,-0.066246646,-0.315807236,0.3074847,-0.865835288,-2.526979426,-0.128742876,-1.211669011,0.087094707,-1.045830103,0.003693172,-0.565457819,-0.200159715,0.031886189,-0.83149013,0.625724504,-0.612489278,-0.716825308,0.287432041,-2.1680542,1.234133367,-0.83378951,-2.783851915,1.685639406,0.441539852,0.146262507,0.424417701,-0.380382328,0.247406803,-0.340942212,-2.110313205,-0.376149054,-0.653926467,-1.260190484,-0.888432404,-0.645309851,-0.278920567,-0.136736524,-0.200159715,-1.513219055,1.217313421,1.588806542,0.097671027,-0.543348816,-1.608438412,1.651385673,-0.418398384,-0.202361012,-1.300483705,-0.543348816,-0.353679435,-1.420057991,-0.51617323,-1.885191414,-1.026663789,-1.266912604,-1.342468882,-1.187115687,-0.104250021,-0.980829253,-0.731264503,-1.154230712,-1.622016695,-1.671313316,0.1194705,-1.276543497,-0.386545223,-0.003205131,-1.562077341,-0.263184601,-0.336592244,0.646998525,-0.536485371,0.276722232,0.111899093,-0.071281202,-0.002302649,-0.203463481,0.265973129,-1.120551196,0.061941402,-0.277863764,-1.087079053,-0.709683149,-0.039884934,-0.974714652,-1.041570548,-0.762068626,-1.218409852,-1.110178925,0.505069087,-0.07709705,-1.023041102,0.998902445,-1.070024832,-0.62008261,-1.527857925,0.893554205,-0.964693471,-0.031181118,-1.246184653,0.171092075,0.223303539,-1.569736546,0.69194646,-1.267622831,0.108675017,-0.700776208,-0.546452801,-0.615445673,0.158626363,-0.312248026,-0.77652879,-0.085775777,1.493151257,-0.47981157,-0.010151351,-0.613781625,1.216306432,-0.425718837,-0.106806004,0.696840352,-0.567925216,0.116181754,1.387992918,1.074661068,0.146003294,1.589092338,1.51338946,0.983164025,-2.667868412,0.468627683,1.710332471,0.973691339,0.183654002,-1.000759889,-0.151753555,-0.049085208,-1.373970611,-0.593482857,-0.441610555,-1.92346396,0.181321057,-0.932674211,-0.828279855,0.36179183,0.686474971,0.260362262,-1.08915713,-0.609541597,-0.599839003,-0.010252377,-0.976040736,0.108405874,0.31378832,-1.168927463,-1.786771928,-0.714166548,1.063123271,0.652221014,-0.886246611,-0.390379471,1.651193871,-2.058854908,-1.041003976,0.246078523,-1.846426871,0.610634759,-0.418854345,0.217205959,-1.087969129,0.728466061,-0.502361545,-0.692747261,1.078069387,-1.152329571,-0.604220971,0.855053422,-0.253473901,0.170164627,0.535205993,-0.32462272,-0.991822795,-0.583575544,0.10858531,0.763745429,-0.467606505,-1.192703212,-0.295445463,-1.407313728,0.788911803,-1.317514846,0.054866901,-0.435563556,-0.627921396,-1.767847649,-1.255266099,-0.530008443,-0.577499757,1.443973473,0.279372645,0.04315527,-0.357532454,-0.234583742,-0.410377153,-0.244878044,-0.689553645,-0.318828801,0.783673207,0.01400152,-0.134217342,1.203572724,0.061565356,-0.842111334,-1.855978042,0.740841506,-0.496101228,0.042101176,-0.470163642,-0.634500985,-2.948848688,-1.284098849,-1.936554054,-0.337432698,1.037481289,-0.650854268,0.651908433,-0.880199912,-1.093326284,-0.754597143,0.163223681,-0.109256986,-0.28143496,1.227474464,0.856031044,-1.071191693,-1.537582475,-1.501480771,-0.010858743,-0.317179543,-2.206366235,-1.493434237,0.037873652,0.788411905,-0.656429598,-0.438815088,-0.353821875,-1.18678798,0.041333864,-2.221005106,-1.204973305,-0.242963679,0.657001734,-2.224698554,-0.101700555,-1.784982485,0.295427003,-0.544037758,-0.869168625,-1.444771291,-1.390302383,-0.794294363,-2.126952524,-0.724637848,-1.762006511,-1.231344001,0.281186019,-0.781104459,0.258510695,-1.668126909,-0.632240246,0.106879362,-0.272071225,-0.017146159,0.383151331,-1.514127733,0.985368933,-0.984034384,1.459684218,-0.933691247,-1.333322476,-0.91904452,-0.45082865,-1.448169765,-0.077421147,-1.817077277,0.246547529,-1.378326192,-0.095080206,0.030044121,0.175632569,-0.516340805,1.101740723,-1.1141321,-0.113728765,-0.065071997,-0.282097694,-0.592759007,-0.801177925,-1.686318957,-0.583037958,-1.362577835,-0.502857454,-1.823869523,-0.520202786,-2.07784282,-0.737935363,0.412639312,-1.325387426,-1.106241316,-1.817692851,-1.559695821,-1.344384958,-0.56563386,-0.497909399,-1.159955919,-0.778705069,-0.648556297,-0.598018836,-0.480296419,0.497375576,-0.827822084,-0.483534764,-1.832581464,-0.242198958,-1.231001477,-0.145025772,-2.722656354,-1.813391769,-0.998043234,-0.06038715,-0.125790006,-1.199648833,0.138282588,-1.662311402,-1.203639527,-2.591601389,-1.415105443,-0.920549789,-1.368847448,-1.504177402,-0.109703265,-0.742757681,-1.848329821,-0.83149013,-1.54271428,-2.34028696,-1.536652243,-1.47840965,-1.005941954,0.042005294,-1.530626732,-0.899925378,0.245218106,-1.724848764,0.576894224,-0.06592615,-1.756199294,0.489070692,0.065787741,0.228409661,-0.35225615,0.62882197,-0.785043195,-0.921805913,-1.13227249,0.11234606,-0.045311223,-1.232372279,-1.192373669,-0.215795614,-0.907826654,0.444493495,-0.778705069,-0.977368581,-1.135691297,0.260053905,-0.974979728,-1.015282681,-1.635268673,-1.373575589,-2.202739758,-0.289550484,-1.414282398,-1.997308712,-1.436325295,-1.177330873,-0.40691616,-0.46808547,0.138979027,-0.236608802,-0.112832808,-0.6680644,-2.245260026,1.083430967,-0.053717283,-2.041760475,-0.883339632,1.058415099,-1.643511893,-1.903808973,-0.934200152,-0.162754251,0.091849654,-0.447537885,-0.646836278,-0.274831661,0.968351732,-1.049536451,-2.017406151,0.190868263,-0.19650162,-2.086667587,-0.368024825,0.180403051,-0.807212137,-1.73556819,-1.433805344,-1.828216006,-2.260483917,0.052497569,0.500532834,-0.378920553,-1.024432891,-1.251413879,-0.574120474,0.777028665,-1.057854296,-0.211956362,-0.409322538,-0.305438794,0.984846174,-0.562996496,-1.258077063,-0.296790092,-0.67766761,-1.891137913,-0.338694705,-0.145372653,-1.067404362,-0.501370465,-2.379466137,-1.527857925,-0.725670372,-0.207024169,-1.522343206,0.66067564,-0.594388409,-0.399582445,-2.43383338,-0.344887546,0.331818568,-1.798180037,-0.434482057,-0.520371037,-0.94032731,-1.052969931,0.342951203,-0.653157532,-0.759928214,-1.570698084,0.843806057,-1.849600469,-0.695349604,-1.366099654,-0.966269102,-0.404965233,-0.124316835,-0.113056722,-0.66067999,-0.206532286,-0.633746837,-0.467446901,-1.273680217,-0.876108942,-0.389050567,-0.107028573,-0.676093426,-1.347073648,0.100930719,0.583555504,-0.294505298,-1.402017322,-0.194677579,0.387844099,-0.934963997,-0.983232138,-2.064355904,0.16211885,-0.716415808,-0.148152041,-1.161871628,-1.715910157,-0.809007067,-0.363699559,-0.42159449,-0.156770776,0.949532066,-0.05287349,-0.618596449,-0.499885684,-2.353878387,-1.411817318,-3.435788826,-0.770028225,-0.433093275,-1.590125601,0.21913553,-0.769164667,-1.401204974,-0.251414433,-1.078221599,-0.376294731,-0.470003629,-1.262308381,-0.660292844,-0.889892258,-0.255150347,-0.786579125,-1.013903561,-0.608806032,-0.654695994,0.087919298,-0.735845935,-0.558441478,0.110019645,-0.330589574,-0.232184296,-1.593072558,-0.533753128,-0.905845474,-1.254214021,0.844665828,0.86890558,-0.187776408,-0.844202656,-1.424619475,-0.559140901,0.186645528,-1.531551374,-1.191385689,-1.491210531,-1.354795694,0.829512055,-1.105939064,-1.002938539,0.789093522,-0.871078389,-1.659153505,-0.319792126,-2.351775337,-1.364141557,-1.631683521,-1.545524587,-0.984837274,-1.219086442,-0.694548162,-1.11932533,0.362070363,-0.559315833,-0.301105093,-0.060174723,-0.738144547,-1.246880305,-1.430455257,-0.628296208,0.572898608,-0.742547531,0.088651698,-0.010454458,-1.202973304,-1.261601917,-1.385894441,-1.27833722,0.192271888,-0.570398715,0.484461114,0.269721747,-0.335193055,0.072878645,-1.024990149,0.962066835,0.623582717,-0.611198598,0.382878609,-1.724287754,0.531862783,-0.670212209,-0.516005684,1.427532269,-0.287015628,-0.539911205,0.482549598,1.213606253,-0.49200387,1.351392309,1.916628451,-2.444148657,-0.150125459,-0.015722961,-0.899433615,-1.515947569,-0.053717283,-1.621004549,-0.020713042,-1.668126909,0.39102806,-2.230264431,-1.128556165,-2.806766174,0.004390348,-0.251285857,-0.905103543,-1.25456459,-0.977102871,-0.992362169,0.122129133,-0.215423428,-0.95972029,-2.292634762,0.83936649,2.106910784,1.405410478,1.925503339,-0.412791884,0.631963027,0.300771037,-0.12828802,-1.793961893,-0.046986791,-2.437259996,-0.564226401,-1.890475442,-1.258077063,-0.471925475,-1.290620611,-0.469363834,0.065413139,-0.021325787,-0.126697653,-0.198938863,-1.264076728,-0.469843642,1.191313006,0.590172705,0.239253093,0.113239396,-0.136392625,-0.187173308,1.527620297,0.495183928,0.243730185,-1.340174426,-1.740116236,-2.1680542,-1.893127964,0.535147436,0.125221965,-0.254247296,0.134705703,-0.601115095,0.586396811,-0.815766894,1.323301312,1.430406936,0.562582811,-1.428367138,-0.197475805,-1.321630848,-0.001601281,-0.040613683,0.359560776,-0.656429598,-1.124545671,1.436131596,-0.949330586,-0.831030888,-0.339817827,-1.503277717,1.065124445,-1.691733155,0.864534172,-0.085122253,-0.563874845,-0.626984978,-0.344746373,-1.812778837,-0.921052049,-1.172474137,-0.951141009,-1.480605041,-0.279713903,-0.547489608,0.37163252,-2.314657674,-0.396158549,-0.94160854,0.387979794,-0.478358434,-0.13090627,0.599879913,-1.303424883,1.509418662,0.57588276,0.511925019,-1.271181554,-0.29732845,-1.027781108,-0.443790222,-0.149080223,-0.572169254,-0.474815186,-0.762711644,0.089292108,-0.594932133,0.827372083,0.242318531,-0.611014351,0.240197306,-0.997500787,-0.309518767,-0.711311151,-1.0336676,-0.856136809,-0.662424008,-0.517850239,-0.867262501,0.055623904,-1.398366942,0.372597505,-0.611751542,0.099935829,0.67798278,-1.010326724,-0.975510092,-0.988323935,-1.137873003,-0.645119212,-0.793630719,0.907088521,-1.47359669,-0.608438453,-0.178767879,-1.557319958,-1.980501594,-0.319792126,-1.344768614,-1.228265497,-0.019386714,0.017152059,-0.792967516,-0.436800988,-0.781978394,-1.096913732,-0.484183693,0.415745418,0.470503504,-1.021373508,-0.973390324,-2.055725015,0.103548876,-0.917041013,-0.497580397,-0.781759839,0.805225084,0.180319554,0.16398785,0.229682128,-0.061769026,-0.718464989,-0.69214768,-0.388313049,0.537077995,-1.515947569,-0.616186139,0.561784862,-1.054978252,0.069992372,-0.12397718,-0.028502361,-0.424800844,-0.321721565,-1.479726306,-1.036764885,-2.362335097,-1.720369473,-1.501480771,1.557091432,-0.158878505,-0.876349125,-1.28518286,-1.060161102,-1.501032039,-0.880682304,-1.901128006,-0.087738914,-0.357961486,0.323097478,-1.465337569,2.176318675,-0.114513387,0.014198719,-0.020100672,-0.200159715,0.580706101,-1.850872734,-0.677273831,-1.361016554,-0.26918749,-0.42617815,-2.977892355,-1.076752954,-0.930389656,-1.766091723,0.404931633,-1.446044366,0.514439087,-1.268689119,1.154046996,-0.729396313,0.14496577,0.858364965,-0.410678675,2.188923552,-1.595535007,-1.746977327,-1.313415716,-1.380709983,-1.817077277,-0.012275031,2.311931281,0.349247428,0.147730112,-0.822572728,-1.475344178,1.682892814,-1.379517377,-2.187472286,-0.831030888,0.614590868,-0.153967363,0.386214329,0.032176732,0.260670523,0.809017277,-0.943148186,0.256887757,-1.861109547,0.069619342,-2.282782466,-1.187771425,-2.044846897,-0.679244275,-2.360214206,-0.037701867,0.414556985,-1.769606665,-1.311186889,-1.575036486,-0.773923491,-0.11395288,0.602346816,-0.2569589,-0.41536394,-0.570575628,0.023618866,-0.578034374,-0.076449172,-0.097723089,0.591778686,-0.353821875,0.180486541,-0.96942783,-1.340938659,-1.366099654,1.565841239,-0.688756832,-0.88140633,-2.155890714,-2.459238903,-1.954043132,-0.42556578,-0.883581558,1.695321988,0.17487725,-0.030149977,-0.137539414,-1.9618363,-0.508993969,-1.061316504,-1.661257661,-1.882559834,-0.644738041,-1.128247094,-0.038221213,-1.777265023,0.505069087,-0.388313049,-1.444771291,-2.02798826,0.106609735,-0.552863635,-1.756199294,-1.09243143,1.367137026,0.855861091,0.271095269,0.474991171,-0.4167283,-0.171619034,0.616536078,-1.275110832,0.042963699,-0.967584026,-0.097612829,-1.488991759,-1.075872802,-0.483372597,-0.169721275,-0.532900831,0.593547815,0.955665279,-0.398092354,-0.559140901,-1.501032039,0.017545179,-0.432322562,-1.476656801,0.215675737,0.249512806,-1.052396865,-1.956869989,-0.312248026,-2.094758246,1.233347124,-0.790319092,-3.291446518,0.140370453,-1.984858899,-0.35225615,-0.277863764,-0.375420987,-2.091514123,-0.310200384,-0.609173747,-0.831949583,1.791376062,-0.502196297,-0.68995229,0.493048544,-1.658103084,-1.759679576,-0.816219178,0.080473384,-0.253602759,-0.752684893,1.492949039,-0.610645959,-0.650470906,-0.744861616,-0.70097776,-2.15330339,-0.289550484,-0.790319092,-0.040821995,-0.88140633,-1.008680181,-2.044846897,-3.626844063,0.214062443,-0.371788582,-0.598200703,-2.825145973,-0.861092571,-2.95459033,-3.203987212,-1.051824127,-1.179605448,0.792992516,-0.489390343,-0.106806004,-0.340239323,-2.210005912,-0.479165471,-0.124656605,-2.256656161,1.112646678,-0.688955976,-0.747814582,1.058657973,0.738120546,-1.305636458,-3.47054746,-0.766363243,-0.220771367,-0.563347743,-0.10192199,-1.374761125,-0.503022812,-0.93140437,0.199424465,-0.002002003,0.533447802,-0.260066905,1.093800732,0.248733322,-0.822572728,-1.526016304,0.508442787,-0.522055106,-1.297551151,-0.053084371,-0.412942998,-1.320881223,1.014070587,0.402326856,0.038258712,-1.39513331,-0.555125883,-2.07544952,-1.47490702,0.270561346,0.248577353,-0.404515559,-1.873403458,-1.818308805,0.076868444,-0.005414633,-1.325011133,0.301141092,-0.704005924,-0.550606494,-2.063568193,-1.102319151,0.454826538,-0.056464537,-2.343407088,-0.878272665,-0.91904452,-0.1889837,-0.903621329,-0.952695414,-1.289530693,0.044112575,-1.116267224,-0.441921645,0.188552107,-1.727658544,-1.234432012,-0.823711551,-0.148268017,-0.876349125,-1.590125601,-0.521044324,-0.978964326,-0.216167938,-0.215051381,-1.034511363,-0.264225996,-1.373575589,-0.701179352,-0.293431904,-1.929643177,-1.242367192,-0.732928051,-1.1858055,-0.458075058,-0.784823969,-1.596521687,-1.090346544,-1.144760945,1.178716533,-2.069887329,-2.628315233,-0.204199135,-2.111964733,-1.261248872,-0.384339827,0.091302158,-1.146018411,-1.268333564,-0.696352312,-1.848964943,-1.387094681,-1.496109227,-1.009228728,-0.69174816,0.139848895,-1.404865747,-1.34822816,-1.119938075,0.06428849,-1.041570548,-2.029509173,-1.424619475,1.323274686,-0.602392817,-1.392714929,0.671259381,0.678845396,-1.207311706,-1.616966179,0.549219072,-0.947007705,-0.381260419,-1.158680815,-1.329914028,-0.604038006,-0.865360003,0.056474847,-0.44036716,-1.387495082,-1.263015345,-1.356347285,-1.307852935,-1.001304106,-1.407722309,-0.840024376,-1.733867991,-1.6321949,-1.585721386,-1.267267655,0.501017683,-1.698815724,-0.635255702,-2.517016704,0.310128261,-2.904065085,-2.561355822,-0.898450814,-0.209610537,-1.304898723,-0.80833359,-1.067986095,-0.966269102,-0.351971736,-0.471444667,-0.720929562,-0.685774426,-2.667868412,-0.799619425,-1.261248872,-1.431291727,-0.782853094,-1.37634403,-1.518683549,-0.350125013,-0.917541514,-0.027473977,-0.83632495,-1.727095956,1.092963028,-1.62964062,-0.623621118,-0.302998777,-0.447537885,-0.953473523,-1.195674002,-0.861802547,-0.986713196,-0.044369948,-1.596028226,-1.669718843,-1.452861605,-1.586209786,-0.94160854,-0.578926037,-2.073857163,-0.676093426,0.190785635,-2.006934851,-0.980829253,0.565256989,-0.643785751,-1.017769901,-1.911895271,-0.965480976,-2.128631786,-1.50237884,-0.888675565,-1.800598418,0.081579987,-1.934475771,-1.531551374,0.798317678,-1.120857898,-1.222476276,-0.288749308,0.295203714,-0.442544116,-1.866914143,-0.815766894,-1.173443599,-1.556845462,-1.336742582,1.144318337,0.554114972,-0.670603216,-0.745493661,0.029655885,-1.006489,-1.885850393,0.882485727,-1.435484605,-1.047824122,-1.373970611,-0.393487131,-2.210917905,-1.020263322,-0.853550702,-0.541456667,0.605953969,-1.713687934,-3.121295497,-0.867262501,-0.509826123,-2.068303797,-0.110373058,-2.018158313,0.304244161,0.931139935,-0.718670138,-0.566867015,0.536142432,-1.513219055,-0.110373058,-0.983499482,-0.568631306,0.114042716,0.832213229,-0.947007705,-1.148853505,-0.700574696,-2.916921093,-0.83171983,-0.203586052,-1.87470639,-0.550433078,-0.625301634,-2.521985658,-0.42617815,-0.525262672,-1.091835304,-0.90090963,-0.538368127,-0.838172953,0.117516333,0.843160743,-1.992163534,-0.356389271,-0.192371893,-1.842000686,-0.111378588,-0.675896827,-0.153850725,-0.108030744,-0.259159406,-1.288441961,0.18015254,-0.522898205,0.046119936,-1.429619486,-0.410527903,0.443787982,0.223943232,-2.267217949,-0.996145957,0.762300039,-0.113056722,0.739696741,0.324833338,-0.818030363,0.119115481,-1.749850066,-0.739191119,-1.297551151,-1.290984181,-0.193220738,-1.150432037,-0.574830954,-1.450299691,-0.992901834,-1.638866723,-1.340174426,-0.822345119,-1.84136997,-0.380236054,-0.693347201,1.738358693,0.68319785,-0.729188952,-1.388296364,-2.217325249,-0.195649987,-2.877060744,-1.413049098,-0.681416258,-1.527397202,-0.168181993,-1.767847649,-0.670212209,-0.898696424,-0.403766552,-0.967320903,-0.47674631,-0.035627178,-0.829654425,-1.400799047,0.144792745,0.462412389,-0.998585975,-0.933945667,1.029690843,-0.854960477,-0.838635487,-2.347582459,-0.25334506,0.027128667,-0.873710284,0.320415442,-0.46203546,0.311740338,0.696591243,-0.735637232,-1.102018082,-0.712126147,1.284510774,-2.106196279,-0.938025224,-0.368024825,0.099302201,-0.9331826,0.261979575,-0.873710284,0.060059756,-0.609725572,-0.021325787,-0.234330897,-0.6314878,-0.685377443,-0.543176654,1.361207296,-0.769164667,-0.036767724,-0.95972029,-1.949817774,-0.584831037,-0.477229674,-0.874908894,-1.010326724,-0.853081219,-0.658939009,-0.790098707,-2.172434409,-1.541779264,-0.925836145,-0.018367657,-0.775876828,"RMS"
"43",0.707937266,-0.347149031,0.042963699,-2.286711744,-1.538513574,-1.118100965,2.864084819,0.807279115,0.551986761,0.290727431,2.323563499,-1.387495082,2.383335243,1.120765093,-0.875148789,-0.599292605,-0.578926036,0.393527471,-2.058854908,0.666443798,0.395751416,2.484164708,-1.004029646,-0.673344553,-0.170195377,2.202223175,-0.278392026,-0.267618041,-2.110313205,0.989541194,-0.976306164,0.575995196,-0.680823431,-0.327671081,1.637305966,0.660933858,-1.379914754,-0.490206337,-0.660292844,-0.919295241,-0.270235159,1.459173007,-1.798784084,-1.281934346,-1.242713633,0.280128617,1.604083604,-1.272608597,-0.742127363,-0.439901285,1.11189041,-1.394326533,1.093599747,-1.300116665,0.350445582,0.429507103,1.236749724,-2.199126385,1.393915248,2.17554686,2.33427754,2.076524792,-0.064111945,-0.323654733,0.599495624,0.48205571,-0.009040745,1.575819079,-0.846997905,-0.780886095,-2.032557956,-0.707448965,-1.644029357,-1.603952982,-0.439901285,0.471127997,2.491633971,0.297062934,-2.03408584,-0.857078872,-2.190149664,-2.556187852,0.662172376,-0.953214086,-0.63412384,-1.04611472,-0.935218742,1.489008879,-1.239945465,-0.310746012,-0.86654864,-0.710089901,-1.355183366,0.807011437,-0.262404265,-0.943148186,-0.724844267,-2.08828049,-0.40661577,-2.161085531,1.926902063,-0.476102188,-1.73556819,-0.524248644,-0.619339253,-0.470483744,-0.954511945,-0.727324632,-2.15330339,-1.615959129,-1.280493942,0.469003129,-0.702591639,0.403329496,-1.740116236,-1.264076728,-1.829461336,0.796831292,-1.779633289,0.035849653,-0.371208619,-1.308222826,-1.745830537,-0.669821355,-1.906497147,-1.205974807,0.725275494,-0.448946887,0.306822716,0.196306641,-1.121471583,-1.8598242,1.771063443,2.018456699,0.133043774,-0.311428466,-2.273026291,-0.64207391,-0.485157877,1.162025177,1.908742185,-0.193220738,-2.189256408,0.770894949,-1.776673832,-1.343618087,-2.155027529,2.643227195,0.198686911,-1.587187303,1.123044705,0.387029546,-0.490369615,-1.263369014,-1.002393431,1.942962953,0.304317926,-0.144447904,-1.260190484,-2.150722744,1.07636668,-2.034850658,0.015282624,-1.735001135,-0.525431776,-2.03408584,-0.400925428,-1.434644622,1.630455488,-0.161225648,-0.110261394,-1.437166691,-0.819844834,-0.340660997,-0.490859611,1.642098695,-1.942814944,1.534779019,-0.659905847,0.351220093,-1.433385969,-1.596028226,-0.624554389,-1.919365594,1.338966877,-0.794515675,2.950269318,-1.698815724,-1.997308712,-0.696954419,-0.815314815,-1.575519694,-0.933945667,-0.950882177,-2.307597635,-0.066674133,-2.213658884,2.450177169,-2.147292209,-1.724287754,-2.314657674,-1.86885652,-0.805420423,0.480139586,-2.106196279,0.495244872,-1.481484548,-1.339792527,-1.854699269,-2.176833888,-0.433864583,0.417459553,-0.524755529,0.05230778,0.829686545,-1.063341675,-1.234088428,2.271630918,-1.968974089,-1.158362293,-0.794737036,-1.104127469,-2.262403303,-2.239610294,-0.423883694,-1.133825044,-1.25281297,-0.516508407,-0.722781986,-0.680428408,0.464551292,-1.924148657,-1.638866723,-1.88321708,1.511450151,-1.953337665,-1.046969056,-0.762068626,-0.294908118,-1.141937413,1.039003817,-0.662036186,-1.812778836,-0.761854379,1.09887892,-1.54975491,-0.575719764,-1.057566319,-1.911218909,-1.898454208,1.597183128,1.472494993,-0.209487225,2.321377406,-0.462194202,0.271628907,0.072971612,-1.331048887,-1.257022025,0.557041048,1.538951068,-0.944947441,-1.302320927,-1.624044065,-0.709479835,-0.742547531,-2.314657674,-0.514666323,-1.946310229,0.043346805,-0.76507292,0.669725011,0.253168264,-1.554476354,-0.842807955,-1.632706539,0.297508633,-0.545417069,0.155036002,-1.984858899,0.503740584,-0.803408575,-1.395940738,-1.332943186,0.453048195,0.392177214,1.298637321,-1.725971729,0.867016451,-1.592089274,-0.400179104,1.824339593,-0.939559359,1.729422966,-1.568295969,-1.768433644,-1.384296358,-1.887829938,-2.040220829,0.291175962,-0.75098818,2.035476592,-1.728221448,-0.388165611,-1.899121988,0.009851316,-1.745257636,0.253866724,-1.428784413,-1.30379314,-2.090704734,-1.322381035,-1.066822966,-0.762068626,-0.928869514,-1.659679129,1.109090533,0.518853315,-1.42129997,0.784084176,-0.857550237,-2.279845606,-1.13103218,-0.86441011,0.394134492,2.14017204,-1.444771291,-2.039451893,0.325627935,1.053545185,1.199994903,-0.268010173,-1.231001477,1.906931692,-1.341320995,-0.155601732,0.045833416,-0.707651867,-1.855978042,-2.324830702,-2.260483917,0.167207919,0.364990276,-0.371353578,1.638394592,1.171707844,1.987189182,0.568433936,-0.007326775,-1.767847649,-2.282782466,1.369682139,-0.362405619,-2.115275995,-0.147108865,-0.35982275,-1.910543005,-1.714798428,-1.124237836,1.33439562,0.285103751,1.210868971,-0.838635487,0.953239636,-0.353821875,-0.471284449,-1.697176827,0.447374511,-1.778448455,-0.397645759,0.300622977,0.370390455,-2.073061935,0.539471388,-1.316395234,-0.638658995,-1.820776418,-1.426699776,-0.902387827,-2.08828049,-1.766676689,-2.055725015,-0.078177781,-0.6923475,-1.701553201,-2.173312757,-1.113827454,-1.010601411,-2.077044417,-1.355183366,-0.390822831,0.176806376,-0.120248573,-0.641693899,-1.943513024,-0.15665381,-0.659905847,-1.990698332,-1.634243031,-0.96942783,-1.690647968,-0.288082152,-2.164563795,-1.929643177,-0.420832585,-2.06909525,-1.349769586,-1.942117351,-0.978432128,-1.053543325,-1.164111271,-0.94803943,-1.94911528,-1.877971166,-1.183190265,0.333825881,-1.32425897,-0.858493633,-0.088831214,0.583834421,-0.468724448,-0.620454495,1.385594116,0.540403843,-0.379943571,-0.965743616,-1.061027528,-1.72878467,-1.679860377,0.128393215,-1.436325295,-0.146761381,-0.712941808,-0.260845418,-2.143873402,-0.418702335,-0.788557365,-0.036352829,-0.310882466,-0.886974678,-0.898450814,-2.051826375,-0.285151943,-0.587706668,-0.079259681,-0.182121577,-1.245837008,1.704948072,-0.614151174,-0.543004522,-0.330589573,-1.74239804,-0.022654691,-1.220440997,-0.134674903,-0.887703275,-1.110482461,1.016099867,-1.140685065,0.414953286,-1.051537881,1.337209153,-1.815847265,-0.729396313,-1.083526651,-1.769019982,-0.897714346,1.734395152,0.247172529,0.840100594,-0.128970381,0.47865361,-0.228533049,-1.846426871,1.297189886,-0.438349935,-0.649321701,-0.801177925,0.168645126,-1.558744798,0.423370512,0.292520349,-0.185125484,-2.432693778,-0.850971266,-2.024196067,-2.213658884,-1.284821392,-1.312300681,0.141933496,-1.5945493,-0.338414121,-0.46808547,-0.006621876,0.009356095,-2.147292209,-0.015316704,-1.898454208,-0.871078389,-1.17993081,0.705174561,-0.83609419,-1.530164732,-1.784386715,-2.348629031,-1.167319487,0.42618235,-1.560647748,3.486154149,-1.710363831,-1.388697246,-1.922779732,0.33497111,-2.047942875,-1.136002678,-0.539225098,-1.093923299,-1.026384655,-1.035355839,1.130853574,-2.058854908,-0.926088574,-2.196424897,-1.926892143,-1.08915713,-0.404515559,-2.276917346,1.218230676,-2.297597551,-0.233067633,-2.159350925,-2.156754645,-1.961125315,-1.519140274,-2.217325249,-0.45413028,-0.66533748,1.296369654,1.187538498,1.372423605,1.399136546,-2.058854908,-1.791559489,0.339538958,0.309834877,0.347412177,-0.958154936,-1.799993274,-2.072267338,-2.228405695,-0.2714151,-2.203645145,-2.221005106,-0.586447562,-1.244447637,-2.533256911,-2.558768498,-0.310746012,-1.631683521,0.736158776,-1.697722827,0.706655531,-0.370628993,-1.062762636,-2.431555474,-1.114741671,0.605899412,-2.316684017,0.620361411,-1.361016554,-0.654311157,1.568345048,0.037777364,-0.586986985,-1.122085645,-1.860466667,2.179773184,-0.577321615,-1.939331834,-2.336141877,-1.78557861,-2.076246651,-2.370863934,1.066777565,-1.67504367,-0.070100628,-1.465770563,1.313723668,-0.788117418,-0.329754849,-1.64713978,-1.199316993,-1.474470052,0.911720303,-1.611439915,0.787593351,-0.932674211,-1.392312433,-0.376440429,-1.316022308,0.472874504,-1.899121988,-1.802416049,0.784449339,-0.265268478,-1.236840408,-1.371997056,-2.517016704,-1.799993274,-1.286268047,-2.321767912,-1.568775931,-1.633730605,-0.118783536,-2.462753845,-2.513306124,1.15810686,-2.463928243,-2.012156795,-1.648178741,-2.27789248,-1.397962166,-1.850872734,-2.580977119,-1.870802677,-2.73183073,-2.45457145,-1.767261998,-0.012173801,-2.074653025,-2.017406151,-1.176681944,0.994917052,0.75315985,-2.002480501,-1.524637311,-0.361687486,1.270967681,-1.104429174,-1.686318957,-1.790959789,-1.210326278,-0.212079979,0.569566119,-0.183802653,-1.646620704,0.247641023,-1.611439915,0.166615527,-1.107753947,-0.501700716,-0.948813924,-2.519498095,-1.073529508,-1.556845462,-1.680933914,-0.588607001,-0.541284831,-2.017406151,-2.414634597,0.176890167,-0.257993829,-1.669718843,-1.303424883,-0.46203546,-0.379066634,-1.396344697,0.911921199,-0.886246611,-1.342086106,-1.176357637,1.895383478,-1.319757837,0.366100385,-0.985105048,-0.724431471,-2.130313872,-1.002393431,-1.246532419,-1.087079053,-1.424203934,-1.843263312,-0.858493633,-2.461580824,-1.274037679,0.249434885,-0.996145957,-0.106694739,0.569226599,-1.025268894,-1.125777957,1.14297999,-2.341325921,-0.939047719,-2.190149664,-1.903138057,-1.070024832,-2.089896,-0.180922536,-2.388142981,-1.345920467,0.357184814,-1.015834862,-0.962858368,-1.001576326,-0.117883041,0.468877996,-0.966006324,-0.3013754,-1.434644622,-1.615455985,-0.752684893,-0.924070919,2.360438821,-1.313043899,0.523188883,-1.64506509,0.476109948,0.20538683,1.185706996,1.582929653,1.053684655,-2.094758246,0.223943231,-0.240925721,-1.867561183,0.710004298,-1.889151815,-0.179007056,-0.285551011,0.117427417,-1.822631133,-1.164111271,0.292221752,2.408808236,0.905067992,-1.375948069,-0.927857368,0.180987334,0.070551656,-2.161085531,-1.388296364,-0.753109522,-1.845793358,-0.256571077,-0.89086668,-1.01721665,1.068977484,-1.004848759,-0.572701027,1.095875213,-0.012072581,-0.891354247,-0.981896489,-2.1680542,0.937112448,-2.110313205,-1.905824426,-1.754463684,-0.543865478,-1.488991759,0.059400343,-2.383795148,-1.38309947,-2.638057829,-1.746403768,-1.7837913,-1.142564176,-1.05010788,-1.009228728,-0.443946095,-0.454287773,-1.613445934,-0.030562306,-1.462311848,-0.798952239,-0.146414018,-1.233744963,-1.634243031,-1.903808973,0.760899283,-0.555300114,-0.625862434,-1.854699269,-0.948555692,-1.148853505,-2.400197922,-0.963906586,-1.597015392,-1.881246636,-0.947781399,-1.843263312,-0.897468978,-1.536652243,0.148678592,0.168814073,-1.949817774,-0.835632829,-1.825109449,0.417723006,0.136452123,-0.951658876,-0.687165109,-0.849800991,-0.856136809,-1.852784171,0.281261505,-2.321767912,-1.087672349,-1.221797389,-0.970746918,-1.079986825,-1.470545914,-0.843505062,-0.58788667,-0.102032726,0.170586301,-1.282294771,-1.385894441,0.380967477,0.11546925,-1.100814712,-1.999521919,-1.491654877,-1.004575647,-0.333377032,-1.096015663,-1.168927463,0.557441998,-1.919365594,-0.048035449,-0.159699379,-1.686318957,-1.36963392,-2.082646673,-2.161953963,-1.701553201,0.724161234,-0.987786734,-0.333795821,-2.090704734,1.952289756,-0.622875128,0.709856794,-1.211333159,-1.509140191,0.354382318,-1.436325295,-2.053384007,-1.102319151,-1.035074268,-0.77414034,-1.305267522,-0.535972506,1.540173576,-0.223268559,0.265589826,-1.428784413,0.368939427,-0.13868752,-2.086667587,-1.424203934,-2.369793843,-0.194556094,-0.619339253,-0.109256986,-2.137070655,-1.008680181,-1.694995801,-1.995100393,-0.18224156,0.398037592,-0.497251504,1.168293812,-0.183562326,-0.263054503,-0.290352301,-1.236495996,-1.387094681,-0.229035877,-1.392312433,-1.081165375,-1.113218441,-0.193706116,-2.42249539,1.317131832,-1.194352561,-2.311625838,-1.676112046,-1.203972804,-1.932401799,-1.92004749,-1.820776418,-1.316768298,-0.923063616,-0.479326957,-1.10021357,0.327935906,-0.469843642,0.35676494,0.91384775,-0.248974311,-0.140412154,-2.425883309,-1.01694014,-1.34822816,-0.790980541,-1.258781041,-1.461017907,0.937739063,-1.16315081,1.174337999,-1.984858899,-1.789162843,-0.24041688,-0.201626708,-1.944910649,-1.751001477,-1.066822966,-1.290620611,-2.069887329,-0.067743652,-2.287696481,-1.131342113,-0.39734814,-1.913927103,-1.852146619,-2.376231633,-0.360969868,-1.576970722,-0.679244275,-2.068303797,-0.360109406,-1.189084192,-0.776094101,0.219215848,-0.667869373,-1.444771291,-1.200645014,-2.125276078,0.510125379,-1.672377712,0.05845757,-1.709810887,-0.379066634,-1.830708219,-1.917322692,-0.22752815,-0.571992059,-1.172797187,-1.412227743,-1.34822816,0.034884402,-0.928110309,-2.305589602,-0.877550904,-0.144332371,-1.628620732,-0.150590359,-1.339410775,0.581041747,-0.46904409,-0.676880208,0.233093882,-0.869884359,-0.250900228,-0.459340681,-1.001576326,-0.895263365,-0.572878348,0.97678358,-1.087079053,-0.404965233,1.415246183,-0.3878708,-0.084577976,0.910111681,0.137149838,-1.23065907,-0.56141741,-2.337176538,-0.216416231,-0.344040806,-0.848632083,-1.490322432,-1.968258013,-0.031077956,-0.400477567,-2.473373414,-1.971125398,-1.338647708,0.095037415,0.30652836,0.315759195,0.258047267,2.12483308,0.252857681,1.103234921,-0.105471633,-0.844667988,0.701363335,-0.329893921,-0.333935457,-1.85342213,-0.455390917,-0.698159722,-0.572523738,-0.289550484,-0.042072776,-0.239399974,-0.30151058,-0.3878708,-1.15169666,-1.402423743,-1.792159549,-1.359068375,-0.338694704,-0.884549846,-0.941352162,0.189628132,0.434117351,1.456146863,-1.10473097,1.086742116,0.596911573,-0.233193887,-0.064218572,-0.199060881,1.013163327,-0.718670138,0.328007944,0.585951649,-0.093541744,0.220018674,0.297508633,-0.537683078,-0.182121577,-0.397794602,-1.091835304,0.06325645,0.553137708,0.734960683,-0.788337368,2.259771533,0.12830526,-0.355532739,-0.9105572,0.74174685,-0.866073016,0.529509979,-0.935218742,-1.812166279,0.792720985,-1.511857584,-0.204444474,-2.185691342,0.522833243,-0.650087691,-1.95970486,-1.174414002,-0.203340924,-0.147804195,-1.486335715,-0.817350784,1.361284198,-1.323507373,-0.591312875,-2.190149664,-0.581069277,-0.021427947,0.26097869,0.963670378,-0.531879033,-1.392312433,0.615131584,-0.365715689,-0.496758367,-0.411583789,-0.126357189,-0.21716148,-1.796370082,-1.528318861,2.009542009,0.779003724,-0.310609577,-1.509140191,-0.948555692,0.01597177,-1.783196239,-0.037286585,-0.422509543,-2.195526021,-0.477390848,0.217688701,-0.813057477,-0.11440126,-0.305710275,0.277252877,-0.865835288,-0.569691377,0.353820875,-0.452399495,-0.731888009,-0.907330991,1.411157691,-2.163693094,-2.191938573,-0.313478627,0.694845737,0.188303628,-1.063052113,0.101292251,1.247204693,0.512883505,-0.58250066,0.368178523,-1.823869523,0.521171916,0.044782143,-1.139121832,-1.031982206,0.239646623,-1.818308804,-1.719252778,1.251791068,-2.371935171,-0.995063413,-2.12611395,-0.868930161,0.692096629,-0.857786003,-0.156887756,-2.225624052,-1.267622831,-0.603672174,1.151647399,-0.132960127,-1.805452796,-1.547402522,-2.416874239,0.748960245,-1.483686707,0.581265448,-0.418550348,-0.771541248,-1.88321708,-1.370421012,-2.02798826,-0.781541331,2.012152575,0.552792563,0.821892136,-2.137918471,-1.013903561,-0.932166081,0.164496972,-0.955291469,0.53579137,-0.839098236,-0.665532014,-2.160217852,1.884551329,-1.633730605,-0.452713961,-1.577454867,-1.698815724,-0.478035801,0.194250128,0.558243418,-1.068568167,-2.117766656,-0.625301634,-1.635268672,-0.610830138,-0.005816885,-0.815993011,1.214111236,-2.393604491,-2.312635429,-0.688756832,0.033144599,0.641116772,0.469003129,0.495062029,0.322011033,-0.238511028,0.304244161,-2.042531188,0.504706943,0.25332352,-1.795165262,0.232935454,-0.316493154,-0.881647788,0.796064715,-0.119910297,-1.120551196,-0.737308076,0.253633958,-1.461449035,0.215272657,-1.179605448,-0.40947313,-1.332943186,-0.509160344,-1.554476354,1.045703655,-1.509140191,-0.510658971,-0.840951375,-1.709258248,-0.392894451,-0.853550702,-0.33785319,-1.738408294,-0.583754804,0.879336249,-0.772839949,0.656846201,-0.85143976,-0.494624244,0.263056333,1.540602171,1.37697608,-0.118108088,-1.200645014,0.697388175,-0.286349627,0.951348948,-0.710293339,-1.091537375,-0.83034242,-1.458435039,-0.506833602,0.377682727,-1.911218909,1.270546753,-1.651823629,0.609765572,-0.62511477,0.521646862,0.448269137,1.243231978,-0.932674211,-0.670407694,-0.817803785,-0.657587005,-0.533753128,-1.546932707,-1.900458886,-0.659712404,-1.113827454,-0.222768622,-1.472288074,-1.225536982,-2.031032402,-0.34969933,0.060059756,-2.296603021,-2.341325921,-1.761424269,-2.111138628,-0.806763907,-0.85660773,-0.997771974,-1.663894098,-2.030270498,-0.49446027,-1.413460029,-0.686767574,-0.257734996,-0.795179906,-0.496265472,-2.08828049,-0.414152737,-1.388296364,-0.330311255,-1.803629642,-0.205058084,-0.674325426,0.301806846,0.292147089,-1.454145028,0.02586266,-2.165435255,-0.779140894,-1.574070769,-0.463942038,-2.295609479,-0.119234088,-1.63475572,-0.346441768,-2.35598587,-1.413049098,-1.368847448,-1.608938037,-2.288682188,-0.743598724,1.500582408,-2.18213894,0.985070247,-0.944690206,-1.160913315,-0.060812139,-1.335981547,-0.446599651,-0.868453402,-2.08505728,-0.255666743,-0.770244231,0.052023028,-0.992362169,0.274216821,-0.694948803,-1.649218782,-1.835711357,-0.516843696,0.745265135,-1.400393285,-1.784386715,-0.574475651,-0.399135184,-0.368458382,-0.638280279,-1.235463471,-2.117766656,0.358163835,-1.92346396,-1.507332689,-1.961125315,-1.875358493,-1.577939245,-0.574653287,-1.731605546,-1.759098687,-1.951928221,-1.314904365,-1.527397202,-0.399433336,-1.170860453,-2.194627951,-0.373675786,-1.067113622,-1.983404353,-0.694948803,-1.667596827,-1.946310229,-0.761640177,-0.065178726,-1.851509474,-2.292634762,-1.166355941,-1.609938037,-0.870839469,-1.601469743,-0.684782264,-0.681416258,-1.510950966,-1.657578288,-0.594932133,-1.372786011,-0.586267819,-1.308963018,-0.445818462,-2.287696481,-1.770781063,-1.984858899,-1.681471115,-1.366099654,-1.756199294,-0.685377443,0.832691708,-0.476907406,-0.016942721,-0.413094135,-0.609725572,-0.091567194,-1.998045903,0.072692685,-1.540378377,-0.618967782,-0.79142175,-0.519530064,-0.974979728,-1.299016353,-1.673443242,-2.170680022,-0.353109878,-1.544118446,-1.442229993,0.090480353,-2.076246651,-1.472288074,-0.905598102,-1.591597994,-0.495608658,0.07362214,-1.943513024,0.117694143,-1.101416216,-0.943661929,-0.070529766,-0.679244275,-1.293168383,-0.949589017,-0.89086668,-0.370484139,0.337614441,-0.625488532,-0.637334116,-1.441384327,1.444303802,-1.48943512,-0.218902557,-1.599982754,-0.300969967,0.193920693,-0.244622583,-1.013352445,-0.321169917,-0.272333796,0.044686518,-0.672168774,-0.098605604,-0.45082865,-0.046358124,-0.082186671,-0.746969987,-0.901894852,0.627754962,-1.562077341,-1.759679576,-1.140685065,-0.09783336,-0.024497632,-0.969691509,-1.828216006,-1.989966535,-0.228658732,-1.38230234,-0.129767058,-1.89645354,-0.216167938,0.124162643,-0.279184942,-0.462829425,-0.105916226,1.378665334,-0.248333162,-0.406765954,0.099483278,-0.484833043,-2.219163485,-2.024953356,-1.467070671,-0.921303274,-1.30379314,-0.351829559,-0.354391838,-1.399987688,-0.079043207,-0.441610555,-0.673344553,-1.023875943,-2.092324168,-1.011425927,-1.845160246,-2.167180456,-0.762282919,-2.036382052,-0.354534379,-1.631683521,-0.821207851,-1.195674002,-0.371498559,-0.412640792,-0.077529203,0.704532125,-1.776673832,-1.093326284,-1.607939036,-1.510497965,0.498348102,1.31084318,0.567810689,-0.725670372,-0.610830138,-0.86654864,-0.233320158,-0.712941808,-1.203639527,-1.334461212,-1.65286747,1.062397719,-1.677181565,-0.016535969,-0.612673796,-0.562645372,-0.714370817,-0.231805962,-2.057288737,-1.999521919,-1.649218782,-0.899433615,0.385330426,-2.208184418,-0.231175723,-1.133203733,0.819295133,-0.053189829,0.418973458,-1.433805344,-0.524079739,-1.474470052,-2.403511012,0.094855531,0.43139273,0.825577968,0.42963726,-0.208994128,-1.376740148,-0.404515559,-1.071775635,-2.614559858,1.013889201,-2.465104022,0.690593924,0.050312814,0.070272053,0.009157938,-0.929629296,-2.186581417,0.919924123,-1.404458332,0.232380757,-1.642477767,0.146435278,-0.549046837,-0.805420423,1.669083231,-0.440056553,-0.061981792,0.364434759,1.388841115,-0.182361558,0.493292818,1.912648787,-1.276901984,-2.32585372,-1.878625402,-1.931021537,-2.089896,-0.048350261,-1.926205566,-1.391507928,-2.020418201,0.753583549,-2.049494465,-1.47840965,-2.382711137,-1.510497965,-0.950364712,-1.410996974,-1.848329821,-2.143873402,-1.237874356,-0.69174816,-0.30652516,-1.731040734,-2.266253164,0.67350554,2.408502454,0.52608855,1.139114232,-1.824489294,-0.146066776,-1.510497965,-0.413698913,-1.922095971,-0.788117418,-2.095570924,-0.439901285,-1.474033275,-1.729348209,0.084065375,-1.886509806,-0.281965112,-1.047539018,-1.600478171,-0.721135217,-0.053822807,-1.191714907,-0.802292628,1.13545839,-0.391710143,0.560872141,0.217688701,-0.068600091,-0.676880208,2.004785342,-0.834480357,0.389945296,-0.600021203,-2.122766666,-1.767847649,-1.019708691,0.808972746,0.800610484,-1.051537881,-0.13375999,-0.625488532,-0.09123848,-0.908818717,1.965054296,1.097244687,0.539004834,-0.83378951,0.17889904,-2.236797352,-0.002803927,-0.03334998,-0.31814128,-1.913927103,-0.155134497,2.041441084,0.385194371,-0.391414285,-0.589327852,-1.485893726,1.115993686,-1.420057991,1.124702298,-1.176033436,-0.760569857,-1.872102222,-0.291556234,-1.410996974,-2.208184418,-1.385095081,-0.981095955,-0.761854379,-0.375566558,-0.483048343,0.818325029,-0.274436846,-0.449573748,-0.339958306,-1.337504197,-2.066722769,-0.20138206,0.991175545,-1.232372279,0.551468402,0.099483278,-1.759098687,-2.499817263,-1.606941032,-2.672200548,-0.702995517,-2.374081095,-0.568278199,-0.46904409,-1.759098687,-1.704298193,-1.191714907,0.244200294,-1.062183932,-1.961125315,1.211732619,-1.286268047,-0.781322871,-1.897119985,-1.899790213,-2.073061935,-1.244447637,-1.843895224,-1.05010788,-0.549566452,-2.164563795,0.25595918,-0.690750056,-2.05494407,-0.35638927,-1.976884953,-1.622523152,-0.124543335,-1.832581464,-1.103222901,-1.913249367,0.022543964,-1.789761467,-1.654435278,-0.578034373,-1.381107834,-2.267217949,-1.051251717,-1.833832246,-1.609938037,-1.271894821,0.221221706,-1.008954417,-1.421714306,-2.134531508,-1.142564176,-1.864975532,-2.410170304,-0.414304057,-1.722046857,-2.097198263,-2.366590423,-0.344322973,-2.296603021,-1.743540897,-2.034850658,-0.742757681,-0.77479117,-1.296453657,0.231587798,0.071948499,-1.438430116,0.148161351,-0.318553736,-0.450044152,0.304391686,-1.899790213,0.71481082,-0.85143976,-1.095417398,0.663306339,-1.608938037,-1.246184653,-0.566338334,-2.113618993,-1.388296364,-2.178599113,0.318308266,-2.519498095,0.395818731,-0.754809841,-0.878272665,-1.278696351,-0.413547684,-1.782601531,-1.206308864,-1.377532855,-1.543650172,-0.964168812,-0.687761708,-1.609437912,3.01548588,-0.519866368,0.156576307,-1.510950966,-1.799993274,-2.336141877,-2.247150386,-1.775492497,-1.202640359,-1.441807071,0.04142981,-1.965398826,-0.408269035,-2.102096232,-1.370027389,0.710643228,-1.604450371,-0.174710594,-0.98564081,-0.583754804,-0.16028613,1.413641983,-1.561600583,-1.917322692,1.66946,-1.061605563,-1.643511893,-0.290352301,-1.361406646,-2.312635429,-0.04940035,2.725765685,0.028587457,-0.254505228,-1.055840197,-0.645309851,1.529940056,-1.141311043,-2.172434409,-0.75608698,0.075849312,-0.984569573,-0.443166975,-0.222019184,-1.248273063,0.721394443,-2.165435255,0.718034896,-2.003221516,0.922630592,-1.700457311,-1.115961927,-0.965480976,0.14790263,-1.850236399,-1.807888851,-0.55809195,-1.062762636,-0.430167721,-0.692947201,-1.220779923,-2.020418201,0.400653551,-1.479726306,0.80589534,-0.693547261,-2.120263536,-1.871452238,-0.364563117,-1.458865054,0.151260794,0.925210829,-0.052030408,-1.822631133,-1.524178068,-1.104127469,1.416508289,-0.269449304,-2.187472286,-1.530164732,-2.685310714,0.218492753,0.022543964,-1.072359918,1.403225222,-1.97833004,0.580650149,-0.305031711,-1.188099455,-1.25772526,-0.877550904,-1.30600553,-1.707050741,-1.078515587,-0.721958262,-2.539574051,-2.101278236,-0.737726224,-1.354795694,-1.743540897,-1.783196239,-0.58842687,-1.508236032,-1.582795981,-0.648556297,0.21438531,-0.554255182,-0.072678225,0.228489238,-1.350155315,-0.612673796,-0.393635356,-0.980829253,-0.537340729,-0.067636649,0.88376754,-1.843263312,-0.46648981,-1.722606611,-0.858021824,-0.650470906,1.29261535,-2.594275187,0.431587592,-0.935728426,-2.190149664,-2.41128451,0.909306398,-1.072652187,0.285254127,-0.319654452,-1.272965676,0.145830448,-0.316081547,-1.875358493,0.999601938,-1.249318906,-2.142168372,-0.156419919,0.092852617,0.59227657,0.888672845,-0.061237309,-2.320749064,0.306601957,-0.361543921,-0.273779167,1.171273977,0.08075015,-1.102018082,0.393460001,0.420616412,-2.20183519,0.336329369,0.385874458,-0.540426094,-0.094860281,0.778820162,0.363948428,-0.364275181,-1.667067025,-0.542660347,-0.673148494,0.413168692,-0.429552904,-0.170788321,-0.867500568,-0.989399204,-2.204551353,-2.082646673,0.60437061,-0.729603718,0.41831552,-2.430418465,0.203593692,-1.008954417,-1.762589092,-0.03894875,-0.72505073,1.48237697,0.456728402,-0.583396317,0.765328298,-1.806061254,-1.250365844,-1.817692851,-2.038683549,1.258716639,-1.865621318,-0.711922336,0.2059567,-0.235595759,-1.676646662,-2.312635429,-0.744019511,-0.861329174,-1.503727458,-0.475619368,-2.311625838,-1.787369121,-1.789162843,-0.007125325,-0.079043207,0.448077499,-0.416424948,-0.45523325,-0.067315707,-1.690647968,-1.694995801,-0.400328324,-1.159318164,-2.131998792,-1.926892143,-0.135361638,-1.174737679,-1.059295426,1.423903199,-1.53433044,-1.011975982,-2.08828049,-2.249044326,-2.490120217,0.112971479,-1.085893516,-2.000260744,-0.611198598,-1.846426871,0.11439954,-1.881246636,-2.168928708,0.613075306,-0.419614744,-1.37081479,-2.436116486,-0.756513056,-1.440539376,-1.664422221,0.309394639,-2.267217949,-1.726533684,-1.712578671,-1.462311848,-1.72878467,-0.756299996,-0.63544447,-1.212004976,-0.984569573,-0.506999619,-1.54975491,-1.701553201,-1.556845462,-0.6923475,-0.798952239,-2.254747764,-1.297551151,-2.248096908,-1.133825044,-2.173312757,-1.669718843,-1.096015663,-1.538979449,-2.431555474,-0.280772664,-1.971843531,-0.745282935,-1.475344178,-1.508236032,-1.205307027,-0.748871329,-1.158362293,-0.327532317,-3.055482278,0.171597593,-2.121097217,-1.955455562,-0.988323935,-2.465104022,-2.086667587,-0.795622972,0.095401085,-1.339029169,-2.175071773,-2.234926445,-0.216788786,-1.912572089,-1.62049886,-1.028340236,-2.368724895,-0.905598102,-2.181252808,-1.970407781,-1.53433044,0.181571275,-1.065080805,-2.359155444,-1.17993081,0.468252096,-2.156754645,-1.963972292,-0.057523186,-0.892818376,-0.014301785,-1.849600469,-0.47997316,-1.115656723,-0.923818998,-1.396344697,-1.826350914,-1.077340153,-1.36963392,-0.378774493,-0.02644665,-1.342086106,-1.35208619,-0.291556234,-1.023875943,-1.00103196,-1.018877321,-2.017406151,-2.405725852,-0.949847515,-2.155890714,-0.976040736,-0.240925721,-1.202307525,-0.794515675,-2.309609708,0.789320624,-2.287696481,-2.345492594,-2.494956986,-0.265138108,-2.192834229,-0.099378444,0.027615167,-0.452871231,-0.52239226,-0.892574205,-0.445350042,-1.09243143,-1.913249367,-0.30870144,-1.428784413,-0.328365188,-2.058854908,-1.692819521,-1.929643177,-1.160913315,-0.773056564,-1.296453657,-1.254915283,-1.77254525,0.737881512,-2.167180456,-1.686318957,-0.687960654,-1.317888328,-1.449873343,-1.676646662,-1.249318906,-2.306593114,-1.501480771,-0.513830133,-0.122958907,-1.646620704,-0.97418471,-1.812166279,-0.181761714,-2.442997247,-0.796731497,-0.419766893,-2.191043718,-2.157619323,-1.342086106,-1.88981341,-2.544656654,-2.448767603,-0.334494194,-2.471003745,-2.351775337,-2.040990355,-1.581822745,-1.573105983,-1.687399454,-1.635268672,-1.466203744,-2.074653025,-0.939559359,-1.553057579,-1.113522901,-0.901894852,-2.393604491,-1.30600553,-2.53451715,-0.922811949,-1.683622811,0.250291683,-1.320132159,-1.749850066,-1.390302383,-0.598382604,-2.146436411,-0.449573748,0.752311914,-2.121097217,-2.60775248,-2.526979426,-0.891354247,-2.475748712,-2.062781101,-2.363397232,-1.298283484,-0.698762919,-2.374081095,-2.65498348,-1.710917081,-1.322381035,-2.255701507,-0.738563044,-2.028748427,-0.208624465,0.235546318,-1.440539376,0.435541576,-0.867024491,-0.833559334,-0.482562158,-1.224856015,-0.403467105,-0.816897988,0.357814295,-1.457575563,-1.574070769,-0.724431471,-0.006018072,-0.483696956,-0.484833043,-1.984131362,-0.191160505,-0.395861372,-2.405725852,0.219697621,-0.269580237,-1.189412653,-1.310445049,-1.592089274,-1.046969056,-0.514833645,0.509224342,-2.315670333,-0.125449851,-1.8426318,-1.435904862,0.236099262,0.342241278,0.390486825,-0.665532014,-1.681471115,-1.422543494,0.067752102,-1.377532855,-0.821435201,-1.752731082,-0.89452924,-0.598564538,0.388590191,-1.389098288,-1.467504417,0.248031267,-0.330172124,-0.196623342,0.808705521,-1.360626614,-0.169602784,-1.344001449,-0.024395157,-0.678061543,-0.808782524,1.31769427,0.174541369,0.072227634,0.371080681,-1.514127733,-1.957577954,0.455016887,-0.603672174,-1.209655587,-0.253860524,-1.479726306,0.055907632,-0.14722472,-0.348281695,-1.575036486,-1.470110847,-1.538513574,-2.861201381,-2.147292209,-1.149484619,-1.323507373,-0.238257189,-1.143191332,-0.503188197,-2.183025858,-1.387094681,-2.320749064,-1.395940738,-1.11078609,-2.155027529,-0.477229674,-1.894456867,-1.27833722,-2.08828049,-0.237115709,0.225460864,-1.250016743,-2.082646673,-2.530741186,-0.820298966,-1.26655768,-2.445301395,-1.090049058,-2.354931573,-0.283955691,1.065779132,-1.597015392,-1.375552265,-1.867561183,0.268957863,-2.21183073,-2.316684017,-1.98195192,-2.045619993,-2.336141877,-0.891598119,-0.884065585,-2.147292209,-1.077633882,-0.217782945,-0.512159847,-0.920298753,-0.543176654,-0.857550237,-0.018367657,-1.197328262,-0.860146721,-1.421714306,-2.068303797,-0.923818998,-1.861109547,-0.235216133,-2.226550407,-1.164111271,-1.281934346,-1.509140191,-2.122766666,-2.208184418,-1.180907531,-1.338647708,-1.085005285,"RMS"
"44",0.224023164,-1.495216768,0.386418195,-2.297597551,-0.831949583,1.045809083,1.257921071,0.346988178,-0.639227339,0.641327432,1.395105429,0.106160196,1.416847814,0.016562088,0.469941127,-0.325591646,0.316706751,0.913767551,-0.808558032,-0.01959065,0.178480857,1.447036623,-0.244367188,1.260419298,1.427772141,1.427244347,-0.592759007,-0.14329317,-2.068303797,-0.767870727,0.054582878,-0.941352162,-2.560061323,0.652689703,1.208900643,0.613183636,-0.153267736,-0.547662514,-0.316081547,-0.567748771,-1.448595387,1.152784768,-1.53433044,-0.268271679,0.769367206,0.456601724,1.375915689,0.779600068,1.213665676,-1.835084594,0.817663055,-0.839329691,-0.271939966,-1.507784259,1.077967307,0.752170521,1.441563491,-1.887169654,0.690343253,1.436939946,1.363793096,1.411718413,-0.492821999,0.046024438,-0.180922536,-0.608071008,-1.454573202,-0.495280412,-0.484345991,-2.507152259,-0.38580955,0.306749135,-2.558768498,-0.53204926,-0.907083251,0.536025425,1.388766303,-1.550697417,-1.814005078,-1.07939807,-0.704410373,-1.653912403,1.293301494,0.45444573,-1.934475771,-2.377308639,0.804777997,-0.542316291,-1.407722309,-1.457146102,-1.181233317,-0.2424538,-1.818925137,1.195194387,-1.456287733,-0.360252765,-0.874908894,-1.922095971,0.4069307,-2.327902901,0.199833982,0.075107472,-0.964168812,-0.909563411,-0.621943422,0.131992709,-2.161953963,-1.901128006,-0.95217701,-2.635264531,-1.36963392,0.647207949,-1.830084584,-0.423883694,-2.697110261,-1.726533684,-1.97833004,1.188452993,-2.215490386,-0.057099592,-1.187771425,0.618261983,-1.830708219,1.218526385,-0.541628533,-1.054404034,-0.856136809,-0.651429587,-1.587187303,0.044112575,-1.128556165,-2.547207676,-0.276544328,-1.649739209,-1.188427593,0.574757711,-0.184764538,-0.461083532,-1.472724089,-0.605869172,0.746924886,0.212203931,-1.16219127,0.868989459,-2.709050701,-1.09422194,-2.105374924,1.583525056,-0.644166558,-2.297597551,-1.155817762,0.191116104,-0.375420987,-0.666700011,-0.818710404,-0.275094957,-3.537017105,-0.048245313,0.124250962,-2.044074398,0.436382211,-0.550953415,-0.696954419,-1.209655587,-0.074723546,0.006876304,-1.92004749,-1.293532881,-1.757937921,0.346988178,-0.380967637,-1.372786011,-1.512311202,-2.709050701,-0.180563104,1.089302419,-2.245260026,0.408460617,-0.441766088,0.321431112,-0.484833043,-1.097213268,0.813549006,-2.217325249,-1.101416216,-1.597509342,1.350356254,-1.240291067,-0.709073331,-2.200931439,-2.429282746,-2.230264431,-2.695627681,-0.752048288,-1.039023497,-0.793409602,-2.170680022,-2.517016704,-0.631675858,-1.01252634,-1.776673832,1.548880788,-2.594275187,-1.140685065,0.380420767,-0.446912298,0.669008165,-0.801846597,-2.249044326,-1.719252778,-0.77479117,-0.657008134,-0.219774234,0.664284636,1.126551657,0.148937113,-2.697110261,1.502787677,-2.662121269,-2.447610865,-0.477390848,-0.436027414,-1.15169666,-0.404815319,-0.771324962,0.458247294,-1.039023497,-0.000100005,-1.966112856,-0.168418652,-1.668657272,0.276873874,-2.35598587,-1.54928399,-1.49209942,0.97013477,-1.97256218,-1.134757735,0.175296942,-0.629796865,0.39628981,-1.041853955,-1.506430162,-1.521885015,0.793942291,-1.439695138,-0.381699755,-0.477713272,-0.591132255,0.403797051,1.283541554,1.214734687,-0.938536341,0.591003707,1.002064677,-0.381260419,-1.105032856,-2.131998792,-1.453717037,0.677576586,0.005286004,-0.715597309,-0.761854379,-1.87470639,-0.876349125,-1.311929279,-1.330292171,-0.78987837,-1.474470052,-0.850737101,-2.226550407,1.18362723,-0.727531607,-2.23305903,-1.515947569,-1.25351325,-0.853315933,0.586730552,-0.645119212,-0.574475651,0.19803085,-1.671313316,0.089749292,-2.012905018,0.501381165,-1.388296364,1.399901365,-1.559220196,-0.022552404,-1.913249367,0.032273561,1.545368615,0.039220713,1.390634927,-1.657578288,0.171260609,0.756450564,0.496097698,-2.062781101,-2.102914898,-0.605136303,1.289618249,-2.577021939,0.210989995,-0.336312249,-0.226273444,-2.504701277,0.407463111,-0.063898726,-1.568775931,-2.673648774,-2.562651998,-0.828050943,1.218615081,-1.25281297,0.644219507,0.282619278,0.302989317,-0.771108722,0.883602237,-0.579461416,-2.3892329,-0.12397718,-2.537042404,-2.324830702,-1.183843433,-1.031701583,-1.674509909,0.911398786,1.482445097,1.242366252,1.116059202,-1.732736129,1.117532174,-0.506501652,0.549854011,0.243808552,-2.202739758,-1.384296358,-0.802069588,-0.233320158,0.983126612,0.687581722,-1.552585101,0.520637331,0.829337535,1.483874689,-0.826221535,0.439415547,-1.976163192,-1.024154378,-2.753570716,1.088023087,-2.103734234,1.259227741,-0.917291232,-2.496169842,-1.517770724,-2.138767008,0.929917465,0.393392527,-1.120244589,-1.822012512,1.317372916,-1.757937921,-0.652005237,-1.577454867,-1.236495996,-0.122280635,-0.062513905,-1.092729626,-0.272071225,0.342525308,-0.559315833,-1.393923388,-0.007226045,-0.694948803,-1.411817318,-1.276543497,0.661553309,-0.728567126,-1.535722875,-0.105693905,-0.031903549,-1.320881223,-2.032557956,-0.879958803,-1.136314156,-0.300024596,-0.513161684,-0.125563223,-0.52306691,-1.014730805,-0.456021832,-2.051048467,-0.249744233,0.247016316,-1.373575589,-1.510497965,0.41005456,-0.927098931,-0.074615793,-1.449873343,-2.61866664,-1.123622452,0.028781801,-1.341320995,-1.306374738,-1.462311848,-1.494325105,-2.080241862,-2.3892329,-1.202973304,-0.374402583,-0.420832585,-1.042421009,0.620952761,-1.031140574,0.617291528,0.54528502,0.469753598,0.84178268,0.995360659,0.379189577,-0.158761292,-0.939303506,-0.683394889,-1.663894098,-0.841183259,0.49237648,-1.836338513,-0.429245637,-1.95828642,0.053540767,-1.551169004,-1.297551151,-0.46648981,0.628021821,-0.940583424,-1.060161102,-0.843505062,-0.020917248,-0.862513026,-0.177334015,-0.49200387,-0.517514612,0.328296045,1.308981258,-0.679047056,0.081395638,-0.362261951,-2.384880336,-0.056887862,-2.066722769,0.817353984,-0.554603371,-0.014504686,0.75475955,0.573969423,1.182340504,0.252702354,1.552317145,-1.663366254,-0.680823431,-0.48191428,-1.523719037,-1.536187451,1.341166234,0.486799289,1.351651155,-0.470643834,1.193892165,0.668700788,-0.04103035,1.259937172,1.025754816,-1.233401615,0.066349381,-0.06272683,0.718181198,0.800520669,-0.251671635,-1.539445541,-1.11932533,-1.152329571,-0.265920581,-0.843272639,0.703542957,-0.471604911,0.363183716,-0.076557123,-0.906587956,-0.738981717,-1.16443163,0.746924886,-0.03397052,-0.761211911,-1.208315554,-0.347856795,-0.387723427,0.910835881,-0.139721943,-0.819617845,-0.712941808,-0.846764669,-1.532014015,0.051738195,-1.235119533,1.544686035,-0.031077956,-1.514127733,-1.112609798,-0.066781034,-1.055840197,-0.736681183,-1.209990877,-0.453500557,-2.034850658,-0.224144052,1.173132081,-1.035074268,-2.149864006,-0.322963887,-2.060423536,-1.63475572,-2.1086644,0.045355702,0.724209706,-2.149864006,0.172607865,-2.586275144,-1.01694014,-2.048718369,-0.674129175,-1.989966535,0.578129069,-1.212677245,1.039605108,0.835644509,1.249213821,1.335316806,-2.128631786,-2.332013904,1.325960322,-0.080126044,-0.460449416,0.088285565,-1.335601247,-0.150009267,-2.025711219,0.77126496,0.322228416,-2.351775337,-2.045619993,-0.749717532,-1.884532869,-2.453407983,-0.041968485,-0.840256046,-2.130313872,-1.262661801,-0.26487742,1.100111165,-0.404665428,-2.569158202,-2.991740252,-0.385956642,-0.090471903,-1.468372472,-0.3213078,1.023385742,0.693597079,0.24966863,0.141846724,0.558815468,-0.83632495,-0.39734814,-0.150706617,-2.183913563,-1.032262908,0.315394511,-0.925331477,-1.048109306,0.285554811,-1.543182117,0.17083922,-1.427116356,0.769367206,-0.41581852,-1.940723622,-1.270468796,-1.510045169,1.210570988,-0.109926479,0.167969051,0.994843099,1.038933053,-1.112001526,0.004688989,-0.75587401,-1.436325295,-0.474815186,-2.345492594,-0.670798777,0.559501496,0.931376369,-1.638866723,-2.517016704,0.103729186,0.263824736,-0.211956362,-2.523231764,0.280128617,1.168946482,0.376310891,-0.502692124,1.124409981,-1.597509342,0.946121342,0.354382318,-2.189256408,1.168449248,-0.785920581,-1.452006904,-0.95217701,-1.026943002,0.704532125,-1.492544161,-0.375129908,0.430677911,-0.069564463,-1.957577954,-0.920800887,0.544705175,-1.826972225,-0.58842687,-1.356347285,0.354382318,-0.261364764,-0.046148656,-1.877971166,-0.409623743,0.212608249,0.929009504,-0.564402225,-0.156302994,1.006204559,-1.039871794,-0.378628454,0.738024939,0.217286432,-0.662036186,0.20880119,-0.229664768,-0.809007067,-1.277619344,-1.702101597,-0.662230078,-0.466649261,-0.623621118,-0.854960477,0.01212618,-1.146333025,-0.718670138,-0.016841017,-1.933092645,-0.149776925,-0.002102208,1.164243962,-0.251928903,-0.677470701,-0.071603419,-0.188862905,0.353610253,-1.576970722,-0.636388847,-0.958154936,-0.217658621,0.268805017,-1.004575647,-1.804844709,-2.303585593,-0.24794867,-0.674129175,-0.802292628,-0.13547614,-1.580364665,-2.137918471,0.703394497,-1.864330162,-0.80609194,-0.116196794,-0.974979728,-1.787966671,-0.438194933,-1.726533684,-0.857786003,-0.969691509,-1.424203934,-1.485451933,-0.603123678,-0.056782014,-0.356103679,-0.553907113,-0.782415648,-0.241052972,-1.57358826,-1.826972225,-1.65286747,-1.133203733,-2.575707014,0.17697395,-3.634391269,-0.796731497,-1.401611065,-0.154084015,-1.246880305,0.468126869,-0.616556578,0.995693235,0.875926966,-0.637334116,-1.956869989,0.806609785,-0.129880921,-0.784823969,1.402905627,0.450055991,-1.773723107,-0.8703618,0.272162261,-1.441807071,-0.619896719,-0.347290544,1.356994275,0.276646403,-1.17993081,-0.688159639,0.421338457,-0.2749633,-0.476102188,1.386819223,0.547022539,-0.921554562,0.152034156,-0.466170983,-0.889405403,0.752641752,-0.830801346,-0.621012583,-0.375129908,1.030761622,-1.635268672,-0.106027405,-2.229334631,-0.094090923,-0.725463782,0.455143766,-1.008680181,0.853861984,0.174457382,-0.04447449,-1.639381789,-0.785920581,-1.297917251,-0.544037758,-2.650725134,-1.220102186,-0.503022812,-0.39630717,-0.434482057,-0.213440776,-1.804844709,-0.422204432,0.031014054,0.008761506,0.232380757,-0.648173815,-0.967584026,-0.333935457,0.553540226,-2.091514123,-1.705398304,-1.05010788,-0.912049738,-2.097198263,-0.523910863,-0.459657337,-0.981896489,-1.697176827,-1.344768614,-1.174414002,-0.273910668,-0.237622873,-1.311558015,-1.292075686,-0.069886127,-0.509493179,-1.141311043,-0.030149977,1.410596654,0.127337248,-0.124316835,-0.449730524,-0.690750056,-0.718875329,0.461341219,-2.24243117,0.123367414,-1.826972225,-0.086756864,-1.211333159,-0.649321701,-0.429245637,0.66346087,-0.057735051,0.003394233,-1.11078609,-2.935578351,-0.649704623,-0.146529793,1.051415854,-0.223143551,-2.395797475,-0.118220631,-1.532014015,-1.27905561,-0.537169599,-1.933783969,0.132255579,-1.725410089,0.146348896,0.508923816,-0.834250022,-0.560541216,-1.170215708,-1.530626732,0.634617238,-0.484670666,-0.51902582,-0.083707749,-0.577321615,-0.35638927,0.597076712,-1.001576326,-2.667868411,-0.323102018,-2.997734276,-1.825729989,-0.122732765,0.802136106,-0.172212823,-1.083526651,0.160672225,1.384492739,-1.395940738,0.145138766,-1.839480205,0.932164081,0.555320864,-1.401204974,-0.745704431,-1.233058385,-0.945719543,0.467312511,0.811019101,-0.813959801,-0.276148837,0.320415442,-1.025268894,-0.539739634,0.984248401,0.870330559,1.312082537,-0.167235919,-1.434644622,-0.244111858,-1.078221599,-0.722781986,-2.171556831,-0.210227326,0.154179251,0.074179398,-0.58250066,-0.317316878,1.367570152,-1.787369121,-2.273997636,0.892325854,-0.515670675,-0.167827111,0.020096702,-0.409623743,0.158626363,-1.055552799,-0.814411268,-0.18224156,0.765793371,0.921397669,0.085994193,1.352453152,-0.231679882,-0.122619714,-1.570698084,0.422125549,0.12398598,-1.315276874,0.329663395,-1.899790213,-0.326007187,1.112153524,1.28234951,-1.045830103,-1.25351325,0.567754011,0.950846736,-1.497002483,-0.733760863,-1.664422221,-2.312635429,-0.37353049,1.124474948,-0.897959775,-0.983499482,0.458310531,0.020292703,-0.846531487,-2.363397232,0.186396576,-1.234432012,-2.116105526,-2.446455463,0.169911537,-0.665921194,-0.203095856,0.594596757,1.308278764,-0.881647788,-0.69936648,-0.192008322,0.820968552,-1.043272194,0.612370871,-1.290257173,1.057165099,-0.870839469,-0.96233467,0.463922678,0.588952652,-0.707651867,0.897841588,-1.112914073,0.003493889,-0.907826653,-0.307748735,-0.16735413,-0.167590592,-1.142250746,-0.232941394,-1.992163534,-0.290887203,-1.097213268,0.336829316,-0.350125013,-1.925519459,0.320705739,-0.137309951,-0.612120342,-0.069135739,-2.913231052,0.520934358,0.108136659,-1.029179514,0.572898608,0.820308326,0.989838547,0.004888034,0.826015854,-0.433555988,-1.223835433,-1.040437725,0.228330078,0.869869759,-1.994365369,-0.681021001,-0.674129175,-0.030253043,-0.669430654,-1.295722663,-2.544656654,0.509044038,1.031153953,-0.40167231,-0.097612829,-0.296521021,1.371688209,-0.354962126,0.01597177,-0.216913002,-0.711311151,-1.087375657,-1.855338451,-1.975441952,-1.312672221,-0.941095851,-0.50120538,-0.251157298,-0.907083251,-0.404815319,0.376036297,-0.326007187,-0.873470735,-0.415666971,-1.55353028,0.269492643,-1.002393431,-0.23079777,-0.057735051,-0.362836746,-0.047615854,1.041653855,-1.481924592,0.475612868,0.614103973,0.747730058,-0.289684075,-0.667284521,-0.500050551,0.794800834,-1.737271284,-0.081318521,0.674321076,-0.134217342,-1.155500151,-0.216043814,-0.171381617,-0.231679882,-0.59293992,-0.020713042,0.130677324,0.365406711,0.675492245,-1.033386504,1.657198976,-0.065712543,0.301437038,-1.505077897,0.982078472,-0.848632083,-0.43139849,-0.783728559,0.361652535,0.906927029,-1.735001135,-2.194627951,-2.611831343,0.673913391,-0.251414433,-0.391414285,-0.705422211,-0.697556889,0.28840681,-0.51232675,0.700371026,1.449785459,0.746308729,0.530157552,-0.628108784,-1.764922815,0.38369655,-0.15958207,1.116222973,-0.62511477,-0.226524259,1.55030343,0.287582067,0.124250962,-0.820298966,0.658193351,-0.479004011,-2.31364604,-1.233401615,-0.172806964,0.86596539,-0.333097936,-1.304161532,0.215192022,0.111809675,-0.982697664,-0.675896827,-1.247924692,-2.273997636,-2.465104022,0.019900662,-1.695540611,0.050978245,-0.085122253,-0.834710745,-0.729188952,-1.810330855,-0.794515675,0.105260511,-1.448169765,-1.188427593,0.54962317,0.035077527,-0.820298966,-1.045261113,1.235733065,-0.580175702,-0.798285499,-0.531368525,1.353435369,0.826803565,-0.126811167,-0.80923166,-1.152013065,0.162543929,-0.923315347,-2.024953356,-0.519193873,-0.326145739,-0.047301273,-2.21183073,-0.248846049,-1.170215708,-0.825764705,-1.063052113,-0.243984217,-0.376440429,0.224742273,-0.410377152,-0.359249684,-0.831260483,0.249279025,-0.822572728,-2.364460497,-1.15169666,0.199260611,-1.163470861,1.010145307,-0.236228791,-0.160873226,0.9722551,-0.237876551,-0.476585241,0.083789526,0.110825555,-0.819844834,1.292670259,0.955472983,-0.354962126,-0.938025224,0.304834131,-1.22587764,-1.153913604,-0.543521007,-0.6806259,-1.406497068,-0.027165668,-0.24551698,-0.161930867,-0.422662133,-1.527397202,-0.947523434,0.798407691,1.068599717,0.193673545,1.023888742,-2.164563795,-0.788997506,-0.149428513,-2.650725134,-0.108699417,-1.245142081,-1.247228313,0.831124924,-1.570698084,-0.001400981,0.367763241,-0.285284948,-0.27812786,0.45767798,0.186396576,1.614843277,-1.675577715,-0.573233084,-0.904362161,-0.487760351,-0.211338506,-2.509609262,0.212123048,0.030141157,-0.973390324,0.286756644,-1.926205566,0.128129328,-0.082838278,-0.165228479,-1.261248872,-2.223773913,-0.353964335,0.291026474,-1.422543494,-0.610645959,-1.660205029,-1.254915283,-0.953733027,-0.764428383,-1.09302791,0.284878145,-0.827135821,0.8603551,0.186147562,-0.708463885,-2.163693094,0.461467298,0.541277231,0.819735778,-2.045619993,-1.138185064,0.770894949,-0.006521217,-0.088503399,-2.146436411,-1.423788566,-0.875388741,-1.390302383,1.367238955,-1.667067025,-2.08505728,-0.884549846,-0.942634707,-1.878625402,0.91232287,-2.380546634,-0.222643676,-0.975510092,-0.0216323,-0.42007126,-0.233320158,-0.074508052,1.146386063,-0.801623657,-0.80833359,-0.171144256,-0.589508146,0.00019998,-1.767261998,-1.224515706,-0.237115709,-0.175187068,-0.350408902,-1.633730605,-1.438008797,-1.815847265,-0.21319322,0.307411168,-1.767847649,-0.653157532,-2.043302495,-1.358679194,-2.640858952,-0.645691239,-0.595476153,-0.480943249,-1.085005285,0.320488024,-1.010326724,-0.071496002,0.997833852,-0.109926479,-0.573765424,-2.251891979,0.104810364,-0.903621329,0.003992021,-2.501036032,-0.573942933,-0.58590843,-0.55582299,0.635253202,-1.539445541,-0.638280279,-2.394700382,-0.117883041,-0.68299885,-0.902634405,0.443531309,-0.826450028,-0.874908894,-0.120925468,-0.736472305,-1.233401615,-1.449021191,-1.427533109,-2.605042451,-2.574393816,-2.332013904,-0.104694071,-1.050393716,-0.320067533,-0.506999619,0.21333561,-1.674509909,-0.213812224,-3.103317484,-0.850737101,0.723967323,0.302324349,0.301880792,0.723579388,0.179317048,0.276039561,-2.583622623,-0.924070919,-0.732928051,1.107175519,-0.909066887,-1.525096764,-0.881647788,-0.283291724,-0.11272087,0.469440971,-0.961288098,-1.314904365,-0.129539371,-0.444101992,-1.847695102,-0.665921194,-1.778448455,-2.318714475,-0.381699755,0.212608249,0.54817921,-2.311625838,-1.165072655,-1.826350914,1.079429469,0.76885744,-0.572523738,0.763186171,-1.779040697,-1.609938037,-0.801623657,-2.442997247,-1.032824548,0.250758718,1.336605043,-1.726533684,-0.247564326,-0.923315347,-1.074700469,-0.661648514,-0.46171805,-0.828050943,0.122571552,0.774957556,-1.559220196,-2.133686557,0.416602853,-0.100262422,-2.073857163,-0.606052474,-1.109572129,-0.802515718,-1.964685304,-0.938791997,-0.174234347,-0.438194933,0.543428332,1.034287078,-2.046393688,0.281714301,-0.985105048,-0.91904452,-0.115972176,-1.067113622,-0.062194604,-0.759073331,-0.553733125,0.760852557,0.020194707,-0.483372597,-0.33785319,-0.741707371,-2.299589584,0.09921165,-1.177655496,-1.914605299,-0.526447005,-1.048394573,0.584280526,0.478467708,0.430092678,-1.182537524,1.032436873,-0.412338677,-0.105360516,-1.894456867,-0.889892258,0.074736346,-0.976837232,-0.971803442,-1.062183932,-1.552585101,-1.438008797,-0.380089802,-0.286083351,-1.049536451,-0.983766897,1.45442019,-1.24098263,-0.857550237,-0.454602833,-0.925331477,0.779600068,0.666649189,-0.540254434,-0.602392817,0.245218106,-1.210997419,-0.057735051,-0.379505006,-0.868930161,0.060342229,-0.292359662,0.121509417,-0.304896053,-0.229287386,-0.157589921,-1.456287733,-0.763140552,0.468314704,0.027517886,0.386214329,-1.16315081,-1.239599982,-0.29021862,-1.521885015,0.251925353,-1.608938037,-0.45413028,-0.843272639,-0.802515718,-0.16629074,0.693047176,1.409180465,0.346988178,-0.624367665,-0.31429987,0.043729763,-0.809905741,0.138456743,-0.794958447,0.11234606,-0.45523325,0.421666487,-0.319379159,0.237283115,-0.841415197,-0.119346758,-0.067422676,-0.109145447,-1.022762976,-0.283955691,-0.422509543,0.393325048,-0.788777412,-0.6806259,-0.581784713,-1.480165577,-0.018062143,0.185400146,-0.381260419,0.573011379,-0.777616337,0.752453286,-1.51367329,-0.719491156,-1.073529508,-0.59402609,0.436511477,1.268242539,-0.746969987,-1.529702944,-0.293297811,-0.392302122,0.149109423,-0.157589921,0.385194371,-0.100041354,-1.639381789,0.458879485,-1.058430499,0.094582642,0.772697459,-0.794958447,-1.184497028,-1.805452796,-2.140466244,-1.286268047,-2.128631786,-0.899433615,-1.248621556,-0.664559724,-0.242071561,-0.189587893,0.122571552,0.180987334,0.121863588,-0.896488105,-0.2125746,-0.257605605,-1.181559209,-0.078177781,1.357200201,-0.674718045,0.23483494,-0.056570351,-1.472724089,-1.816462082,-0.602210186,-1.173120341,-0.223643676,-0.312384685,0.252236226,0.186811462,1.236894876,-0.470163642,0.761319716,-0.16629074,-0.11867093,-0.85660773,1.19728046,-1.072067733,-0.321583624,-0.654503557,-0.752048288,1.257807367,0.615293741,0.104720311,0.853308333,-1.131962268,-0.877310432,0.831342679,1.440308949,-0.479004011,-1.40283033,-1.836338513,-1.296453657,-1.014454981,-2.141316945,-2.051826375,0.316123746,-2.265289308,-0.494624244,-1.887829938,-1.903138057,-1.055552799,-0.541113025,-0.202973345,-1.39513331,-1.48236483,-1.955455562,0.241454871,-0.915541013,0.007372754,-0.037286585,-2.77900929,-0.390231727,1.491689876,0.749054812,1.148608075,-0.68121861,-0.173163619,-0.579818495,-0.621198681,-0.959459227,-1.400393285,-0.068064731,0.013113639,-1.87470639,-2.545931352,-0.106917282,-1.413871129,0.14401376,-0.153384307,-1.35751256,-0.362118304,-1.414282398,-0.700776208,-0.759073331,1.10833157,-0.40947313,-0.011263192,-0.711514838,-0.953733027,-0.737099068,1.582724259,1.303102951,1.210928557,0.302324349,-1.071191693,-1.855338451,-1.015558734,1.303727637,-0.33673227,-0.036767724,-0.350266948,-0.444569828,0.815453305,-1.974001029,1.24392402,1.188422523,0.49512298,-1.226559303,0.726388514,-1.627601883,0.72991296,1.055843957,0.126896933,-0.407968238,-0.357532454,1.4517075,-0.193220738,-0.710903902,0.493292818,-1.202640359,1.242856922,-1.888490658,1.147370706,0.147384987,-1.195013063,-0.13375999,-0.624180976,-1.098412309,-0.649513144,-0.504181081,-0.709276562,-1.46793835,-0.87251311,-1.590616158,-0.316218731,-0.26487742,-0.619525041,-0.653349711,0.752641752,-0.704612659,0.220981215,0.663357852,-0.632428446,0.151776435,0.943866988,0.28299611,-0.460766424,-0.452871231,-0.334913452,-0.05108279,0.151862349,0.655756791,0.156832794,-1.083526651,-0.133188594,0.355714483,1.416217175,-0.194677579,-0.825764705,-0.555474375,-0.690351093,-1.224856015,-0.127606125,-0.875868817,-0.242708707,-1.167962367,-0.665726585,-1.342086106,-0.16546444,-1.417991448,0.222503346,0.03979747,1.0759235,0.040565962,-0.30924625,0.291400152,0.603660014,-0.468884256,-1.041853955,-0.107139876,-0.214555534,-1.981226494,-0.977102871,-0.741497442,-1.680933914,-0.957112726,-0.849333264,-0.25902983,0.043921187,-0.144101344,-1.245837008,-1.317141502,-1.385894441,-1.304161532,0.654614231,-1.16315081,-0.324484379,-0.263444848,-1.207311706,-0.870600606,-0.998857456,-0.180563104,-0.438039954,-0.549046837,-1.001304106,0.482858155,0.508803581,-1.543182117,0.301437038,0.990395847,-0.226022692,0.085259844,-1.491654877,-1.888490658,-1.62964062,-0.526447005,-0.178767879,-1.035919219,-1.907170321,-1.237184939,1.103666163,-1.359457707,-0.374984401,-1.776673832,-1.914605299,-2.756715373,-2.173312757,-1.130102956,-0.737935363,-1.686318957,-1.108965701,-1.714798428,-1.519140274,-2.350725468,-0.333795821,-2.47693848,-1.33408149,-2.217325249,-0.322687682,-1.631172405,1.492701829,0.324471949,-0.079909383,-2.235861461,-1.004302609,-1.777265023,-2.310617265,-1.462311848,-0.261624538,0.982976945,-0.953733027,-1.937247776,-0.265268478,-1.430037284,0.519924107,1.2313934,-2.087473713,0.325988907,-0.619525041,-2.490120217,-0.558791128,1.219472068,-0.878513368,-0.156419919,1.326093087,-2.316684017,0.147730112,-1.603952982,-2.054163734,-0.412338677,0.122040626,1.388816179,-1.961125315,0.680922766,0.059965581,-1.359068375,0.569792402,-1.009228728,-2.970064527,-1.395536942,0.595865058,0.360886065,-2.057288737,0.307999273,-0.009949331,-0.601115095,-0.863224011,-1.168927463,-1.519597208,1.015158213,-0.305710275,-0.762282919,-1.181559209,-2.721135441,-0.145951055,-1.881903019,-2.512072318,-1.392312433,0.100840315,0.218412377,-0.234204499,-0.884549846,0.752547524,-0.615815838,0.058174564,-0.600750331,-2.07784282,-0.146298258,-0.411281993,-1.710363831,1.019713371,-2.140466244,-1.087079053,-0.543865478,-1.96254779,-1.64092858,1.283042731,-0.726290399,-2.125276078,-0.86441011,-2.24620476,-2.35598587,0.020292703,-0.977900214,-1.786771928,-2.077044417,0.011928571,-0.714779481,-1.09422194,-0.102919054,0.117427417,-1.260895952,-2.125276078,0.174289385,0.415151378,-1.855978042,-1.779633289,-0.865835288,-0.111490376,-0.796509694,-1.664422221,0.969717748,-0.429399258,-2.497384171,-0.251028755,0.802046428,-0.332400537,0.338755343,0.408859341,-0.649130295,-0.879476759,-2.183913563,0.141499562,0.735440093,-0.445037883,-0.496101228,-1.290984181,-0.661842331,-0.660099327,-0.396901877,-0.0329365,1.093800732,-0.111602177,-0.306661039,0.454826538,-1.980501594,-1.052110455,-0.578390943,-1.590125601,0.102376067,-0.551994901,0.100478619,-2.599644327,0.767465845,-0.535118316,0.659797201,-0.933436891,-0.463465052,-0.51852183,0.445582855,-1.590616158,0.384377656,-1.934475771,-2.440698395,1.508312859,-0.303405033,-1.64092858,1.404158837,-0.042594398,-0.212079979,0.786956234,0.457298257,-2.496169842,-1.07089985,-0.3878708,-0.360826406,-1.064210862,1.549709139,-0.045415864,-0.27641248,-1.434224895,-2.32585372,-0.317316878,-0.223018559,-0.378336441,-2.667868411,-2.715074816,-0.957894282,-2.004705196,-1.154547921,0.765560861,-1.461880348,-0.535289096,-1.372391456,-1.991430664,-1.198653643,-1.635781888,0.989057805,-0.965218405,-0.392154094,-0.732511904,-0.272727781,1.19546673,-1.023319305,-1.428784413,-1.524178068,-2.351775337,0.666957197,-0.904856354,-0.507996297,0.919924123,0.720616423,0.039124555,-1.984858899,-0.324484379,0.987717971,-0.01349059,0.044782143,-1.569256123,0.339610165,-0.171737763,0.108405874,0.225460864,-0.430321484,-0.100262422,-1.026384655,0.198850859,-0.435254437,-0.905350792,0.8177072,-1.044124103,-2.327902901,0.104720311,-0.13547614,-1.714243027,0.989801383,0.752594639,-0.523235644,-0.237876551,-0.54818141,-0.088066479,-1.731605546,1.02536036,0.120712075,-0.363411872,-1.724848764,-1.746977326,0.874468237,-0.913544506,-0.997771974,0.783764548,0.201715604,-0.210721031,-1.690647968,0.263594277,-0.452871231,-0.18548656,-1.319757837,-1.163470861,-1.428784413,0.123544186,-1.206643033,0.557900031,-0.258252728,-0.421137278,-1.072652187,-0.019692633,-0.278788405,-1.21773372,-0.112497031,-1.148853505,0.504888031,-1.554476354,-1.552585101,0.082777426,-0.482238167,-0.65027928,-0.206778197,-0.754597143,-1.116878097,-1.076752954,-0.378774493,-0.188862905,-2.291645153,-1.484127721,-0.678652734,-0.75587401,-0.279978488,-1.079986825,-1.521427035,0.964509304,-0.698762919,-0.413698913,-0.788337368,-1.016387348,-0.431552443,-1.752154215,-1.202973304,-0.575719764,1.08160176,-0.902141309,-1.097213268,-1.379120157,-0.658939009,-1.455858825,-0.666115842,-0.766793721,-1.062183932,-1.191714907,-1.465770563,-0.611751542,-1.458005209,-1.010326724,-1.208985346,-1.754463684,-0.88140633,-2.569158202,-1.616462527,-1.993630885,-1.587676421,0.60168957,-0.468564665,-1.348998576,0.131729771,-0.762926075,0.264822778,-1.322005871,-1.738977284,-1.265848208,-0.203953857,0.025960102,-0.815088851,-0.835402228,-0.891598119,-0.32489946,-1.16219127,0.234597701,-0.221769496,-0.87803202,-1.8426318,-1.510497965,-2.121097217,-1.118100965,0.190950883,-0.831030888,0.239961336,-1.855978042,0.768486537,-2.292634762,-1.060161102,-1.167962367,-0.50385001,-1.202307525,-1.670781543,-0.44036716,-0.116758561,-0.407667532,0.033047854,0.498773285,-0.163931692,-1.245489485,-0.035627178,-2.18213894,-0.428477882,-1.296453657,-1.359457707,-1.84136997,-0.888432404,-1.010326724,0.597241824,-0.880682304,-1.153596597,-0.771973961,-0.720312849,0.170248976,0.038066201,-0.724018844,-1.548342813,-0.599474705,-0.112161367,-0.552863635,0.142540687,-1.201309687,-0.380674939,-1.18678798,-1.214359897,-0.105582763,0.678845396,-0.796066235,-0.977634362,-0.204935332,-0.360252765,-1.572142128,0.072134598,-0.7271177,-1.175385347,-1.614953093,-0.258511695,-1.627092848,-1.722606611,-0.71355399,-1.941420244,-1.26940061,-0.480458087,-0.759286983,0.597131752,-0.302457358,-1.003756758,-0.386250889,0.567810689,0.427552705,-2.037148629,-0.282362911,-1.393923388,0.125310191,-1.123314901,-1.545524587,1.28881934,-0.952954716,-1.077927697,-0.029428811,-1.331048887,-1.642477767,-0.427404016,-1.914605299,-0.926846246,-0.581605806,0.325627935,-1.163470861,-1.969690678,-0.832639159,-0.21716148,-3.216378945,-1.983404353,-0.388755495,0.07612736,-0.310882466,-1.987774353,0.487352268,-2.152442435,-1.625059293,0.786819656,-0.656815251,-0.739819589,-0.206901176,0.223863292,-0.688159639,-1.022484928,-0.162754251,-0.142831649,0.171260609,-1.601469743,0.361234533,-1.501032039,-0.236482116,-0.416121688,-0.573410499,-1.658103084,-0.540082805,-1.301953213,-3.121295497,-0.738353773,-0.674914412,-0.283955691,0.169742775,-0.441921645,-1.090049058,-0.884307686,-0.946234608,0.89861544,0.448652303,-1.956869989,-1.654958428,-2.092324168,-0.481428647,-0.590590592,-0.600203435,-0.874669057,0.499137584,-1.909867558,-1.14790758,-0.56457808,0.165683916,1.373664945,-0.484345991,0.96911086,-1.37634403,-2.488914671,-0.199671195,-1.493434237,-0.366148246,-0.099047154,-0.613227557,-1.108662625,-1.427950036,-0.262924421,-1.646620704,-1.616462527,-2.12611395,-1.905824426,-2.849037894,0.194250128,-1.245489485,-1.926205566,-0.139491979,-0.078285918,-2.101278236,-1.348998576,-0.652005237,0.788866368,1.086168518,0.199424465,-0.63412384,-0.73168013,-0.129425547,-2.970064527,-1.00758399,-1.831332244,0.036524775,0.264592549,-0.685575915,-0.146414018,-0.779140894,-2.058854908,-0.965743616,-0.752048288,1.054834541,-1.478848343,0.122394608,0.888796198,0.790772859,-0.280375497,-0.522055106,0.942776857,-0.453185844,-1.063341675,-0.566162169,-0.885519073,-0.281832548,-2.299589584,0.111899092,-1.554003206,0.667880653,-0.394821948,-2.826833737,-0.995604539,-0.073323664,1.087854632,-1.101717104,-0.611751542,-0.884065585,-0.58554917,-1.250016743,-0.058901108,-1.601965898,-0.417335281,-1.070024832,-0.356674944,-0.807436327,0.344511265,-2.375155786,-0.193463397,1.487405862,-0.49511633,-1.812166279,-0.226649691,-1.139746832,-1.963972292,-0.501535577,-1.466203744,-0.902387827,-1.227924025,-1.329914028,-0.241307522,-1.504627548,-2.962297497,-0.710089901,-0.428938464,-1.352472813,"NB"
"45",0.216884001,-2.058071516,1.061256502,-2.121097217,-0.721340915,0.335972112,1.081228733,-0.163460549,0.828857448,0.386554083,1.300191662,-0.171856507,1.466652404,0.044686518,0.551756412,-0.034384427,0.405465108,0.868276267,-0.924827063,0.479396874,0.626205775,1.463093352,-0.845133538,1.327075002,1.452409763,1.31138222,-0.721958262,0.741127493,-1.822631133,-0.305303081,-0.710293339,-0.624180976,-2.456902453,1.181573809,0.234755867,0.160501897,0.071669287,0.724209706,-0.552342304,-0.826678573,-0.897959775,1.164462449,-1.541312083,0.16847615,0.079365555,1.311813242,1.088696624,0.499319684,1.296479057,-1.621004549,1.208930495,-0.760142049,0.028198654,-1.10262031,1.471485332,0.032563991,1.427100356,-1.989966535,1.12073249,1.30689936,1.37401933,1.274300784,-0.902634405,0.223223548,-0.103695236,-0.205549243,-2.23305903,-1.717580071,-0.609357655,-1.7567785,-0.519698202,0.532097759,-1.254915283,-1.893127964,-1.434644622,1.015411823,1.377808458,-1.157089218,-1.260895952,-0.154200681,-1.090346544,-1.202973304,1.379596984,0.547832349,0.910876099,-2.118598257,-0.111378588,-0.719080563,-1.528318861,-1.589145209,-0.839098236,-0.29410264,-1.128247094,1.272173362,-1.604450371,-0.937514368,-0.758219177,-0.33785319,-0.047510983,-1.631172405,-0.881889305,0.013705647,-0.888432404,0.435735631,-1.033948775,-1.652345413,-2.200931439,-2.011409131,-0.982964865,-1.705948813,-1.88981341,-0.492167442,-1.15518264,0.056380333,-2.24620476,-1.171828351,-1.911895271,-0.262534279,-1.812166279,0.730346622,-0.023166278,-0.917291232,-1.603952982,1.370622192,-0.817350784,-0.557917231,0.677576586,-0.903621329,-1.937941979,0.516111628,-0.040093094,-1.741256487,0.851218735,-0.759073331,-1.000759889,-0.586807145,-0.274436846,-0.225521376,-0.844667988,-0.466649261,0.508502928,-0.686767574,-1.015558734,1.236488396,-1.693363147,1.033575866,-1.731605546,1.429521461,-0.012173801,-1.522801606,-0.537169599,0.299956433,1.256982625,-1.693907069,-1.122085645,-0.671972945,-2.257611727,0.075014704,0.747777401,-0.999672341,0.911720303,-0.573765424,-1.033105487,-0.625488532,0.48722941,0.415943352,-0.850737101,-1.343618087,-2.000260744,-0.229287386,0.424940885,-1.493879572,-1.25351325,-1.910543005,-0.34052042,0.735248357,-0.610461814,0.875552067,-0.176140698,1.076059884,-0.875868817,-0.903374507,-0.179724931,-1.513219055,1.238461184,-0.730641385,1.046932955,-0.688159639,0.172355393,-1.647659125,-1.631683521,-0.204812595,-0.19735398,-0.175306222,-1.78557861,-0.609173747,-1.89645354,-1.49209942,-1.561600583,-0.098384902,0.686625964,1.34926724,-1.757358043,-1.263722809,0.947866915,0.418052224,0.397029629,-0.984301943,-0.282495546,-0.752260445,0.254254546,-0.47997316,-0.798507696,1.375258692,1.071446621,-1.745257636,-1.843263312,0.942465173,-1.802416049,-1.682008605,-1.132893223,-0.831030888,-0.509659637,-1.563508981,-1.294262276,-0.573765424,-0.339115728,-0.133074354,-1.360236827,-2.135377174,-1.874054712,0.089109175,-1.528780009,-1.464904762,-1.895121982,-0.723194102,-1.607939036,-0.659132302,0.187474922,-0.823939471,1.059698195,-1.431291727,-0.902634405,-0.554777511,0.016857117,-1.000759889,-0.107473858,0.448843831,-0.292359662,0.503619724,1.498193454,1.054416554,-0.319516796,0.947052694,0.384854154,-0.283424482,-1.564942673,-2.362335097,-1.687940141,0.01960653,0.443980444,-0.592216462,-1.365707728,-2.005447862,-0.644928608,1.287247208,-0.848398466,-1.275468806,-1.240636789,-0.918793862,0.036621184,1.373766211,0.090663035,-0.761211912,-1.474470052,-0.599292605,-0.803185286,0.520340216,-0.732303896,-0.276017041,-0.68319685,-1.745830537,-0.568984538,-1.64454709,1.180038654,-0.775008207,1.240950619,-1.425451076,-1.760842367,-1.77136878,-0.029943876,1.456566414,-0.477068527,1.245824668,-0.48694635,0.5525624,1.158420891,1.109947798,-1.654958428,-1.881903019,0.998718286,1.437628905,-1.65286747,0.153922082,-0.446755963,-0.358963275,-1.766091723,1.10426296,-0.231553819,-1.820158944,-1.916642651,-1.859182146,-0.618782099,-0.996687669,-1.342851803,-0.020304753,0.766118793,0.562411875,-1.382700826,-0.405865188,-1.140685065,-1.248273063,-1.522801606,-1.930332119,-2.077044417,-0.974714652,-0.398986142,-1.181885208,1.102803493,1.271360388,1.005985173,-0.510992304,-1.541312083,0.799667024,-0.434018916,0.712606612,-0.299080117,-0.204689873,-0.503519049,-0.902881045,-0.480781502,1.250789594,-0.035834453,-1.627601883,0.642537863,0.581824482,1.312271001,-1.222476276,-0.073216062,-0.028296599,-0.248076818,-2.458069996,1.035920949,-1.696631124,1.189914447,0.330454164,-1.523260216,-0.961811247,-1.9618363,1.340538339,0.813504677,-1.589145209,-1.375948069,1.525142843,-1.225536982,-0.606602579,-1.260190484,-1.015558734,-1.471416615,0.020194707,-1.240291067,-0.894040123,-0.222893583,0.064850972,-1.24098263,-1.501480771,-1.013627965,-0.606052474,-0.815314815,-1.467504417,-2.149864006,-1.793360751,0.033821549,0.518079253,-1.268689119,-1.069733329,-0.773489933,-0.814185509,0.064100925,-1.706499625,-0.142485648,-0.729188952,-0.288482393,-0.392746336,-2.057288737,-0.830801346,-0.168655366,-1.627601883,-1.527397202,-0.544727175,-0.800955133,0.408593543,-0.393338928,-0.918292735,-0.790098707,0.485076954,-1.07382212,-1.356347285,-0.629796865,-1.283376827,-1.677181565,-1.768433644,-1.134135845,-0.571460662,-0.831030888,-0.252958636,-1.796370082,-1.412227743,0.140718007,0.937308307,0.013311014,0.816116743,1.047529498,0.266049772,0.106429944,0.132693542,-1.630150954,-1.7837913,-1.07031642,-0.356389271,0.201470376,-0.245133569,-2.010662026,1.027080483,-0.876829663,-0.932166081,-0.239399974,-1.414282398,0.228568808,-0.665921194,-0.624927942,-1.369240607,-1.983404354,-0.210967975,0.058174564,0.161438346,-0.965218406,0.812440187,-0.869884359,0.390148404,0.360886065,-1.6533898,-0.233320158,-0.370918764,0.636153459,-1.188099455,-1.065661189,1.432175536,0.885707805,0.84303163,-0.056358734,1.386569323,-1.07031642,0.104990447,0.013607003,-0.899433615,-1.344384958,1.190157815,0.745881936,1.085290615,-0.191281578,-1.513219055,0.030529205,-0.554603371,0.511625304,1.01577401,-1.479287228,-0.123637641,-0.082403826,-0.353821875,1.01938869,0.644272013,-1.011425927,-1.195343478,-0.083490311,-0.331842968,-0.392006088,0.574194711,-0.169721275,-0.795179906,0.484707496,-0.587526699,-1.301585633,-1.505979204,-0.839561199,-1.063052113,-0.567043304,-1.577454867,0.105440513,-0.290619716,-0.640934309,-1.435904862,-0.423883694,-1.158043872,-0.563699113,-1.428784413,0.803301189,-1.281934346,1.315308433,-0.112049504,-0.938025224,-0.988323935,-0.413094135,-0.266051052,0.300474894,-0.136048845,-0.267095439,0.734672927,-0.291422392,0.470815799,-1.351699716,-0.65027928,-0.708870141,-1.412638337,-1.17409043,-1.52924137,-0.139606954,0.772651282,-1.695540612,0.067097744,-1.919365594,-0.246412178,-1.747551215,-0.53034829,-1.794563397,0.045164552,-0.019896632,1.369199066,0.617291528,1.280656029,1.425515074,-1.611941043,-1.640412717,-1.399582255,0.198686911,0.456601724,0.847283575,-1.304898723,0.038258712,-1.231686643,0.795613512,0.398507628,-1.555423324,-1.250365844,-0.516340805,-1.781413177,-1.709258248,-1.047824122,-1.624044065,-1.926205566,-1.158043872,-0.40947313,0.793083009,-0.310882466,-2.144727008,-1.623536837,-0.644357016,-0.34460522,-1.074114817,0.257351723,0.843203777,1.385469021,0.625189487,0.052117954,0.280506389,-1.285544458,-0.186209104,0.355994713,-1.597015392,-1.013077001,0.222663436,-0.811930717,-0.240925721,0.950962653,-1.07557959,-0.364131245,-1.691733155,1.088023087,-0.780667778,-0.079259681,-1.381904013,-1.47797115,-0.45444529,-0.958415658,-0.001701447,0.717059001,0.565541056,-1.391507928,0.075849312,-1.924148657,-0.7271177,-0.142485648,-2.052604888,1.083397123,-0.734594371,1.151615787,-1.830084584,-1.897786874,-0.604587004,-1.009777575,-0.683989243,-0.129425547,-1.745830537,0.469503504,-0.075693844,-1.451579828,0.587786665,-1.145075163,0.928653991,0.23079421,-0.742547531,-0.085557888,-0.462829426,-0.867500568,1.278486409,-1.487662856,-1.319383656,-0.986981473,-1.905824426,-1.263722809,1.130175553,-0.958415658,-1.629130546,0.847112129,-1.618983325,-0.709886505,-0.418094525,0.364087404,0.136626598,0.030626194,-0.780886095,-1.438851612,-0.318828801,0.820484429,0.46806425,-1.239254619,1.184178177,-0.906587956,1.182708309,-0.354249317,0.076775839,-0.984837274,-0.641503947,-0.766578459,-0.607887337,-1.25211318,0.041525747,-0.232310439,-1.430037284,-0.387281438,-1.146018411,-0.163107338,-1.229290612,-0.747603366,-2.233992302,-1.840739651,-0.630548039,-1.400799047,1.101408376,-0.537854296,-1.667067025,-2.177716111,-0.718054816,-0.359966068,-1.698815724,-1.783196239,-0.895508193,-0.832409248,0.342170258,-1.31378767,-0.743388397,0.038162461,-0.653926467,-0.46904409,-0.945719543,-0.790539527,-1.717580071,-1.965398826,0.729141541,-1.257022025,-1.097213268,-0.609541597,-0.975244875,-1.15327969,-0.823483682,-0.885034342,-1.098112414,-1.389900857,-0.948813924,-1.567336736,-0.728359936,0.197784717,-0.303811454,-1.083822203,-1.386694441,-1.291347884,-1.994365369,-1.263015345,-1.199316993,-1.417991448,-1.556845462,-0.466808738,-1.696085719,-1.726533684,-0.505672259,-0.693547261,-1.366491734,-0.032110054,-0.593301846,0.543602543,-1.034511363,0.953509442,-1.415105443,0.51294338,0.30652836,-2.146436411,0.510665611,-0.658359355,-2.105374924,-1.757937921,-0.780667778,-1.6321949,-1.115046595,-0.400776119,1.063054193,-0.081318521,-1.475781528,-1.017769901,-0.113392687,-0.745493661,0.1889661,1.125156844,-0.415515444,-0.524248644,-0.604587004,-0.546107438,-1.137249172,-0.342067863,-0.643405089,0.039220713,0.002696362,0.186313578,-1.346689107,-0.140066989,-1.450299691,0.616698008,-0.926846246,-0.517346841,-1.502828177,0.325050109,0.07399368,-0.624554389,-1.62455155,-0.788337368,-0.989937272,-1.320506621,-2.266253164,-1.420057991,-1.146018411,0.630154131,0.147816375,-0.446912298,-1.561600583,-0.690949597,-0.296790092,0.117071672,-1.172797187,-1.412227743,-1.913927103,-1.539445541,0.585673322,-1.517770724,-1.812166279,-0.439901285,-1.21773372,-1.776673832,-0.825993094,0.465932855,-0.411583789,-1.295357366,-0.995333939,-1.603455841,-1.038458366,-0.993711879,-0.392302122,-0.185847767,0.17454137,-0.647027245,-1.41551722,-0.34418188,1.365249463,-0.133188594,-0.645500527,-0.806315879,-1.307113563,-0.345735004,-0.258900271,-1.199648833,-1.022206958,-1.452861605,0.921397669,-0.761854379,-0.550779939,-1.597015392,-1.97256218,-0.443790222,-0.314710745,0.320197664,-2.344449297,-0.291020974,-0.079367935,0.996247282,0.452475912,-2.380546635,-0.369470748,-0.118558336,-1.169249368,-0.545417069,-1.327271021,-0.145372653,0.622349109,0.172523714,-1.780819529,-0.519361955,-0.086211697,-1.008954417,-1.909867558,0.573744083,0.082961521,-0.778051688,-0.013591954,-1.572623939,0.537487029,-0.866073016,-0.766578459,-1.996572064,-0.34658318,-2.628315233,-1.041853955,-1.664950622,0.165599181,0.194414805,-1.053830146,0.60141559,1.297736334,-0.403467105,0.092032085,-0.972067747,1.394956734,0.17487725,-0.628483667,-0.100594115,-0.124883182,0.120446153,-0.378336441,0.474742384,-0.424800844,-0.908818717,0.379189577,-0.003706862,-0.496101228,0.706458195,0.786455358,-0.820298966,0.820440406,-0.853550702,0.875968612,-1.677716753,-0.815314815,-1.497449411,0.291175962,-0.059113265,-0.201015199,0.446159094,-0.567395975,1.338101519,-1.876663976,-1.928266714,0.117783036,-0.21915153,-0.162401289,0.212365678,-0.996958635,0.261825658,-0.595657559,0.573687741,0.228330078,-0.724431471,0.19909673,-0.975510092,1.38216083,-1.221118963,0.473372947,-1.266202881,-1.45328923,-0.084904507,-0.357103607,-0.687761708,0.878090298,-0.537511889,0.319253411,1.103699328,-0.865597618,-0.694347901,0.140283545,-0.418094525,-1.458435039,-0.939559359,-1.696085719,-1.774902352,-1.718694898,1.274552416,-0.624554389,0.639746404,1.008869913,0.141846724,-0.647218249,-2.083449563,0.383764681,0.455904705,-0.687363936,-0.873949891,-0.693347201,-0.617483277,-0.365715689,-0.963120319,0.983238848,-1.423788566,-0.489064132,-1.091537375,-0.210103938,-0.66087362,0.599385801,-1.25456459,0.429897524,-1.387495082,-1.019985968,0.087461276,0.80830455,0.096763668,0.627060795,0.210179885,-0.913544506,-1.0336676,0.376722639,0.380625818,0.755558441,-0.785701162,-0.406015259,-1.221797389,0.285855405,-0.502361545,0.701264149,-0.195406796,-1.572142128,0.270790205,-1.11108981,-0.642644198,-0.351687402,-1.008406021,0.59360305,-0.358676947,-1.627092848,0.067658649,0.361443556,0.673913391,0.142540687,0.142627398,-0.664171072,0.285254127,-0.769812266,0.648620415,0.630473586,0.779600068,-1.175709339,-0.749929195,0.01212618,-0.800732391,-1.272251645,-1.705398304,1.065503526,0.750661087,-0.150706617,0.045355702,0.070458464,1.231276639,-0.465215113,0.307852279,-1.085893516,-0.429399258,-0.209487225,0.026934001,-1.67932404,-0.960242619,-0.268664067,-0.36686959,0.197784717,-1.152646177,-0.183802653,0.280355297,-0.560366069,-0.503188197,0.359281544,-0.320343015,0.472874504,-1.173120341,0.882030495,-0.184043038,-0.169958298,0.191611604,0.270027137,0.016857117,0.300400845,0.0009995,0.301806847,-0.695149183,-0.787677664,0.140370453,0.183820433,-1.910543005,-1.402423743,0.992140044,0.05230778,-0.135819723,-0.534094251,-1.061027528,-0.545072063,-0.461083532,0.421928834,0.242240047,-0.353537015,1.027939435,-1.227924025,0.983089197,-0.009040745,0.346705413,-1.172797187,0.304907853,-1.711470638,0.792720986,-1.112914073,0.642590457,0.570583988,-0.788337368,-0.374257181,-1.510497965,0.593934396,-1.050393716,-0.003907625,-0.842343487,0.067938983,0.930390856,-1.615959129,0.042388767,1.352220381,1.282931848,0.454064778,-0.375129908,0.126368299,0.17454137,0.6019087,1.327525828,-0.067101804,-0.145372653,0.802539557,1.231743601,-0.129880921,-0.819164021,-0.055195636,-0.865360003,-1.721487416,-0.542488304,-0.646836278,0.521824909,-0.829654425,-0.891110433,0.297062934,0.848226001,-0.488901066,0.545053122,-0.692747261,-1.663366255,0.811596661,-0.054561788,-1.355183366,0.191281298,-0.141563564,-1.238219243,0.01093994,0.045355702,-0.075046874,0.053540767,-0.186209104,-0.338694705,-1.223155624,-0.639416858,-0.355104749,-1.528780009,1.087011931,-0.44519395,0.231191083,-0.661067287,-1.739546598,1.133593258,-1.015006705,0.06400713,-0.317728994,0.140718007,-0.55739326,-2.562651998,0.039316862,0.342312293,-0.067422676,-0.888189302,0.518257936,-0.839792761,-0.405565113,-0.306117635,-0.084469157,0.268805017,0.449673363,-1.494770838,-1.357901287,-0.125449851,-1.16443163,-0.13250335,-1.091537375,-0.897468978,-0.313341819,-1.468372472,0.590837562,0.350516017,-0.65027928,0.264669298,-0.792746546,0.06137728,-0.715188311,-0.365283319,-1.597509342,1.289094898,0.335328726,0.287432041,-1.941420244,0.114845392,-1.204639693,-0.54818141,-0.422509543,-1.22758267,-0.546452801,-0.957633695,-0.489227224,0.559615788,0.37328621,0.384718035,-1.396344697,0.975804148,1.310762299,0.84061846,1.277901475,-1.780226233,-0.183682482,0.433339645,-1.975441952,-0.373966441,-1.046399417,-1.11871296,0.069339478,-0.944175935,-0.58554917,-0.157941188,-0.017044435,1.090748114,0.376791248,0.511025604,1.30689936,-1.090346544,0.9585453,0.248031267,-0.562294372,0.15315018,0.56485916,-1.465337569,0.466622921,-0.877070019,-1.725410089,-1.814005078,0.427878703,-1.33408149,-0.051819749,-1.497449411,-1.703199292,-0.432322562,0.62486834,0.107687805,-1.308592854,-1.427533109,0.233173087,-0.788997506,-0.612304793,-1.130722343,0.025277807,-1.447319063,-0.405565113,-1.47185225,-0.67648674,-0.32628431,0.264592549,-0.957633695,0.301806847,-0.603306477,-1.263015345,-0.537340729,1.239214458,0.589341012,-0.779794987,-1.709810887,-1.685239626,-0.663200104,0.584837877,-0.511159013,-0.991822795,-1.174414002,-0.240035419,-1.766676689,-1.495216768,-1.770781063,-1.570217199,-1.254915283,0.27086648,-0.852846559,-0.464260155,0.538596421,1.331045887,-1.734434403,-0.6923475,-1.33142746,0.433534128,-0.526277728,-1.176357637,-0.437265421,-1.148222789,0.201470376,-0.877791433,-0.704005924,-0.555300114,-0.944947441,0.158711691,0.24137632,-1.0820502,-0.459182391,-0.138457793,-1.013352445,-2.018911042,-0.208870892,-1.183516796,-0.731888009,-0.667869373,-0.246028424,-0.579818495,0.265973129,0.80087988,0.686072212,-0.823939471,-1.852146619,-0.033660202,-0.391414285,0.421469682,-1.784386715,-0.077853439,0.141933496,-2.1086644,0.223063548,-1.103825856,0.323459364,-1.417166025,-0.343758719,-0.495608658,-0.315395911,-0.160873226,-0.150241663,-0.045834536,-0.037390389,-0.536827426,-1.438430116,-0.796953349,-0.443011224,-1.812778837,-1.932401799,-1.5711792,1.073123526,-0.834019739,-0.055724149,-1.612944052,0.758185577,0.985555566,-0.545417069,-0.430321484,-1.749850066,0.91095653,0.9805042,0.608950022,-0.612673796,0.096582098,-0.702591639,-1.619993426,-0.091457611,-0.365571544,0.048980622,-1.220102186,-0.453028525,-0.337432698,-0.40661577,-0.265529268,-0.226022692,-0.58842687,-0.77479117,-1.042137442,-0.579282924,-0.774574179,-1.011151013,-0.935728426,-1.630661549,-0.656815251,-0.318553736,0.22777282,0.617453336,0.785361665,-0.574120474,1.171738827,0.455714525,-1.273680217,0.345148772,-1.128865332,-1.519140275,0.767929925,-0.662424008,-1.301218189,0.145571123,0.206200831,-1.493434237,-0.022552405,-0.59293992,-0.527802248,-0.269711187,-0.929375971,-0.707043286,-0.294773826,0.524195843,-1.654435278,-0.311428466,0.093490343,1.280072363,-0.977900214,-0.684980618,-0.408870901,-0.178648311,-0.823255866,-0.041342964,0.091119593,-0.381553288,1.232006172,1.296287593,-1.41551722,0.142714102,-0.129994797,-0.817803785,0.260362262,-1.112305616,0.137585663,-0.540426094,-0.795401415,-0.676880208,0.576220029,-0.253216236,0.053825087,-0.238003414,-1.320132159,-0.794515675,-1.040437725,-1.160913315,0.334255496,-0.09036244,-1.155817762,0.550027106,0.514618422,0.31918074,0.966299201,-0.816445397,0.146694379,-1.021651248,-1.467070671,-0.240544066,0.103458708,-0.748871329,-0.073431278,-0.999944117,-0.573942933,-0.906587956,-0.363124268,-1.483245887,-1.123622452,1.326305475,-0.470643834,-0.379066634,-0.391266389,-1.245489485,0.27269533,0.671463786,0.043729763,-1.105032857,0.211556682,-0.851205485,-1.180907531,-0.09629066,-0.294908118,0.821804213,0.010148331,-1.298649851,-0.868215109,0.4650539,0.237204235,-0.293700145,-0.880441079,-0.255279421,0.584280526,0.436446846,-0.901155844,-1.166034965,-0.090690865,-1.013352445,-0.018775155,-1.512765025,-0.830801346,-0.525770071,-0.521549587,-0.289951312,0.362488015,0.641064101,0.058363243,-0.355247392,-0.235216133,0.699079549,-1.056990614,-0.249744233,-0.487109097,-0.584292776,-1.1141321,-0.327948666,0.367417041,-0.356817811,-0.066781034,0.508803581,0.232301489,-0.79939698,-0.678849876,-0.355532739,-0.047615854,0.328584064,-0.125223145,-0.720312849,-0.329754849,-1.225196441,-0.484670666,-0.757152511,-0.435872771,-0.033453376,-0.375566558,0.933226509,-1.440961763,-0.558441478,-0.762497259,-1.006762635,0.603386573,1.147084942,0.189958984,-0.474011651,-0.822572728,0.478343754,-0.381260419,-0.939303506,-0.478519789,-0.203463481,-1.56589961,-0.091457611,-1.05641524,-0.258770729,0.278540415,-0.466330384,-1.080281332,-1.602958946,-1.720928289,-1.591106956,-1.470110847,-0.557218663,-1.946310229,-1.583282955,-0.212079979,-0.771324962,-0.023985363,-0.080342753,0.172271221,-1.06363132,0.234123055,-0.7271177,-1.449447176,-0.823255866,-1.060738636,0.206038083,-0.230545881,0.260439336,-0.365283319,-0.889648801,-0.67648674,-1.527397202,0.305865743,-0.24028971,0.276722232,-0.349841204,0.725081799,-0.115859886,-0.613966383,-0.215175382,0.406131553,-1.551169004,0.156148683,-1.101416216,0.208638865,0.56713034,-0.699769057,1.409595763,0.819471414,0.813149973,0.828988404,-1.002393431,-1.422958346,0.107148916,1.087315385,-0.296117551,0.550200171,0.589729221,-1.318261951,-0.358390701,-1.818925137,-0.895508193,0.503921847,-1.451579828,-1.622016695,-1.320881223,-0.732719956,-1.756199294,-0.700171796,0.037969931,-1.341320996,-2.002480501,-1.46967597,-1.163791015,-1.396344697,0.67523776,0.122660013,-1.976163192,-0.150357882,1.376244025,1.050436936,1.058206874,-0.095520202,-0.777616337,-0.445350042,0.251225535,0.038836024,-0.006319929,-0.506999619,0.544008918,-1.276185138,-1.430037284,-0.663394222,-1.834458224,-0.36672528,0.606444847,-1.669718843,0.814213709,-0.766148073,-0.691548459,-1.567816238,1.509286031,0.498651823,-0.335472736,-0.252443637,-1.1248536,-0.95581149,0.7856352,1.396912786,0.375418187,0.175548673,-1.369240607,-1.138809478,-0.107139876,1.461471405,0.632706917,-0.177692288,-0.567572358,-0.169010543,0.298918704,-1.676646662,1.188270161,1.389763337,-0.639416858,-0.856372242,-0.399731576,-1.510045169,-0.150125459,1.317721045,-0.017654935,0.524550998,-0.029428811,-0.239908298,0.95996306,-0.197597644,0.247797139,-0.044788183,0.823780628,-1.226559303,1.363844232,0.098486947,-0.271546291,-1.100814712,-0.184403723,-1.292804018,-0.317454231,0.265052954,-1.07382212,-0.897714346,-0.511826124,0.142367241,0.882982108,-1.625567294,-0.479004011,-0.699165253,0.993288809,0.617992507,0.296617037,0.72411276,-0.255795884,0.851261424,0.029850022,-1.055840197,-0.214431611,-0.450671701,0.049171044,0.441282601,-0.870839469,0.210017784,-0.285417971,-0.495280412,-0.394376811,-0.256829609,1.285230159,-0.472406514,-0.374257181,-0.253473901,-1.116267224,-0.698762919,-0.604220971,-0.990744918,-0.533753128,-0.572878348,0.271705118,-0.285151943,0.322518187,-0.955291469,0.130414039,-0.840951375,0.123455804,0.925250473,-0.817577259,0.23948923,0.718668718,-0.308020843,0.201879056,-0.656044093,0.113060792,0.125751205,0.181571275,-1.10473097,-1.248621556,-1.440539376,-1.216045386,-0.051503843,0.542033551,-0.406015259,-0.633181599,-0.771541248,-0.821662603,-0.913046002,0.069152859,0.080473384,-0.721958262,-0.512827626,-1.509140191,-0.42159449,-0.480781502,-0.221395081,-0.902387827,-0.365715689,0.153664848,0.548121409,0.524018218,-0.527971783,0.503377959,-0.265268478,-0.346159002,-1.023319305,0.465430689,-0.76593295,1.08170347,-1.347843175,0.138456743,0.244435265,-1.741256487,0.631537699,0.628875291,-1.542246663,0.091667189,-0.735428573,-0.289550484,-1.435904862,-1.554949727,-1.106241316,-0.001300846,-1.325763861,-2.115275995,-0.947781399,-1.810330855,-1.533403226,-1.025268894,-1.426283369,-1.384296359,-1.599487582,0.65023968,0.089932108,-1.479726306,-1.276901984,0.894862785,-1.852146619,1.086202269,-1.7567785,-1.768433644,-1.689022392,-0.547143886,1.199663533,-0.022961612,-1.364924335,-0.407667532,-1.237529588,-1.24897017,1.355989781,-1.704848097,0.122571552,-1.028060633,-2.008424054,-0.13995196,0.846125745,-0.878513368,-0.875388741,0.801014551,-1.942814944,0.557728294,-1.344768614,0.246547529,-0.538368127,0.4167347,0.965956703,-0.406165353,0.621221441,-0.068707198,-1.069733329,0.285930539,-1.213013549,-1.148853505,-0.944175935,-0.665726585,0.077701508,-1.527857925,0.194167779,0.241454871,-0.89037935,0.010247317,-1.213349966,-1.64506509,-0.665726585,-0.564402225,0.091302158,-1.042421009,-1.985586966,-1.604450371,-0.329059777,-0.873231242,-1.238219243,-0.291154762,-1.233401615,-0.085666827,-0.014910613,0.900527137,-0.032419891,0.534913175,-0.329337748,-0.973125669,-0.950882177,-0.320205264,-1.466637114,1.199814169,-1.880590683,0.433015422,-0.697155202,-1.367668897,-0.438504962,1.102803493,-0.032833157,-0.729811165,-0.070100628,-1.497002483,1.359103004,-1.434644622,-0.589327852,-0.149312403,-1.666008264,0.510365518,0.493537034,-0.879958803,-0.474815186,-0.085231144,-1.631172405,-1.342468882,-0.048245313,0.930193637,-1.456287733,-1.798180037,0.327431492,-1.16315081,-0.02081514,-1.082345316,-0.172925835,0.192436891,-0.436491487,-0.326977455,0.360537475,-1.441384327,0.377682727,-0.385221402,0.056758334,-0.621012583,-1.838851077,0.769459863,1.26118455,-0.395267283,0.050312814,-0.982964865,-0.069671673,-0.232688964,-0.685179011,-0.647218249,1.04281765,-0.550433078,0.055056206,0.512224645,-1.09422194,-0.207270202,0.005385472,-0.173639356,0.090389,-0.524079739,-1.136314156,0.05619128,0.65300204,-1.198653643,0.063538021,0.505732677,-0.68458395,-0.1537341,-0.235469201,0.117071672,0.05107327,-1.227241431,-1.714243027,1.2856726,0.551353175,-1.160594081,1.462305878,-0.076881044,-0.205303633,-0.080342753,1.000006685,-1.77608299,-0.897714346,-0.399731576,-1.137249172,-1.614450454,1.007921423,0.066442957,-1.098412309,-1.455858825,-0.746337009,-0.053506268,-0.109703265,-0.676093426,-1.598497972,-1.796370082,-0.33673227,-0.748025842,-0.921554562,0.298547826,-0.31443681,-0.163225061,-1.622016695,-0.906092907,-1.536187451,-1.673976434,1.310276875,-0.466011608,-0.451770861,-0.289016296,-1.550697417,1.277511329,-0.835632829,-1.532476871,-0.362693016,-1.899790213,1.145050483,-0.612120342,-0.275490032,0.58137728,-0.17387731,-0.308973808,-1.806670082,0.881657878,0.495549536,-0.590229647,0.709463345,-0.899925378,0.196060083,-0.095410185,-1.105032857,-0.202850848,-0.014098924,0.145138766,-0.523910863,0.816514595,-0.880923588,0.183487543,0.841222299,-0.419462618,-0.239145909,0.361443556,0.343660624,-0.894773888,1.236285094,-0.430321484,-0.054033889,-0.034902052,-1.408949052,-0.515000995,-1.677716753,-1.314531995,0.380830827,-1.099312534,-0.785481792,-1.26940061,1.518046046,1.351780553,-0.372368881,0.68994205,0.411248353,-0.614336,-1.232715273,-1.443076375,-1.408131056,-0.073431278,-0.016535969,-1.796370082,-0.394525168,-0.459024125,-1.551169004,-0.811480368,-0.381699755,-1.345536369,-1.433805344,-1.559695821,-0.719491156,-0.574475651,-0.730433765,-0.452556716,-0.366292473,-0.266312047,-1.510045169,0.052971885,-1.015282681,-0.681021001,0.3683861,-1.424619475,-0.474172306,-0.595476153,-1.697176827,-0.133188594,-1.749850066,-1.00103196,-0.77283995,-0.778051688,-0.923063616,-0.802292628,-1.282294771,0.64505927,-0.764643182,-0.724018844,-1.109875481,-0.448163863,-0.583934096,-0.429706573,-1.380709983,-0.668649709,1.113927739,-1.085301275,-1.443923474,-1.135691297,-0.385368406,-0.879717752,-0.934709317,-1.235463471,-0.543521007,-0.977900214,-0.961026626,-1.086189769,-0.834250022,-0.633746837,-0.038636884,-1.448595387,-1.290620611,-1.815847265,-1.593072558,-1.490322432,-1.33484108,-0.122054646,-0.435872771,-0.782196997,-0.615445673,-0.316355933,-0.964168812,-1.416753569,-0.878754128,-1.326517157,-0.312931507,-0.554603371,-0.35982275,-1.285906187,-0.558965999,-0.441766088,-0.590410103,-0.402270217,-1.570698084,-0.380528623,-1.328025453,-1.801203928,-1.270468796,-1.041003976,-0.018367657,-1.240636789,-0.581248088,-1.673443242,1.450817257,-1.470545914,-1.35208619,-1.458865054,-0.241434821,-0.956331781,-1.368454443,-0.720929562,-0.057099592,-1.307113563,-0.179485582,-0.122054646,-0.397794602,-1.058430499,-0.105138318,-0.584472164,-1.211669011,-0.831949583,-1.37081479,-1.651302117,-0.679244275,-0.722781986,-1.540378377,-0.653157532,-0.248333162,-1.227241431,-0.945977042,-0.434636485,-1.112914073,-0.56106684,-2.060423536,-1.158362293,-1.000487891,-0.885519073,-0.47096409,-1.180581852,0.372046199,-0.549566452,-0.797619202,-0.883581558,0.362418419,-1.244794799,-0.863698282,-0.619710863,-0.779794987,0.370321406,-0.343476711,-1.389098289,-0.121715759,-0.371933625,-0.204444474,-1.357123984,-1.379120157,-0.70623242,-1.423788566,-1.190398684,-1.217058044,-0.486783629,-1.302320927,-0.265529268,-0.348848508,-1.296453657,1.057616668,-0.573410499,-1.532014016,-0.603489309,-1.600973834,-0.088831214,-1.399582255,-1.929643177,1.243549223,0.234676787,-0.182121577,0.289380629,-1.243406874,-0.588787165,-1.23065907,-1.857258452,-0.301240237,0.017643435,1.068359246,-0.702389762,-2.00619108,-0.171856507,-0.501700716,-0.36672528,-0.335752496,0.499076877,0.258510695,-0.004309272,-1.683622811,-0.847931394,-0.430167721,0.725904745,0.469128246,0.042101176,-0.13056437,-0.576787379,-0.452713961,-0.190555362,-1.044124103,-0.316218731,-0.584292776,0.018232768,-0.977368581,-0.469203949,-1.607939036,-0.451456692,-0.708057793,-0.040821995,-1.014179233,0.387369024,-1.559695821,-2.351775337,0.294011996,-1.429201862,-0.738772359,0.399916409,0.260053905,-1.028060633,-0.705827234,-0.861802547,-2.136223556,-0.703601639,-1.259133216,-0.04845522,-0.571992059,0.224422733,-0.95010608,-0.240162557,-0.378920553,-1.021373508,-1.150116132,-0.849800991,-0.168300315,-0.40706639,0.832387248,-0.263574997,0.250213823,-1.444347293,-0.58842687,0.153235976,-0.621384814,-1.187115687,0.086911372,-0.989130278,-1.267978134,-1.188427593,0.146780731,0.236494036,-1.759679576,-0.075585987,-1.690647968,0.6354651,1.02901209,-0.924827063,-1.470545914,0.671361589,-0.777181176,-1.906497147,-1.437166692,-1.831332244,0.454191778,0.870623686,0.46743784,-1.404458332,-1.900458886,-1.894456868,-2.578338595,-0.830113036,-3.167707538,-0.751200112,-0.617668719,-0.821435201,-1.045545568,-1.237184939,-1.822631133,-1.496109227,-1.587676421,0.054772236,-1.696085719,-0.185125484,-1.767847649,1.074251288,-0.576431381,-1.025826619,0.674779523,-1.479726306,-1.345536369,-0.905103543,-0.867500568,0.30269383,-2.006934851,-0.883823542,-2.100460909,-0.433093275,-2.037915795,0.302250437,-1.338266392,0.220981215,0.919206477,-1.083822203,0.41442485,-0.853550702,-0.472085796,-0.058264908,-0.067101804,-1.050679635,-0.273253336,-0.478358434,-0.711922336,-0.574653287,-1.001304106,0.198112882,-0.353679435,0.383628414,-0.558791128,-1.971125398,-0.202850848,-1.381107834,0.118316227,-1.194352561,-1.446044366,-0.447381451,0.204898111,-0.27812786,-0.30652516,-1.253163049,-2.111138628,-0.393487131,-1.296819355,-1.393923388,"NB"
"46",-0.242963679,-1.949817774,0.150744887,-1.918003196,-1.211669011,0.938482659,1.741413095,-0.810580277,0.540403843,-0.083599024,1.97696575,0.022446189,2.092826561,-0.149080223,-0.118896155,-0.461242124,0.008662373,0.883354232,-1.171505614,0.227693186,0.004290781,1.529571856,-0.922811949,1.963272827,2.073536642,1.788988968,-1.246532419,0.31903538,-1.671845373,-0.056147161,-0.790319092,-0.094200795,-2.168928708,0.84771206,0.951503424,0.257892744,0.178982656,-0.692947201,-0.653157532,-1.194682757,-1.53433044,1.012836512,-1.293168383,0.01400152,0.921238472,0.502168257,1.25279154,0.381445602,1.345810851,-1.364141556,1.081296566,-1.318635713,0.357604512,-1.323131786,1.309872175,0.077886539,1.194467774,-2.245260026,1.090109576,1.877065226,1.964156945,2.022513984,-0.62008261,-0.390675023,0.047551302,-1.905152157,-1.698815724,-1.500135178,-0.588967362,-1.606941032,-0.549913012,-0.394821948,-1.35208619,-0.449573748,-1.285544458,0.789093522,1.609657888,-0.707043286,-1.633218441,-0.302051486,-0.780013114,-1.13227249,1.981042847,0.867520568,-0.99398204,-1.789162843,0.126280166,-0.656815251,-1.410587054,-1.317514846,-1.535258514,-1.008131936,-1.271894821,2.007609823,-1.08146023,-0.811030221,-0.671777155,-0.116758561,0.78745686,-1.365707728,-1.137561039,-0.625862434,-0.847464541,-0.183322057,-1.015006705,-1.18678798,0.03469124,-1.954043132,-1.321255965,-1.603952982,-2.116935746,-0.669235361,-1.221458119,-0.586986985,-1.672910335,-1.458435039,-1.786175091,-0.441455046,-1.826972225,0.597626979,-0.424342164,-0.535118316,-1.351313392,0.737451106,-0.948555692,-0.591854929,-1.614450454,-1.0336676,-1.237874356,0.291549584,-0.069564463,-1.551640814,0.872213445,-1.216382824,-0.931912113,-1.241328591,-0.365427421,-0.195285223,-1.026105598,0.143580728,0.392312322,-1.236840408,-0.687363936,1.928240674,-1.167962367,0.467375178,-1.342086106,1.203152468,-0.525600909,-1.323507373,-0.634689611,-0.918292735,0.120889317,-1.295357366,-0.997500787,0.077886539,-2.08505728,0.142887488,1.273181652,-1.454573202,1.257665219,-0.489553488,-1.10835964,-0.853785527,0.177225259,0.014888612,-1.222136775,-1.167962367,-1.255617037,-0.380236054,-0.01501212,-1.475344178,-1.253163049,-1.945610194,-0.648556297,0.798182643,-1.623536837,0.501260019,-0.466649261,1.053824106,-0.284354282,-0.418702335,-0.676093426,-1.713687934,-0.647791479,-0.963644428,2.185331917,-1.398771883,0.146089706,-1.698815724,-1.633730605,-1.28880474,-1.687940141,-0.579282924,-0.880199912,-0.398539148,-1.591106956,-1.34822816,-0.962858368,-1.062473242,-0.600932697,2.198967502,-1.744685062,-0.139032209,1.149368772,-0.305846043,0.375486885,-0.968900682,-1.000487891,-1.242020872,0.061471322,-0.306796936,-1.09631493,1.738622371,1.20306239,-1.125777957,-1.621004549,0.733377,-1.658103084,-1.422128814,-0.923567141,-1.203972804,-0.467766134,-1.257373581,-1.387895642,-0.222893583,-0.789437841,-0.902387827,-0.99047563,-1.025547718,-1.814005078,0.101653654,-1.57358826,-1.200312843,-1.522801606,-0.5642264,-1.651823629,-0.790760009,0.168729603,-1.037893554,1.087146811,-1.527397202,-1.140685065,-0.788337368,0.33497111,-1.597015392,-0.367447041,0.071389996,-0.513997315,0.007769737,0.684207339,0.883478242,-0.785262469,0.908056927,1.125091921,-0.315670109,-1.508236032,-1.493434237,-1.89578754,-0.297732408,0.168898536,-0.292627615,-1.412227743,-1.815232825,-0.577499757,0.945344552,-1.041003976,-0.815540829,-1.803629642,-0.754171882,-0.837017551,1.485392811,-0.34757363,-1.167962367,-1.469241282,-0.709479835,-0.919796871,0.3819235,-0.934454703,-0.538710827,-0.905350792,-2.013653801,-0.937259038,-1.421714306,1.441137597,-1.060449828,0.866722265,-1.416341282,-1.243060193,-1.532476871,-0.208747671,2.2074389,0.107059072,0.962257867,-0.6314878,0.283899929,1.183137244,1.38724391,-1.4554301,-1.724848764,0.080657903,1.115305512,-1.538513574,-0.149776925,-0.557218663,-0.328642966,-1.598497972,1.163400779,-0.656044093,-1.607939036,-1.690647968,-1.750425606,-0.499391246,0.300178664,-1.280493942,0.343022167,1.163463261,0.891424104,-0.475941222,-0.151637175,-1.082640519,-1.101717104,-1.295357366,-1.511404172,-1.284098849,-0.099488899,-0.752684893,-1.027222293,1.740957282,2.116761411,1.43622673,-0.517850239,-1.406905315,1.390933583,-0.369615455,0.713880747,-0.178767879,-0.905598102,-0.749294341,-0.924827063,-0.101147182,1.084614779,-0.000300045,-1.509592577,0.468439907,0.318017272,2.044254682,0.019312311,-0.060705875,-0.806315879,0.335972112,-2.122766666,1.130433901,-1.409767717,1.560625748,-0.205303633,-1.350541191,-1.350927217,-1.588165777,1.628593271,0.849894486,-1.264784944,-1.141624179,2.094022225,-0.988592644,-0.586627337,-1.333701911,-0.674914412,-1.215708061,-0.225270812,-1.25772526,-0.679244275,-0.679441534,-0.384339826,-0.766363243,-1.137873003,-1.196335377,-1.216382824,-0.806763907,-0.302186759,-0.72216413,-1.386694441,0.203022473,0.447821924,-1.100514096,-0.977900214,-0.595657559,-1.114741671,-0.41581852,-1.251763468,-0.119121431,-0.918793862,0.142627398,-0.566867015,-1.817077277,-1.190069899,-0.342067863,-1.371208724,-1.538047916,-0.669235361,-0.714166548,0.620361411,-0.315395911,-1.11078609,-0.517682411,0.663357852,-0.696352312,-0.776311422,-1.067986095,-1.234432012,-1.857258451,-1.822631133,-1.157407335,-0.97127504,-0.142139767,-1.161232651,-0.239527031,-1.043840053,-0.120699785,0.717205446,-0.677470701,1.028010981,1.324977312,0.336615084,0.152463543,-0.196623342,-1.460586966,-1.592580795,-0.91030866,-0.515838166,-0.812381268,-0.319241541,0.183570776,-0.906340401,-0.818256992,-1.333701911,-0.71539279,-1.618983325,-0.021223636,-0.762497259,-0.478035801,-0.668649709,-1.77608299,-0.39734814,-0.392302122,-0.391414285,-0.916040763,1.269114269,-0.547662514,0.269034278,0.160587065,-1.511857584,-0.146414018,-1.25456459,0.574419949,-0.730433765,-1.086486109,1.613668949,0.030238183,0.721540255,0.273912708,1.662182154,-1.28699216,0.246078523,-1.039023497,-1.038458366,-1.871452238,1.691091629,1.073055136,1.194982512,-0.087302328,0.004589452,-0.351261054,0.085810656,0.13374387,0.790455363,-1.515947569,-0.115747609,-0.229287386,-0.32075638,1.238026344,0.496402103,-0.817803785,-1.320132159,-0.184043038,-0.317728994,-0.291288568,-0.329198753,-0.961811247,-0.865360003,-0.107028573,-0.930643238,-1.799993274,-1.325763861,-1.439695138,-1.052110455,-0.621570982,-1.586209786,-0.241180239,-0.24794867,-0.644357016,-1.535722875,0.330454164,-0.857786003,-0.691548459,-1.422543494,0.331028877,-1.04497674,2.093935988,0.026349775,-1.033105486,-1.152646177,-0.259937212,-0.882855956,-0.391414285,-0.794515675,0.229523158,-1.082345316,-0.488901066,1.131337593,-1.107753947,-1.458865054,1.587989532,-1.500583508,-1.043556083,-1.137561039,-0.27641248,0.735679711,-1.442653095,0.172355392,-1.721487416,-0.268533254,-1.516858731,-0.4272507,-1.32275634,-0.923567141,-0.943918899,1.510964736,0.382878609,1.467228979,2.066267646,-1.47840965,-1.537582475,0.409125069,0.483721606,-0.220521991,0.601579987,-0.953473523,0.398977442,-1.10714862,1.468496274,0.029947076,-1.485451933,-1.184170177,-0.282230294,-1.52924137,-1.676112046,-1.212341054,-1.474470052,-1.933092645,-1.160913315,-0.232436598,1.516049884,-0.684782264,-2.402405428,-1.914605299,-0.264356247,-0.299214988,-1.204639693,-0.35982275,0.871502549,1.60388251,0.235072122,-0.217037233,0.041621675,-1.307852935,-0.300834859,-0.704005924,-1.243753674,-1.080870607,-0.122393648,-0.798507696,-0.657973106,0.922193278,-0.917541514,-0.978698192,-1.823250136,0.519329364,-1.123007446,-1.229632551,-1.411407062,-1.520511703,-0.789658081,-0.786359562,0.149367832,0.528685188,0.811685486,-1.058142356,0.037392119,-1.667596827,-1.021651248,-0.429706572,-1.629130546,0.645531327,-0.769164667,0.992325418,0.056380333,-1.828838477,-0.506667614,-0.843272639,-0.591312875,-1.672910335,-1.575036486,0.902313504,0.874384817,-1.173766962,0.740316985,-1.416341282,0.464299894,0.418907684,-1.05641524,-0.272727781,-1.189412653,-0.979763155,0.394201916,-1.114436839,-1.644029357,-1.052396865,-1.062762636,-1.092729626,0.866512079,-1.358679194,-1.552112846,0.850321855,-1.438851612,-1.20764621,-0.251028755,-0.05234648,-0.106361016,-0.391266389,-0.972332123,-1.532476871,-0.435563556,0.802629191,0.192849279,-1.568775931,1.631277679,-1.003756758,1.117761108,-0.298271274,-0.166881372,-1.39472984,-0.768733168,-0.94032731,-1.143191332,-1.319383656,0.775510271,0.110109223,-1.053256587,-0.755448207,-1.021929064,-0.931150595,-1.548813291,-0.467287322,-0.239145909,-1.64713978,-0.513997315,-1.572623939,1.325561921,-0.996416776,-0.400925428,-1.598003535,-0.933945667,-0.780231287,-1.452434164,-1.668657272,-0.980296062,-1.192044233,0.145225252,-1.171828351,-0.916790857,-1.436325295,-0.989399204,-0.783509621,-0.94032731,-1.178305058,-1.149484619,-1.788564578,0.558529484,-1.462311848,-1.197328262,-0.54697107,-1.020540753,-1.716466485,-0.704410373,-0.950623411,-1.299016353,-1.460586966,-1.199980783,-1.680933914,-0.533582611,0.211961262,-0.250386288,-1.114436839,-1.104429174,-1.011975982,-1.779040697,-1.018877321,-1.402017322,-1.447319063,-1.470110847,-0.234204499,-1.672910335,-1.413871129,-1.148853505,-0.530688253,-1.379517377,-0.268271679,-1.318635713,0.557041048,-1.093624747,0.468627683,-1.56398665,0.618908431,0.385466462,-1.96254779,1.476180768,-0.719696516,-0.422204432,-1.7333019,-0.528480559,-1.766091722,-1.343618087,-0.282495546,1.427196352,0.094309679,-1.105032856,-1.169249368,-0.0010005,-0.816671667,-1.035074268,1.336578769,-0.348423368,-0.614151174,-0.327809864,-0.655851396,-1.603952982,-0.595476153,-0.809905741,0.015381102,-0.676880208,-0.63073592,-0.543348815,-0.714575128,-0.634689611,0.252080801,-1.204306193,-1.416753569,-1.34822816,1.666404086,2.039439523,-0.282362911,-1.345536369,-1.023597585,-0.739819589,-1.703199292,-1.804236991,-1.572623939,-1.498791392,0.532743659,-0.244367188,-0.781104459,-1.485010334,-0.930643238,-0.529838563,0.164751436,-0.897223669,-1.136002678,-1.279774518,-1.601469743,0.279297016,-1.183190265,-1.728221448,-1.261248872,-1.491654877,-1.232029402,-0.664948526,0.297508633,-0.110149744,-1.361016554,-0.960503887,-1.524178068,-1.239254618,-1.257022025,-0.743598724,-1.223835433,0.245061587,-0.779140894,0.324761071,-0.322687682,1.953226179,0.001498876,-0.281567471,-0.799619425,-1.151380354,0.090023503,-0.439901285,-1.990698332,-1.323507373,-0.939303506,0.360676925,-1.039588948,-0.532560116,-1.60743991,-1.649218782,-0.372514008,-0.429399258,-0.579282924,-2.391416307,-1.194352561,-0.187535124,1.1755116,0.498044289,-2.032557956,-0.343758719,-0.433710274,-1.25351325,-0.635066969,-1.935860813,0.049075838,-1.373970611,0.05107327,-1.432547746,-0.31443681,0.06325645,-0.868691753,-1.953337665,0.593326845,-0.324761081,-0.923567141,0.046692728,-1.551169004,0.918568137,-1.227924025,-1.228265497,-1.931021537,-0.282230294,-2.397995278,-1.057278425,-1.596028226,-0.343476711,-1.26655768,-1.554476354,0.52614764,1.448141764,-0.503022812,-0.169010543,-1.372391456,1.359308496,-0.168418652,-1.07031642,-0.50120538,-0.251800261,-0.923818998,-0.739610055,0.468752847,-0.833329211,-0.896733233,0.465807337,-0.625862434,-0.771973961,0.833865187,0.78326207,-0.825764705,0.427487492,-1.144760945,1.003532082,-1.497896538,-0.707651867,-1.720928288,0.685115009,-0.022552404,0.52608855,0.294459057,-1.016663706,1.679392988,-1.115656723,-1.565421027,-0.086865933,-0.501040323,-0.485320333,0.793173495,-1.195013063,0.172944395,-0.742757681,-0.094640404,-0.657201054,-0.574653287,0.500835892,-0.992092445,1.651097956,-1.339792527,0.123190611,-1.215033752,-0.128970381,-0.053928342,-0.811705517,-1.32915817,-1.11078609,-0.579461416,0.498591086,1.433559554,-0.676290063,-0.401224114,0.269645385,-0.31416295,-1.444347293,-1.340174426,-1.887169654,-1.803629642,-1.569736546,1.350045228,-1.352472813,-0.052768066,0.523899783,-0.607152987,-0.391118514,-1.852146619,-0.031593872,-0.386839644,-1.505528449,-1.702101597,0.031207927,-0.988592644,-0.132845913,-0.806315879,0.738837306,-1.618478657,-1.127938118,-1.381505844,-1.1248536,-1.03563749,0.648986285,-1.176033436,0.68928975,-0.939815277,-1.146333025,0.295203714,0.541568191,-0.167117723,0.444301132,-1.05641524,-0.750564451,-0.824851672,-0.153500891,0.17050198,0.695843542,-0.747392195,-0.375275437,-1.332185035,-0.068385913,-1.091537375,0.653678437,-0.189467025,-1.963972292,0.393122585,-1.169571378,-1.1248536,-0.598018835,-3.158251203,-0.071388596,-0.611567194,-1.753308283,-0.234963128,-0.897959775,0.876926008,0.373836833,0.149798365,-0.367447041,-1.801809805,-1.11932533,0.483228297,0.692547,-1.436325295,-1.34822816,-0.736472305,-0.41143288,-0.930643238,-1.680933914,-1.648698626,1.370012529,0.59525868,-0.261234902,-0.167117723,-0.076665085,1.244529164,-0.777616337,-0.035523556,-0.716620537,-0.467925789,-1.039023497,-0.384633599,-1.453717037,-0.705827234,-1.200312843,-0.35982275,0.665107724,-0.869645724,-0.742967876,0.000499875,-0.908570609,-0.144332371,-0.277731742,-0.753321904,1.137640676,-1.158680815,1.148259229,-0.459024125,0.266969031,0.412771683,-0.499226488,-1.638351923,0.056380333,-0.38389933,0.187557824,-0.489879859,-0.715801871,-0.060812139,0.183654002,-1.697722827,-1.329536027,0.854755696,-0.144910172,0.162628923,-0.199671195,-0.900663476,-0.697556889,-0.562645372,-0.776311422,-0.19334206,-0.102475792,0.631271777,-0.855901432,0.803883222,-0.410980289,-0.91130319,-1.16219127,0.490173836,-1.188099455,-0.142716302,-1.158680815,0.811330136,0.617938603,-0.861565832,-1.26655768,-1.211333159,0.489622416,-1.436325295,-0.217410019,-0.922811949,-0.680823431,0.136975455,-1.433385969,-0.725257234,1.742621745,1.203662756,0.025765208,-0.714983875,0.695095282,-0.039260714,0.898208224,1.61988317,-0.708870141,0.303063174,0.14496577,0.89543475,-0.177931208,-0.73168013,-0.317179543,-1.008131936,-1.622016695,-0.918042265,-0.469843642,1.576873398,-1.091835304,-0.374257181,0.095855486,0.188055089,-0.778051688,-0.241689469,-1.127938118,-1.427116356,-0.121941671,-0.548354436,-0.986713196,-0.314710745,-0.615445673,-0.790098707,-0.407968238,-0.052978925,0.188469287,-0.520539316,-0.479326957,-0.404965233,-0.763569645,0.140978593,-0.627921396,-1.559695821,1.65572972,-1.023319305,-0.711107506,0.315905031,0.679453853,0.841524081,-1.246532419,0.166022784,-1.030579878,0.880290428,-0.505009238,-1.956162526,0.197374359,0.947013905,-0.536143432,-0.653349711,-0.503519049,-0.070207895,-0.612489278,-1.203639527,0.021174235,-0.283424482,0.145657572,-0.845133538,-1.556371191,-1.183843433,-0.955291469,-0.155484903,-1.426699776,-0.718259881,-0.508827621,-1.310445049,0.601251166,-0.561768103,-0.726703964,0.458942682,-0.905598102,-0.215547475,-0.896243037,-0.509160344,-1.333701911,1.66445626,0.445326642,0.485138517,-1.221458119,-0.128401715,-0.52087596,-0.18548656,-0.243091189,-0.946234608,-0.11945944,-0.300294611,-0.996958635,0.35983993,-0.410527902,-1.357123984,-1.463607464,1.4969185,1.273545508,0.900039391,1.882787768,-1.784386715,0.235388278,0.03449804,-1.922095971,-1.041570548,-1.10292156,-0.95010608,1.120993288,-1.083231187,-0.405865188,-0.443166975,-0.230545881,0.630154131,-0.23597553,0.844923616,1.765501048,-1.874054712,-0.590410103,-1.385095081,-0.754597143,-0.016332655,-1.328025453,-1.304530059,0.776752764,-0.604403971,-0.586627337,-1.478848343,0.51252418,-0.016739324,0.115825566,-1.183516796,-1.375156617,-0.694948803,0.614266298,-0.329476762,-1.202640359,-0.988055298,-0.276808076,-1.526476392,-0.584472164,-1.371208724,-0.495444522,-0.904362161,-1.142564176,-1.168283962,-0.640744502,-0.590410103,-0.449416996,-0.921805913,-0.064965279,-0.811480368,-1.331048887,-0.69174816,-0.479004011,0.354662921,-0.584292776,-1.111393623,1.245306668,-0.896733233,0.505612057,-0.713145827,-0.945462109,-0.123863987,0.321503621,-1.455858825,-1.222476276,-1.556845462,-1.541779264,-2.186581417,-0.073323664,-1.193362625,-0.49053292,-0.190313407,1.742324097,-1.386294361,-1.078221599,-1.347073648,-0.395415772,-0.581605806,-1.173766962,-0.932420114,-1.111393623,-0.017654935,-0.732511904,-0.281302465,-0.265920581,-1.089454351,-0.088175691,-0.132960127,-0.717849793,-0.341223506,-0.420223479,-1.120244589,-1.935168053,-0.884065585,-1.345536369,-0.907083251,-0.305574525,-0.657008134,-1.101115419,0.003095205,0.695195082,0.36707072,-1.026105598,-1.570217199,0.296914324,-0.287415441,0.510245456,-1.611439915,0.016266972,-0.363555705,-0.168655366,0.186230573,-0.943148186,0.3152486,-1.270468796,-0.553559166,-0.632428446,-0.022143365,-0.27641248,-0.834019739,-0.280243143,-0.545072062,-0.548008415,-1.254915283,-1.221797389,-1.400393285,-1.794563397,-1.692276191,-1.387495082,-0.930896884,-1.157089218,-0.35982275,-1.500583508,-0.267748735,-1.599487582,-0.33673227,-0.378920553,-1.418404415,0.423697876,0.694845737,0.684358675,-0.797175251,0.689490503,-0.396009949,-1.701553201,-0.290887203,-0.460449416,-0.322411553,-1.152013065,-0.645881988,-0.294639553,-0.064751877,-0.388460509,-0.489553488,-0.839792761,-0.888918785,-1.105032856,-0.912049738,-0.934963997,-1.308592853,-1.459295254,-1.292439786,-0.830801346,-0.93140437,-0.334633927,-1.234775713,-0.403467105,-1.477094725,0.687179409,0.288181947,-0.017858518,-0.167827111,-1.36335939,-1.376740148,-0.781978394,-0.854255341,-0.808782524,0.155720875,0.441604155,-1.299382989,-0.612120342,-0.204567166,-1.177655496,-0.708260818,-0.876589365,-0.739819589,-0.488412029,0.578689859,-0.86298696,-1.271538124,-0.761211911,1.174307096,-1.236840408,-0.647600366,-0.573765424,-0.663976803,-0.877310432,-0.453972812,0.465995608,-0.471124257,0.639746404,0.988127555,-1.309703759,-0.420375721,-0.269056608,-0.626984978,-0.079367935,-1.065080805,0.160587065,-0.882614206,-0.919546025,1.215239101,-0.039260714,-0.698762919,-0.138802403,-1.005668543,-1.398366942,-0.937259038,-0.82052611,-1.596028226,-0.446130865,-0.435254437,-1.171505614,0.125751205,0.024692613,-0.921805913,1.073020939,-0.817350784,0.30910104,-0.694147681,-1.239945465,0.452793888,0.628181902,-0.533923675,-0.504843552,-0.762068626,-0.488738027,-1.046684196,-0.641693899,-1.28157405,-1.15327969,0.443338761,-0.827822084,-0.514833645,-0.570398715,-0.967057849,-0.639606414,0.325555725,0.006578315,-1.477532842,0.320633173,-1.209320411,-1.173443599,-0.436182081,-0.659519,1.204592612,-0.314984755,-1.077927697,-0.937514368,0.065038396,0.063538021,-0.262794357,-0.900663476,0.006180859,0.619016131,0.209693504,-0.72815279,-1.242020872,-0.204567166,-0.794515675,-0.233193887,-0.917041013,-0.743809095,-0.02809088,-0.720107362,-0.266312047,0.438512962,0.12283691,-0.764428383,-0.544727175,0.089566443,0.629674758,-1.08146023,-0.190192451,-0.433401727,-0.707854809,-1.139434283,-0.26097523,-0.183922838,-0.309655053,-0.461083532,0.161438346,0.071483102,-1.076459484,-1.094520671,-0.317866404,-0.071710848,0.384854154,-0.011870173,-0.68299885,-0.745493661,-1.245142081,-0.130450429,-0.571814895,-0.431090656,0.136626598,-1.233744963,-0.086975014,-1.326140438,-0.539911205,-0.357961485,-1.098412309,1.295576122,1.229523585,0.586452442,-1.179605448,-0.651813317,0.526324887,-0.149428513,-0.762926075,-0.408118626,-0.266964831,-1.46015621,-0.236735505,-1.03817592,-0.104472022,0.883560907,-0.13090627,-0.891110433,-1.283376827,-1.395940738,-1.414693836,-1.381107834,-0.418398384,-1.403643999,-1.560647748,-0.237876551,-0.809680997,-0.195528384,0.035270614,0.013113639,-1.036764885,0.092396849,-0.913793852,-0.884065585,-0.339817827,-0.40241975,-0.704208128,0.077979041,-0.100151882,-0.715801871,-1.009228728,-0.868453402,-1.017493237,0.616104136,0.095401085,0.364087404,-0.258382203,0.009455159,0.25905109,-0.595476153,-0.283690051,0.302989317,-0.969691509,0.207176758,-1.009503114,-0.253602759,0.045068963,-0.339677368,1.157572781,1.048826629,0.364504215,0.618261983,-0.975775379,-1.093923299,-0.292091781,0.722123289,-0.540941248,1.202581837,1.102405087,-1.501929705,-0.677470701,-1.659153505,-1.184170177,0.189297171,-1.628620732,-1.632706539,-1.669718843,-0.926341068,-1.595535007,-0.592578126,-0.208501275,-1.335981547,-1.686318957,-1.350155315,-1.197328262,-0.398241263,0.97731057,-0.060599622,-1.751001477,-0.33086797,2.079279028,1.320341507,1.421878663,-0.516508407,-0.616556578,-0.243601393,0.081948583,-0.587526699,-0.51617323,-0.192129498,0.698532653,-1.592089274,-1.580850456,-0.803185286,-1.610939039,-0.620826519,0.247562956,-1.597509342,0.507419831,-0.944690206,-0.474011651,-1.253163049,0.613670979,0.035946127,-0.096951526,-0.343758719,-0.805868051,-0.705422211,0.504042671,1.336368552,-0.121264087,-0.898696423,-0.857078872,-1.239945465,-0.30151058,1.790942469,-0.461559382,-1.121471583,-0.110819835,-0.357961485,0.498530346,-0.521718065,1.757116263,0.935818812,-0.329059777,-0.834710745,-0.267356706,-1.281934346,-0.41521246,0.817883762,-0.099599365,0.787047276,0.077794027,-0.617854197,0.923027986,-1.203639527,0.404731506,-0.407667532,0.50307567,-1.164752091,1.396863312,0.265283078,-0.483534764,-0.996958635,-0.024600117,-1.140998005,-0.465533635,-0.800064463,-0.597655199,-1.250016743,-0.121715759,-1.079986825,0.191776716,-0.768948894,-0.532730459,-0.986176859,1.742306586,1.050611813,-0.418550348,0.503982261,-0.170432512,0.659952276,0.044877759,-1.192373668,-0.282097694,-1.097213268,-0.391562203,0.021370026,-0.666310527,0.311667118,-0.302998777,-0.842343487,-0.599839003,-0.221769496,0.929562274,-0.541284831,-0.419006379,-0.594207233,-0.922057327,-0.424036494,-0.832179389,-0.927604492,-0.508328744,-0.818710404,-0.295042427,-1.229974607,-0.247436244,-0.775008207,-0.40631547,-1.346689107,-0.056147161,0.825096072,-0.672168774,-0.087193212,0.368870278,-0.227653707,-0.821207851,-0.809905741,0.884511065,-0.574475651,-0.770460284,-0.995875211,-1.292075686,-1.318635713,-1.250365844,-0.707246105,-0.327532317,-0.577321615,-0.908322562,-1.36179689,-1.419230861,-0.978166136,0.097398906,0.080565648,0.189048878,-0.749717532,-1.46967597,-0.445662298,-0.652965391,-0.213069466,-0.633181599,-0.201259758,0.55296515,0.579418415,0.396424363,-1.449447176,0.309761518,-0.525770071,-0.532219516,-1.078515587,-1.002665948,-1.178955041,-1.316768298,-1.453717037,0.448907666,0.554919061,-1.54975491,0.788093658,0.748108739,-1.894456867,-0.164403056,-0.867024491,-0.413698913,-1.713687934,-1.487662856,-1.493879572,-0.626984978,0.283598747,-1.809719795,-1.225196441,-1.677181565,-1.476656801,-1.25772526,-1.607939036,-1.03817592,-0.870123051,-0.402569305,-0.214059933,1.37153599,0.062974799,0.786455358,-1.593072558,-0.032729825,-1.025547718,-1.695540611,-1.477094725,-0.12363764,1.389414488,-0.534094251,-1.30933332,-0.654888468,-1.256670593,-0.103695236,1.77862357,-1.446044366,0.442311209,-0.628483667,-1.740116236,-0.66067999,-0.3063893,-0.100704704,-0.97127504,0.914088308,-1.339792527,0.278843124,-1.290620611,-0.967057849,-0.75098818,0.081764302,1.174585187,-1.449021191,0.36658567,-0.02809088,-1.249318906,-0.035834453,-1.264784944,-1.961125315,-0.873710284,-0.475619368,0.080104244,-0.819617845,0.083605584,0.596966622,-0.6314878,-0.25502129,-1.154547921,-1.454573202,-0.205549243,-0.201626708,-0.517682411,-1.28916765,-1.747551215,-0.91030866,-0.701582659,-1.157407335,-1.085597352,-1.063341675,-1.46793835,-1.097812608,-0.071173819,0.849338634,-0.358104537,0.858153015,-0.591674212,-1.37081479,-0.945204742,-0.827593277,-1.264430773,1.135972297,-0.730433765,-0.819617845,-0.962858368,-1.198985263,-1.72878467,1.407615443,-0.553559166,-1.255968099,-0.17007683,-1.399987688,0.025570276,-1.325387426,-0.894040123,0.381240719,-1.491654877,0.143580728,-0.554951682,-1.529702944,-0.365283318,-1.229974607,-1.261955087,-1.685779146,-0.239399974,0.588619651,-1.194022473,-1.466637114,-0.321583624,-0.984837274,-0.420680274,-0.899679466,0.641485397,0.193014186,-1.845160246,-0.283822862,0.422518863,-1.460586966,-1.187443502,-0.433710274,-0.078285918,-1.145075163,-1.2772606,-0.035419945,0.94922248,-0.707854809,0.29817681,-0.777398733,0.317653411,-0.758646163,-0.794294363,-0.424189317,0.97986629,-0.681613945,-0.40107476,0.386282289,-1.146333025,-0.5642264,-0.570575628,-0.898696423,0.189214413,-0.677077,-1.126086266,-1.951928221,0.526265808,-0.925331477,-0.054561788,-0.403167749,-0.457758903,-0.049295292,-0.578034373,1.991320458,-0.055195635,-1.307852935,-1.582795981,0.789456861,-0.80430223,-0.95972029,2.110552537,-0.09014355,-0.451927983,-0.551300456,0.158199615,-1.623029866,-1.032824548,-0.215547475,-0.810580277,-1.116572614,0.75485357,-0.486620935,-0.793188535,-1.409767717,-0.470003629,-0.40691616,-0.397199364,-0.919295241,-1.54928399,-1.562554327,-0.8703618,-0.652005237,-0.964955904,0.071017487,-0.339958306,-0.896978421,-1.530164732,-0.584472164,-1.391507928,-1.117795108,1.747267554,-0.97418471,-0.929882685,-0.753534331,-1.613445934,0.807323721,-0.790760009,-1.295722663,-1.259837937,-1.736135565,1.133496691,-0.802738857,-0.505672259,0.159735058,0.634882272,-0.288082152,-1.532476871,0.235625329,-0.177811741,-0.471925475,0.242161557,-0.943661929,-0.096841351,-0.643785751,-1.155500151,-0.471284449,-0.196866828,-0.529668712,-0.912547746,0.92908849,-0.838866835,-0.125449851,0.567187053,-0.877070019,-1.395940738,0.469816112,0.454889991,-1.467070671,1.850625683,-0.453815369,-0.263184601,-0.430013981,-1.136314156,-0.605685905,-1.871452238,-1.253863574,0.675746666,-0.972861083,-1.031421039,-1.222815892,1.519578848,0.350656872,-0.917291232,0.355924663,0.237519717,-0.610277703,-1.263722809,-1.318261951,-0.859674131,0.041525747,0.316342413,-1.486335715,-0.41581852,-0.73168013,-1.413049098,-1.206308864,-0.509493179,-1.128556165,-1.39513331,-1.359068375,-0.929375971,-1.256319285,-0.958415658,-0.838404193,-0.777833989,-0.512159847,-1.345152418,-0.939047719,-1.201642189,-0.311018938,0.025472796,-1.366491734,-0.426484475,-0.346300375,-1.292439786,-0.969691509,-1.740116236,-1.545055654,-0.884549846,-0.843272639,-0.772623382,-0.80430223,-1.556371191,-0.050346374,-1.054978252,-0.513830133,-1.535722875,-0.869168625,-0.612489278,-0.818937187,-1.219424909,-0.837710632,0.741413398,-1.13103218,-1.3919101,-1.407722309,-0.412338677,-0.772190388,-0.874908894,-1.057566319,-0.695750566,-0.885276678,-1.023319305,-0.909315118,-0.831949583,-1.005395207,-0.413245295,-0.972332123,-0.681613945,-1.021095846,-1.33142746,-1.261248872,-1.397153104,0.739553553,-0.47545848,-1.054404034,-0.775442423,-0.62008261,-0.589688472,-1.300116665,-0.779576909,-1.036482917,-0.71621112,-0.030768534,-0.045101974,-1.101416216,-0.934454703,-0.618596449,-0.520202786,-0.813959801,-1.500583508,-0.230168166,-1.378326191,-0.869645724,-1.384296358,-1.300116665,-0.678849876,-1.470110847,-0.448476999,-1.551169004,0.893717871,-1.55353028,-1.234432012,-1.30379314,-0.69936648,-1.113827454,-1.102319151,-1.115656723,-0.351829559,-0.741707371,-0.260456086,-0.854960477,-0.56124211,-1.275826908,-0.222643676,-1.145075163,0.08075015,-0.594750859,-1.820776418,-1.418404415,-0.996687669,-1.123007446,-1.189412653,-1.024154378,-1.091537375,-0.355532739,-0.947523434,-0.333237474,-1.119938075,-1.00184862,-1.368454443,-1.364532869,-0.899433615,-1.060738636,-0.43139849,-0.867262501,0.221221706,-1.198322133,-0.309791358,-0.322135501,-0.334633927,-1.081165375,-1.042421009,-0.316355933,-0.695349604,-1.127629238,-0.613227557,-1.355571188,-0.226524259,-1.149169012,-1.099312534,-1.597509342,-1.500135178,-0.885034342,-1.451579828,-1.560647748,-1.269044801,0.269034278,-1.475344178,-0.648747593,-0.803408575,-1.088859997,0.200488861,-0.060705875,-1.523260216,-0.87275243,-0.986981472,-0.393487131,-1.182537524,-1.212004976,1.701907699,-0.475941222,-1.07557959,0.436446846,-0.768086267,-1.275826908,-0.650470906,-1.340938659,-0.64207391,0.26097869,0.651230837,-0.457758903,-1.482805262,-0.267618041,-0.744440475,-1.090049058,-1.247576442,-0.222144051,0.095855486,-0.368313842,-1.057566319,-0.978698192,-1.530626732,-0.225646682,0.493964267,-0.338975367,0.638849377,-0.392894451,-0.513662979,-0.199793303,-1.311558015,-0.02306394,-0.350125013,-0.564753966,-1.041570548,-0.560366069,-1.590125601,-0.555474375,-0.548700576,-0.445818462,-1.033948775,-0.05551271,-1.079692404,-2.236797352,0.306086664,-0.369326061,-0.899925378,0.244591883,-0.116309122,-1.446469084,0.205549683,-0.925583779,0.476296289,-1.036764885,-1.628620732,-1.940723622,-1.847060785,-1.190398684,-0.947007705,-0.525431776,-0.63111179,-1.176681944,-2.292634762,-0.76593295,-1.043840053,-0.322411553,0.642800806,-0.805644212,-0.732303896,-1.213686497,-0.767439785,0.039893564,-0.850268936,-0.4522423,0.158541028,-1.341320995,-0.480296419,-1.436325295,-0.499391246,-1.762006511,-1.465337568,-0.762068626,-1.801203928,-0.414909567,-0.560366069,-1.257022025,-1.359457707,0.756685201,-0.370484139,-1.528318861,-1.420885806,-1.668657272,0.71617988,1.311840175,0.808527332,-1.406905315,-1.720928288,-1.866914143,-2.835315552,-1.15486523,-2.369793843,-0.805420423,0.567867364,-0.719901918,-1.105636904,-0.623248053,-1.826972225,-0.919796871,-1.784386715,-0.348706774,-1.835711357,-0.386250889,-1.720928288,1.496985643,-0.095960391,-1.267267655,0.723433873,-1.424203934,-1.290257173,-1.139746832,-1.278696351,-0.298001805,-1.470545914,-0.976837232,-1.737839627,0.284276279,-1.877971166,0.44327457,-1.79275997,-0.080342753,1.670533012,-0.877550904,-0.15280159,-0.615075645,-0.03035612,-0.891598119,-0.283026261,-1.515947569,-0.348423368,-1.329914028,-0.115635344,-0.663976803,-1.224515706,-1.538979449,-0.271939966,0.518793793,-0.778051688,-1.144446825,-0.907083251,-1.342468882,-1.422543494,-1.049250859,-1.046684196,0.241297762,-0.579818495,-0.418398384,-0.469363834,-1.915963073,-1.870153537,-0.864647499,-1.228607085,-1.564942673,"NB"
"47",-0.419310515,-2.552329326,0.33432708,-0.087411457,-2.359155444,-0.159464775,1.581244178,-0.525770071,-0.573942933,0.01400152,1.340171886,-0.109033921,1.390784266,0.287807065,-0.606786015,-0.481752376,0.651022254,0.590560592,0.993881205,-0.468884256,0.210909014,1.525751909,-0.008838949,1.332234084,1.210779586,1.534240116,-0.235722334,0.352064331,-2.193730688,0.426704611,0.277934721,-0.137424676,-2.072267338,0.616805947,1.037941832,0.265973129,-0.468564665,-0.828966904,-1.041003976,-1.316022308,-1.434224895,1.098378928,0.428465232,-0.450985623,-0.018367657,0.767744319,1.389514172,0.288706547,1.409864393,-2.219163485,1.532967151,-1.74869998,0.026252371,-2.669310373,0.908298882,0.773666698,1.507183678,0.708971316,0.816779741,1.643839339,1.45259695,1.646618084,0.004489905,-0.313341819,0.563323193,-1.511404172,-1.514127733,-0.966269102,-1.251413879,-1.718137329,-0.481105022,0.392514949,-1.971843531,-1.375156617,-1.609938037,0.08213283,0.973464701,-1.351313392,-1.944910649,-0.690151672,-0.667674385,-1.162830861,1.319379686,0.686323955,-2.206366235,-1.690647968,-1.491654877,0.108944087,-1.016111067,-1.922095971,-0.362836746,0.787820794,-2.151582219,1.122296263,-1.11108981,-0.043534002,-0.464419251,-2.291645153,0.163223681,-1.170860453,-0.098495247,-0.924574951,-1.437166691,-0.606235809,-1.13227249,-0.789437841,-1.606941032,-2.709050701,-1.224856015,-1.453717037,-1.004848759,0.700569566,-1.240636789,-0.600750331,-1.27833722,-1.28699216,-1.470981169,0.909829906,-1.717580071,0.166700176,-0.782415648,-0.136278018,-1.152329571,0.926082634,-0.346159002,-0.483048343,-0.247052096,0.514678193,-1.922779732,0.71231235,-1.086486109,-1.694451287,0.692647056,-0.499556032,-0.094860281,-0.176379247,0.776016658,-1.055840197,-1.752731082,0.18548322,1.289645786,1.16415031,-2.911391125,1.006460449,-1.931021537,-0.772839949,-2.341325921,1.268355063,0.045068963,-1.440539376,-0.976040736,-0.379943571,0.799936675,-0.30734071,-1.752731082,-0.755235373,-2.121931593,-0.927098931,0.794303873,-1.654435278,0.621167711,0.660623989,-0.554951682,0.696989788,-0.580533036,-0.330311255,-1.484127721,-1.002120988,-1.973281346,-0.558441478,-0.28103753,-0.97127504,-1.00758399,-2.721135441,-0.2646168,1.151742229,-1.926205566,0.332105574,-0.007024615,0.999969897,-0.179485582,-1.712578671,0.689841724,-2.838728525,-2.245260026,-1.012801632,-0.960242619,-1.319009614,-0.697556889,-2.111964733,-1.692276191,-2.003221516,-1.229974607,-1.450299691,-1.617470084,-0.281965112,-2.537042404,-3.146555163,-0.156069186,-0.602027587,-0.537683078,1.451520146,-0.406015259,-0.630548039,1.358923164,-1.026384655,0.532626254,-0.626423549,-1.372391456,-0.558266698,-0.543176654,0.179400628,-0.976571663,1.036949628,0.252624681,-0.067101804,-2.061994628,1.195345698,-2.186581417,-2.686778066,-0.30924625,-0.609725572,0.088194011,-0.735637232,-0.534776845,-0.241434821,-2.397995278,-0.776311422,-1.260190484,-0.381846243,-1.533866726,-1.200645014,-1.984131362,-1.381904013,-1.7567785,1.121710134,-0.251028755,-0.992631965,0.188386461,-1.027781108,0.655756791,-1.073529508,-1.153596597,-0.991014278,0.90381321,-0.725463782,-0.527632742,-0.215671536,-0.538025544,0.671719233,0.457867787,1.09684406,-1.204973305,-0.110149744,0.181988168,-0.040405415,-0.945204742,-2.801811581,-2.249992643,0.307116985,0.611720182,-0.952436179,-0.254634218,-2.094758246,-1.11871296,-0.228658732,-0.961288098,-0.68299885,-1.997308712,-0.895018597,-1.863685209,0.028198654,-0.290753451,0.014593002,-0.58411342,-0.844202655,-0.987249821,0.099935829,-0.47997316,-0.967847219,-0.176617854,-0.173282532,-0.184644252,-2.392509801,0.279826296,1.050087089,0.855946071,-1.252463013,-0.866073016,-0.874189556,0.405931666,1.355732056,-0.234710188,1.385619133,0.608950022,0.346917494,0.971876799,1.058935472,-0.798285499,-1.638351923,0.168391651,1.368283128,-1.977607236,0.250291683,-0.606602579,0.018429135,-2.279845606,-0.078502228,-0.683989243,-0.199915425,-2.094758246,-1.028619917,-0.646454453,1.010218138,-1.313415716,0.625028926,0.247016316,0.562069917,0.033628181,0.614753113,0.184818437,-1.648178741,-0.14387037,-0.622875128,-1.744685062,-1.238564249,-0.572523738,-2.245260026,0.750141692,0.782485016,1.59037741,-0.351829559,-0.377460912,1.002211514,-1.461449035,0.55204434,-0.449260268,-2.136223556,-1.370027389,-0.142716302,0.607752678,0.490235086,0.787183822,-0.858965665,1.328850612,0.643484136,1.353435369,-1.011700917,0.396962396,-1.555423324,-0.638090975,-0.860856025,0.947518044,-1.095716486,1.326597434,-0.639227339,-2.752002089,-1.838851077,-2.397995278,1.145877481,0.489499837,-1.042137442,-1.929643177,1.506031043,-1.735001135,-0.52087596,-1.166034965,-1.606941032,0.487290841,0.404598066,-0.534435489,-0.945204742,-0.168063685,-0.456495279,-1.123314901,-0.897959775,-0.976837232,-1.698269126,-1.276543497,0.505008738,-1.304898723,-1.28518286,-0.273516217,0.18448588,-1.412638336,-1.663894098,-0.649704623,-0.895508193,0.201879056,-1.17409043,0.039028387,-0.372514008,-0.72216413,-0.803408575,-1.670781543,-0.56651453,0.221301856,-1.223155624,-0.885519073,0.583890195,-0.193584749,0.516350334,-1.498343865,-1.984858899,-0.866786537,0.46102595,-1.239599982,-1.316395234,-0.880199912,-2.224698554,-2.034850658,-1.389900857,-1.366491734,-0.524248644,-0.805644212,-0.442232832,0.803748937,-0.499885684,0.479520698,0.645321551,-0.148152041,0.723288337,1.347527545,0.31619664,-0.053928342,-1.065661189,-0.963644428,-2.602339747,-0.68319685,1.340014793,-0.626423549,-0.465692934,-0.433401727,-0.317591603,-0.555474375,-1.577939245,-0.7271177,-0.023268627,-1.440539376,-1.020818261,-1.199980783,-0.506003933,-1.046684196,-0.119008787,-0.502857454,-0.521549587,0.267810943,1.50928603,-0.784385661,-0.479650006,-0.172450437,-0.577499757,-0.171381617,-2.065144237,0.784038521,-0.073108472,-0.568807906,1.102006522,-0.360682965,0.299141166,0.362418419,1.496067626,-1.387094681,0.007670506,-0.05087233,-0.691548459,-0.798952239,0.823253966,-0.478035801,0.951039924,0.003294567,0.949106361,0.617938603,-0.300564698,1.088326235,0.519983562,-1.601965898,-0.305710275,0.231429131,0.037681067,1.016425618,0.260670523,-1.286630038,-0.880923588,-0.974979728,-1.047539018,-0.581605806,0.018821754,-0.067957693,-0.738981717,-0.48824907,-0.613042936,-0.620454495,-0.176259965,-0.105471633,-0.453815369,-0.265268478,-1.595535007,-0.785262469,0.280279743,0.200897942,-0.95972029,-0.697958738,-1.235119533,-0.513328754,-1.827593922,0.554402221,-1.766091722,-1.398366942,0.099754833,-2.222850125,-3.083471188,-0.345735004,-1.235463471,-0.52256088,-1.155817762,-1.869504818,-1.941420244,-0.180443322,1.057581939,-1.666537504,-2.174191878,-0.235722334,0.741079834,-1.62455155,-2.401301066,-0.1062498,0.455397477,-0.333377032,0.075107472,-1.188427593,-0.092883127,-1.92004749,-0.513997315,-0.901402119,-0.868453402,-0.580890498,0.925765702,-0.120474153,0.993622075,0.982976945,-2.237734121,-2.251891979,0.899876757,-0.009848336,-0.790980541,0.302324349,-1.680397001,0.474555753,-2.343407088,1.567490285,0.05552931,-1.852146619,-1.931021537,-0.6806259,-1.89645354,-1.340556469,0.199997742,-0.895018597,0.07723878,-0.833559334,-0.194556094,0.541917231,-0.58554917,-2.317698731,-1.497002483,-0.378044513,-0.671190013,-1.629130546,0.000299955,0.670441343,0.34351878,0.223623436,0.924100159,0.719886478,0.736637612,0.134356052,0.002197584,-1.07089985,-0.806315879,0.61453678,-0.52087596,-0.014301785,0.805090979,-2.018911042,0.202695916,-1.636809109,0.899632755,-1.293532881,-2.750435918,-0.593663902,-0.308973808,1.399901365,0.222423292,0.181154209,0.733521075,0.660417356,-1.080281332,-0.329059777,-0.214679473,0.587453276,0.316706751,-2.015153052,-1.514127733,0.4407679,0.502349805,-1.827593922,-1.470110847,-0.267095439,-0.888189302,-1.09481949,-2.397995278,-0.284088537,0.453747207,-0.094420576,-1.195013063,0.516410002,-2.137918471,0.234518609,-0.549393217,-0.909315118,0.557556526,-1.275826908,-2.323808729,-1.56398665,-1.836966062,-0.526447005,-1.810942289,-2.022683208,0.74749331,-1.141624179,-2.251891979,0.030141157,0.338897864,-2.482908647,-0.880199912,-1.410996974,0.197210169,-0.368458382,-0.310746012,-1.348613294,-0.588967362,0.203675268,0.601470392,0.060906935,0.158967631,1.007994416,-0.895263365,0.014198719,0.072041553,0.224662397,-0.974979728,-0.011566636,-0.913046002,-0.49265832,-1.530626732,-0.771108722,-0.378628454,-0.441144101,-0.202116184,-0.426025022,0.42963726,-0.850034936,-0.546625528,0.027225986,-1.855978042,-0.059643853,-1.049536451,1.226682965,-0.602575482,-0.390084006,0.344440406,-0.958937307,-0.036249133,-0.65027928,-0.291823972,-0.437575162,-0.545762194,-0.186570571,-0.455075609,-0.815540829,-1.646101897,-1.072359918,-0.399135184,-0.051925073,-0.09123848,-1.694451287,-0.166526951,0.540112544,-1.4554301,-0.329059777,-0.235595759,-0.807436327,-1.352859585,1.058519195,-0.428784913,-0.540082805,-0.852611955,0.368662802,-0.529498889,-0.478358434,0.332105574,0.087186362,-0.01349059,-0.84304027,-0.97127504,-0.685575915,-1.197990733,0.256810409,-1.015006705,-1.184497028,0.108316143,-1.503277717,-1.769606665,-0.362836746,0.068406033,0.29020389,0.444108732,0.402460599,0.544821171,0.48396817,0.046501834,-1.698815724,0.22872793,0.039509133,-0.730226189,1.515237117,-0.52087596,-1.718137329,-1.328780455,-0.147572364,-0.784823969,-1.275826908,0.917410105,1.423830965,-0.521044324,-0.634689611,-0.644928608,0.737881512,-0.583396317,-0.636010989,1.227943205,-0.935983365,-1.48456893,0.031401763,-0.632804952,-0.794515675,-0.16546444,-0.459815703,-0.813282982,-0.246412178,-0.255925041,-1.122085645,-0.354962126,-1.053543325,0.364156884,-1.051824127,0.835037292,-0.944175935,0.784814369,1.084141422,-0.312384685,-1.219086442,-0.882372514,-1.603952982,-0.628858691,-2.202739758,-0.970219074,-1.081165375,-0.368313842,-0.478035801,0.373010785,-1.062473242,-0.13398864,0.366793577,0.466372043,-0.214803427,-0.491513313,-1.645583359,-1.072067733,1.2986919,-0.548700576,-2.031794888,-0.72505073,-0.773489933,-0.83034242,-0.173639356,0.069152859,-0.31525884,-1.101115419,-1.497896538,-0.727324632,-0.26918749,-0.351545266,-0.772839949,-0.465692934,0.029170377,0.019018006,-1.246880305,-0.982964865,0.798137628,0.143147509,-0.384192973,-0.376440429,-0.753746803,-0.191160505,0.579530454,-1.065370955,0.264131932,-0.744229971,0.84397807,-0.881889305,-0.486133011,-0.289951312,-1.180907531,-0.343476711,0.20073433,-0.857786003,-3.442019376,-0.646645347,-0.378336441,0.750897086,0.158882325,-2.845589615,-0.051398563,-1.888490658,-1.375948069,-0.58842687,-1.304161532,0.155806451,-2.063568193,-0.291154762,0.77255892,-0.58842687,-0.024190239,-1.446044366,-1.570698084,0.586730552,-0.269318388,-0.757152511,0.163563384,0.531392665,-0.03376363,0.226258694,-1.523719037,-2.273997636,-0.32406947,-2.788718104,-1.09481949,-0.323792959,0.168307145,-0.221020806,-1.311186889,0.514797725,0.835991325,-1.621510494,0.190537712,-2.42249539,0.503680156,0.286155908,-0.996687669,-0.683989243,-0.102032726,-0.285018955,0.263901544,1.160898275,-0.193706116,-0.025933382,0.82373675,-0.776746204,-1.061605563,0.345219581,1.040347381,0.491030996,-0.157121756,-0.940839605,0.117871921,-1.1141321,-0.316630394,-1.47797115,0.209450224,-0.410377152,0.574870273,-0.087848091,-0.696352312,1.554221142,-1.383897237,-1.008954417,0.823999989,-0.839561199,-0.379505006,0.399514103,-0.926846246,-0.148152041,-1.659153505,-0.703399557,-1.145703896,-0.321032052,0.68122641,-0.899187824,0.990804336,-1.048965349,0.253633958,-2.078641862,-0.185968198,0.010247316,-1.193362625,-0.500875293,-0.967057849,-0.076989042,0.714664024,0.866974429,-0.62942149,-1.284098849,0.558128969,-0.004811557,-0.559840813,-0.768517488,-1.043556083,-1.327648166,-1.679860377,0.778131504,-0.439746042,-0.378190466,0.182071526,-0.557218663,-0.294639553,-1.251413879,-0.728774358,-0.252314929,-1.507332689,-2.001740034,1.061567872,-0.953992599,-0.086756864,0.228489238,1.265650989,-0.946234608,-0.618225254,-1.759679576,0.243024607,-1.418817553,0.150400801,-0.889892258,-0.037079008,-2.369793843,-1.028899676,0.217205959,0.77075616,-0.720518377,1.395229325,-0.912298711,-0.075585987,-0.400029906,0.105530501,0.410717954,0.2469382,-0.13547614,-0.903374507,-1.770193691,-0.110819835,-1.123622452,0.476855104,-0.186932169,-1.200977295,0.677271831,-0.5642264,-0.547143886,-0.331703625,-0.660292844,0.253168264,-0.50071029,-1.406905315,0.06803241,1.250446001,1.164774491,-0.082078111,0.469816112,-0.449103565,-0.566338334,-0.705422211,0.486799289,0.757810694,-1.28699216,-0.613412213,-1.052110455,0.037873652,-0.523742016,0.437803216,-1.388697246,1.133239133,1.397456828,-0.004108428,-0.410829471,0.178982656,1.148766601,-0.05794696,-0.002102208,-0.069135739,-0.731472295,-0.71070034,-1.143191332,-1.595535007,-0.618039708,-1.713133149,-0.169010543,-0.179964337,-0.52661631,-0.051398563,-0.361687486,-0.399582445,-0.51617323,-1.120857898,-1.127320453,0.583778644,-0.632993258,0.848568481,-0.554255182,0.272314595,0.78745686,0.772835979,-1.879280067,0.979227972,0.45989016,0.466372043,-0.342912933,-0.051925073,-0.186209104,0.662327083,-2.165435255,-0.500215445,1.287605982,0.047646653,-0.446287103,-0.103140759,-0.506501652,-0.397943467,-0.360252765,-0.68319685,0.008364916,0.393257565,0.220098921,-0.612673796,0.772928316,-0.403467105,-0.434945413,-0.794737036,1.27631207,-0.712941808,0.138456743,-0.718054816,1.247319609,0.917370149,-0.775659602,-2.736449676,-2.228405695,0.239961336,-0.572878348,-1.681471115,-0.694147681,-0.201259758,0.285629968,-0.038844784,0.428530381,1.346123196,1.250331443,0.193838317,-0.437730069,-1.672377712,0.06137728,0.154007812,1.205102166,-1.348613294,0.544357107,0.876135182,-0.166408838,0.16847615,-0.958937307,1.102039742,-0.412036653,-0.838866835,-0.933691247,-1.183516796,1.011055308,-0.215795614,-0.451299644,0.193673545,0.558929838,-0.311974765,1.004411493,-1.427533109,-1.420471813,-1.677716753,-0.20138206,-1.610438413,-0.821662603,-1.915963073,-0.278656261,-1.341703478,-1.711470638,-0.779576909,-0.897714346,-1.136002678,-1.366099654,-0.976306164,-0.876108942,-1.204639693,-0.671972945,0.809061805,-0.07063708,-1.062473242,-0.661454734,0.676458699,0.066442957,-0.76378426,-0.777398733,-1.426283369,-0.541456667,0.131028262,-0.30788478,-0.434018916,-0.351829559,0.275204551,-1.643511893,-0.044056386,-0.435099913,-0.436182081,-0.123298216,-0.929629296,-0.518018094,-0.059431584,-1.465770563,-1.46793835,-1.728221448,-1.877971166,-0.830801346,-1.527857925,-0.767439785,-0.30652516,-1.283737773,-0.208378099,0.012916225,-0.635822114,0.60529909,-0.520202786,-0.845133538,-1.417991448,-0.007729798,-0.521212717,1.149178652,1.309224314,-0.578926036,-0.154200681,0.613400262,-0.700373226,-1.175709339,-0.662424008,-0.828966904,-1.555897146,-1.867561183,-0.543348815,-0.394821948,-1.028340236,-2.031794888,-1.465337568,0.255417112,0.533447802,0.167123313,0.406797553,-0.549220012,-0.200526261,-0.202850848,-1.639381789,-0.290486,0.937778214,-1.180907531,0.091119593,-0.409322538,-0.507497834,-0.769812265,-0.711107506,-0.372078689,-0.107139876,-0.544899604,1.142086762,-1.794563397,-0.764643182,-0.532389802,-0.708463885,-0.474011651,-1.774902352,-0.29813653,0.002297359,-0.370339306,-0.124769887,-1.944910649,0.364573667,-0.688756832,-0.55809195,-1.140998005,-2.072267338,-1.043840053,-0.284354282,-1.208650394,-0.592035679,-0.764643182,-0.804972996,-1.438430116,-0.689155159,-1.113522901,0.388996915,-0.489390343,0.359909706,-0.904856354,-0.048770164,-0.642454066,0.329159852,0.352064331,0.484953816,-1.686859059,-1.226900309,0.516290663,-0.198085152,-0.489716661,-0.944947441,-1.365707728,-1.446044366,-0.698360748,0.640168256,-0.787018396,-1.098712294,-0.035834453,-0.111825815,-1.889151815,-0.907578791,-1.532476871,0.430482871,-1.151064149,0.393257565,-0.656236827,-0.393931872,0.121509417,1.241152975,-1.560647748,-0.21121498,-0.709683149,-0.546798284,0.186396576,-1.918684163,-1.205640861,-0.752684893,-0.156186083,-0.435563556,0.030238183,-0.283690051,-1.156135475,0.056569351,0.655029858,-0.089049817,0.137585663,-0.738772359,-0.907826653,-2.694147296,0.019704583,-0.760997847,-0.30734071,-0.207762449,0.230873597,-0.438504962,-0.125790006,1.084648582,0.03333806,-0.460607908,-1.952632695,0.167461694,-0.465852258,0.433663762,-1.53433044,-0.038221213,-0.246540129,-0.328642966,0.556238663,-1.103524333,-0.424800844,-1.570698084,-0.506833602,-0.987786734,-0.009646377,0.172944395,-0.886004039,-0.086865933,-0.038636884,-0.050136069,-1.156453288,-0.500875293,-2.024953356,-1.979777219,-1.226559303,-1.628111178,-0.319654452,-1.600478171,-0.092883127,-0.760569857,0.62063025,-1.475781528,-0.169010543,-0.985105048,-1.350541191,0.545864528,0.038739828,0.6326538,0.707000775,0.534327284,-0.441921645,-2.164563795,-0.428324402,-0.222768622,0.824920779,-0.382139283,-0.939559359,-1.027781108,-0.132845913,-0.668454568,0.289006195,-0.939303506,-0.915041512,0.088926209,-1.081165375,-1.430455257,-1.284098849,-2.107018309,-2.600991129,-0.352540645,0.1645818,-0.262794357,-1.361016554,-1.301218189,-1.803629642,0.60251106,0.367832467,0.527446725,0.225540676,-3.11002142,-2.595614772,-1.222136775,-2.713565382,-1.277619344,0.818766102,0.977686821,-0.272596435,0.098215047,-0.202728367,-0.662617976,-0.431706419,0.524136638,0.58316489,-0.168418652,1.132498285,-0.295848662,-2.742641646,0.299215308,0.174541369,-1.801203928,-0.443322751,0.448971496,-0.462829425,-1.777856564,-1.937941979,0.37939488,-0.019386714,1.018233413,1.303944828,-2.010662026,0.045737892,-0.30151058,-0.586267819,0.452157836,-0.544382407,0.362835926,-0.198328995,-0.133531393,0.975691075,-0.368892128,-0.494624244,-0.171381617,-1.198322133,-2.149006005,-0.332818918,-1.145703896,-1.417166025,-0.717234976,-0.472727335,0.083973434,0.735631792,0.644639476,-1.07031642,1.061602463,-0.132731712,-0.234963128,-1.164111271,-1.337885222,0.818898386,-0.223018559,0.003792798,-0.925583779,-1.208650394,-1.588655373,-0.668649709,-0.442388462,-1.769606665,-1.005121946,1.199543007,-0.855430844,-0.37760678,-0.790098707,-0.245261357,0.243495048,0.563664723,0.173785226,-0.872034641,-0.131932671,-1.186460379,-0.350692872,-0.809905741,-0.418854345,0.024009452,-0.672560547,-0.72216413,-1.229632551,0.105260511,0.570866546,-0.437110586,-0.774357236,0.5817127,0.478839478,0.294459057,-1.103524333,-1.834458224,0.48211746,0.051833149,-0.343335737,-0.107251191,-0.987786734,-0.103362513,-1.414693836,-0.437575162,0.832039179,1.114977643,-0.361831071,-0.432476657,-0.132389188,0.564518038,-0.450201002,0.289380629,-0.090034123,-0.481266822,-1.049822124,0.228330078,-0.146066776,0.486246005,-0.159934038,0.03449804,0.26918709,-0.529668712,-0.811705517,0.457614702,0.384105269,0.380420767,-0.314026048,-0.571992059,-0.563874845,0.186147562,-0.540426094,0.436446846,-1.085597352,0.745692191,-1.171828351,0.621436333,-1.821394274,-0.22589734,-0.336032333,-0.878272665,0.508202186,1.348878019,-0.380089802,-2.009915479,-0.357246536,0.335185695,0.342951203,-0.440833252,-0.239272933,0.158370336,-0.921554562,-0.784385661,-0.948555692,-0.046358124,0.517066111,-0.024190239,-1.191056579,-0.024702613,-2.155890714,-0.99912901,-1.45328923,-0.392154094,-2.234926445,-1.835084594,-0.993171776,-0.163460549,0.027420596,-0.13398864,-0.106917282,0.192436891,-0.810130536,-0.216043814,-0.632804952,-0.943148186,0.502833774,-1.246880305,0.097943074,0.428204595,-0.856372242,-1.852146619,-0.791863153,-0.596383512,0.013113639,0.202532597,-0.029016949,-0.281302465,0.586062958,-0.785920581,-0.007528266,-0.470643834,-0.581605806,-0.098384902,0.947518044,-1.130412601,-0.177095238,0.155635292,-0.656622406,0.683248348,0.645111732,0.326133259,0.995619338,1.495529859,-0.523910863,1.43684488,1.482422388,0.470441034,-1.09302791,-1.205974807,-1.065080805,-1.273322882,-2.214574216,-2.370863934,-0.056252942,-1.780226233,-1.801809805,-0.439746042,-1.744112816,-1.538513574,-0.081969563,-0.357103607,-1.570698084,-0.364419139,-1.475781528,-0.310336763,-1.038458366,0.531216313,-0.329615796,-1.770781063,-2.155890714,1.009052212,0.27778324,0.595809948,-0.590049223,-0.714983875,-0.097171912,-0.792304752,-0.995333939,-0.984569573,-0.24794867,0.707789457,-1.723727059,-1.231686643,-0.469363834,-0.76593295,0.191529038,0.536317917,0.204735152,0.387233247,-1.52924137,-1.371997056,-0.715801871,-0.312931507,-0.706637771,0.409855456,-0.365427421,-0.962858368,0.146262507,1.42870709,1.2182011,0.608024927,-1.527397202,-1.014730805,-1.940027486,-1.049250859,1.106844974,-0.430936774,0.003693172,-0.3878708,0.560929211,0.702404202,-1.282655326,0.723918839,1.056921862,0.984622051,-0.762282919,0.669008165,-1.525096764,0.857898616,0.93969471,0.091667189,0.165175398,0.241140628,1.304406202,0.883808862,-0.980296062,0.396424363,-0.31429987,0.949648136,-2.097198263,1.511273664,0.529863253,-0.972861083,-0.811255269,-0.373821103,-1.389499492,-0.007326775,-0.348140041,-0.003907625,-1.116878097,-0.110038105,-1.049822124,-0.168181993,0.724548944,-0.553385238,0.214708072,0.873675464,0.019410394,-0.243601393,0.630154131,-0.69214768,0.956779871,0.999197028,0.484276289,0.107508208,-0.465374361,-0.17007683,0.209936724,0.077701508,0.412109651,0.356064758,-0.478035801,0.517244976,0.646265195,1.182708309,0.111094048,-0.27010414,-0.709683149,-0.834480357,-0.11171399,0.097761718,0.025960102,0.370873663,-0.346159002,-0.261364764,-2.606396547,0.523603636,-0.976571663,0.456284957,-0.500380366,0.896332893,0.694646057,-1.079986825,-0.034798506,0.923226623,0.231111721,-0.43912531,-0.05087233,0.287432041,-1.441384327,-0.384486702,-0.647791479,-2.257611727,-0.953733027,-1.435904862,-0.442232832,-0.017247893,-0.773273225,-1.229632551,-1.581822745,-1.535258514,-1.047824122,0.57874592,-0.806315879,-0.259418607,-0.12081262,-0.696352312,-1.144132804,-0.710496819,-0.096841351,-0.19334206,-0.245133569,0.195731244,1.008906376,0.033918218,-1.795767491,0.287882052,-0.158526908,-0.577321615,-0.957633695,-1.072944542,-2.695627681,-1.838851077,-1.022762976,0.088651698,-0.816671667,-2.432693778,0.782850764,1.005802314,-1.560171671,-0.602940913,-1.801203928,-0.981896489,-2.439550948,-2.273997636,-1.285906187,-1.322005871,-2.833613424,-2.041760475,-1.872752628,-1.818308804,-2.557477343,-0.947781399,-2.667868411,-1.7333019,-1.677181565,-0.097502581,-1.59405681,0.911036955,0.78189039,0.300178664,-0.677273831,-0.378190466,-0.521718065,-2.549765222,-2.584948004,-0.778487228,-0.111602177,-0.890622985,-2.791975436,-0.644357016,-1.189084192,-0.880923588,1.477893117,-0.351829559,0.791543502,-0.35638927,-0.138228119,-1.030860187,1.186348403,-0.235089622,-0.063365876,1.596393199,-1.766091722,0.263210061,-1.295357366,-1.637837387,-0.972861083,-0.377315065,1.645480504,-1.713133149,0.198358934,0.399178723,-1.570217199,0.860989416,-0.525600909,-1.885850393,-0.324346057,0.480201454,-0.064538521,-0.835402228,-0.230042293,0.362070362,0.150658876,-0.124769887,-0.766793721,-1.284098849,0.367970904,-0.636955901,-0.603306477,-0.851908473,-2.962297497,0.129448067,-0.832179389,-0.296655547,-0.698159722,-0.115972176,-0.101368494,0.102285794,-0.101147182,1.119002978,0.204246114,0.462412389,-0.655466114,-0.973125669,0.180069022,-0.858965665,-0.358533813,0.866343899,-1.713687934,-1.026384655,-1.227241431,-1.9618363,-1.866914143,1.038012667,-0.954511945,-1.822012512,-0.031800313,-1.551169004,-2.638057829,-0.348706774,-0.764428383,-1.826350914,-0.688159639,0.088834714,-0.508827621,-1.045261113,-0.464896692,-0.644357016,-1.74239804,-1.54975491,1.18227919,0.344086035,0.262902581,-0.977102871,-0.740658163,-0.762926075,0.02586266,-0.835171681,0.924139847,-0.287282152,-2.709050701,-0.655273528,0.644639476,-0.762926075,0.557842789,-0.07063708,-1.00103196,-1.065951506,-2.200028505,0.335757696,1.01287283,-0.780013114,-0.020202707,-0.833099141,-1.019985968,0.118138528,-0.453185844,-0.127265351,1.166551272,0.731790804,-0.56951462,0.039893564,-0.941864983,-0.210103938,-0.979496808,-1.402423743,0.246313053,-0.709683149,-0.217658621,-2.015153052,1.009161575,-0.190192451,0.188137942,-1.212004976,-0.062620362,-0.096951526,-0.234583741,0.024985253,-0.235722334,0.455080329,-1.084709383,1.177854676,-0.800287056,-0.989937272,1.590703514,-0.940583424,0.228250489,0.284502021,0.650083091,-1.592089274,-1.374761125,-0.829883704,-0.323102018,-2.106196279,1.26545353,-0.379943571,-1.219424909,-1.459725639,-1.760260802,-1.446893983,-0.938536341,-0.912547746,-1.287716798,-1.766091722,-0.908570609,-2.128631786,-1.171182982,0.242318531,-0.242708707,-0.90090963,-0.854725376,-2.176833888,-1.871452238,-1.327648166,-0.055829885,-1.09631493,-0.599292605,-0.274305275,-0.909315118,0.860566583,-1.675577715,-1.503277717,-1.149800325,-1.799388496,0.515096491,-0.730641385,-0.287015628,1.399802711,0.603988044,0.130238477,-2.499817263,0.322300867,0.558643887,0.66926424,0.775326067,-0.709276562,0.622027048,-0.267095439,-0.030046921,-0.272202502,0.33675791,-0.551821244,-1.180907531,0.490663732,-0.165346453,-1.422958345,0.745502411,0.20611946,-1.943513024,0.2112329,-0.086756864,-1.461449035,0.529686631,0.432820838,0.254797245,-0.070207895,-0.730018655,-0.944433038,-0.368024825,0.947634348,0.452984624,-0.41143288,-1.783196239,-1.208650394,0.983313664,-0.533753128,-0.694748462,0.59227657,0.540229074,-0.826907171,-0.958937307,-0.700171795,-0.086756864,0.14660802,-0.884307686,-0.872034641,-0.304082494,0.157687276,-1.602462299,-0.098715973,-0.434018916,-1.149484619,-1.188099455,-1.076459484,-0.072678225,-0.917791858,-0.301916232,-0.456811035,0.002895803,-0.733969175,-1.186460379,-0.431552443,-0.654118794,-1.129793406,0.46272722,-1.367668897,-0.310336763,-0.259937212,-0.054033888,-0.628671161,-2.205458382,-1.605944023,-0.007830579,-1.242020872,-0.556171726,-0.776094101,-1.637837387,0.450438474,-0.568984538,0.081211255,-1.709258248,-1.717580071,-0.449103565,-1.378326191,-1.056702886,-0.769164667,0.877425156,-0.594750859,-0.881647788,-0.821207851,-1.10714862,-0.408569923,-1.226900309,-0.83632495,-0.712126147,-1.0820502,-1.015282681,-1.774312556,-0.809905741,-0.234710188,-1.663894098,-1.018046641,-0.862039317,-2.371935171,-1.019708691,-1.352859585,-1.375156617,1.331864574,-0.53580161,-0.355390055,-0.189708775,-1.5847453,-0.422509543,-1.52924137,-1.159636991,-1.95970486,-0.304353607,-0.093541744,0.104720311,-1.792159549,-1.212677245,-0.746126105,-0.632616681,0.250525228,-1.268333563,-0.480296419,-0.954511945,-2.32995629,-1.079103822,-1.566378423,-0.430782916,-1.849600469,-0.677864557,-2.107841016,0.32570014,-2.752002089,-0.86654864,-1.277619344,-0.581963652,-1.880590683,-1.137561039,-1.447744323,-0.729811165,-0.453815369,-0.326422901,-0.129425547,0.078348966,-1.722606611,0.29617094,-1.482805262,-0.721340915,-0.600932697,-2.533256911,-1.685779146,-0.677470701,-1.09631493,-0.305031711,-1.008406021,-1.399176987,0.123279016,-1.212341054,0.29020389,-0.114849842,-1.420471813,-1.554476354,-0.924574951,-0.837479551,-0.458549479,0.086269435,-0.398986142,-0.129880921,-0.788997506,-0.948813924,-0.194191729,0.136713823,-1.158999439,-1.609437912,0.161523434,-0.525093596,-1.261248872,-0.020100672,-1.242367192,0.177392764,-2.262403303,-0.310064023,-1.304530059,-0.923818998,-0.483859176,-1.436325295,-1.23031678,-1.664950622,-1.451579828,-0.149312403,-0.048665172,-0.579104465,-0.288882793,0.249356958,0.08782771,-1.190069899,-0.611751542,-0.896978421,-0.40947313,-1.332943186,-1.04867992,1.280628243,-0.62735944,-1.004029646,0.169151883,-0.918793862,-2.005447862,0.041237908,-1.556845462,-0.531198414,0.214788747,0.75396002,-0.705017353,-1.633730605,-0.11440126,-0.807884858,-2.783851915,-1.909867558,-0.380236054,-0.209980565,-0.224018934,-1.193362625,-0.150939176,-2.25094186,-1.831332244,1.149305403,-0.115410852,-0.197110374,-0.492167442,-0.51232675,-0.919546025,-1.165714092,-0.468884256,-0.299080117,-0.314026048,-1.333322476,0.08764451,-1.832581464,-0.920800887,-0.517346841,-0.052662653,-2.517016704,-0.71070034,-0.820753305,-2.361274089,-0.442077227,-0.635255702,-1.106846094,0.065132095,-0.082946921,0.00548493,-0.365283318,-0.373094728,0.293042679,-1.760842367,-0.441921645,-1.587187303,-2.610469873,-1.041003976,-0.207762449,-0.499885684,-0.081643989,-0.29881043,-1.131652143,0.12398598,0.467625804,-0.090909875,1.00243173,0.731068974,0.309908231,-0.710293339,-2.446455463,-0.0438474,-1.628111178,0.832517742,0.525911261,-1.013352445,-0.934200152,-1.525556428,-0.240925721,-1.389900857,-1.498791392,-2.591601388,-0.571637763,-2.958436489,0.591225191,-0.748871329,-1.231001477,-0.09629066,-0.191160505,-1.683084453,-0.716620537,-0.693147181,0.765700373,0.91095653,-0.157941188,-1.224856015,-1.097213268,-0.645881988,-2.753570716,-1.051824127,-2.306593114,-0.776094101,-0.090252989,-0.855901432,-0.282230294,-0.329059777,-1.855978042,-0.95010608,-0.473690417,0.016758784,-1.608938037,0.034594645,-0.912298711,0.090845683,-0.757579041,-0.993171776,0.772605102,-0.58411342,-0.090034123,-1.672377712,-0.828966904,0.506516352,-1.701553201,0.241297762,-0.949589017,-0.633935321,-0.067101804,-0.993711879,-0.304896053,-0.240544066,0.455841315,-1.685239626,-0.947523434,-0.169721275,0.250058084,-0.958415658,0.373010785,-1.054978252,-0.192493112,-1.039588948,-0.437575162,-1.091835304,0.192354392,-2.089087919,-0.269842154,1.330120756,-1.059007034,-0.727738625,-0.339256108,-1.048965349,-1.698269126,-0.823255866,-0.728774358,-0.581248088,-1.117183674,-0.662617976,-0.142947009,-1.051537881,-2.187472286,-1.092133323,-0.047720736,-1.275826908,"NB"
"48",-0.526108481,-2.068303797,-1.134135845,0.233252285,-1.979053368,0.157772684,1.516861991,-0.57234648,-0.277599737,0.061001022,1.437438894,0.018527305,1.47132461,0.504465441,-0.912796843,-0.319103942,0.39548211,-0.676290063,0.287957035,-1.913249367,0.085902429,1.2398514,-0.518185978,1.245306668,1.201529823,1.469117814,-0.707246105,-0.614151174,-2.253794929,-0.788337368,-0.148500008,-0.893551245,-2.111138628,1.055530799,1.09767852,0.714566148,-0.374257181,-0.968637212,-0.810580277,-1.216382824,-0.859201765,1.225333041,0.619608277,0.044782143,-0.74675895,0.332822728,1.38231144,0.470815799,-0.802515718,-1.866914143,1.513103208,-2.632479014,-0.532389802,-2.682382454,-0.296521021,0.708331316,0.358233728,0.925963797,-0.140412154,1.613410013,1.420719942,1.699296898,-0.677077,-0.404815319,-0.997771974,-1.561600583,-1.960414835,-0.237622873,-0.113840816,-0.968110481,-0.404515559,-0.649321701,-1.307483181,0.525024343,-1.732736129,0.8177072,1.092225268,-1.182537524,-2.649309706,-0.324761081,-1.270468796,-2.149006005,1.287330013,1.227679565,-1.641961104,-1.293897512,-0.88213088,1.091822624,-1.745257636,-1.48456893,-0.594932133,0.804554378,-2.150722744,1.184820565,-0.863224011,-0.355818168,-0.362405619,-1.51367329,0.606335784,-1.097512893,0.302546054,-1.275468806,-0.963644428,-0.571814895,-0.657973106,-1.20330636,-2.335108285,-2.081844426,-2.084253099,-1.285906187,-0.820071874,0.11867153,-1.286268047,-1.148538097,-1.193692495,-1.224175512,-1.739546598,0.382469388,-2.092324168,-0.73417753,-1.413871129,-1.399987688,-1.88981341,0.052117954,-0.874429278,0.362905494,-2.094758246,0.039509133,-1.95970486,0.529686631,-0.838172953,-1.310074335,0.23515117,-0.440988664,0.029364609,0.128569101,0.525911261,-1.618478657,-1.781413177,0.61334611,0.545574816,0.235072122,-2.143873402,1.364789786,-2.468639677,-0.765717873,-2.048718369,1.221360754,0.635041259,-1.975441952,-0.524417577,-0.410075721,0.897352531,-0.754597143,-1.241328591,-0.302728031,-1.994365369,-0.689553645,0.741032173,-1.354795694,1.264804464,-0.092005646,-0.572701027,1.031296581,-0.14664558,-0.884792065,-2.274969926,-1.414282398,-1.619488248,-0.682207241,-0.490043085,-1.240636789,-1.188427593,-2.430418465,-0.32892082,1.311597754,-2.294616923,0.574645136,-1.616462527,1.463047047,-1.538979449,-1.672377712,-0.811930717,-2.675099101,-0.923818998,-2.065933192,-1.729348209,-1.30933332,-0.166408838,-0.985105048,-0.71621112,-1.826350914,-0.835863483,-1.909192566,-1.01694014,0.22154227,-1.987044692,-2.801811581,-0.799619425,-0.221020806,-0.882855956,1.256441907,-0.697958738,-1.483245887,1.00199125,-0.124316835,0.459827023,-0.507165663,-1.376740148,-0.34418188,-0.081426999,0.15237768,-1.4929891,1.150192209,0.852370686,-0.293297811,-1.472724089,1.135040645,-2.02798826,-2.273997636,-0.343335737,-0.685972977,-0.12284583,-1.575036486,-0.677470701,-0.228910146,-2.159350925,-1.637323116,-1.28916765,-0.225270812,-2.066722769,-1.340174426,-2.208184418,-2.281802554,-1.327648166,0.776568789,-0.369326061,-1.133825044,0.373905639,-1.090644119,0.6249754,-1.511857584,-1.749850066,-1.252463013,0.114042716,-1.404458332,-1.060738636,-1.112914073,-1.308592853,-0.804972996,-0.520034563,1.376471272,-0.709276562,0.328871999,-0.105916226,0.113239396,-0.747392195,-2.257611727,-1.686318957,0.515096491,0.610797648,-0.764428383,-0.102475792,-1.836338513,-1.155817762,-0.749717532,-2.093134869,-0.857786003,-2.172434409,0.183737221,-1.373970611,0.310494871,0.661656513,0.507901352,-0.356246464,-0.008939842,-0.62942149,1.205042232,-0.616186139,-0.320205264,0.644901868,0.108944087,-0.156887756,-1.64506509,0.997206904,1.018486244,1.430048054,-1.00758399,0.005584378,-0.312384685,0.663924322,1.414493015,-0.074400323,0.026057534,1.008468739,-0.741077714,0.091940874,1.480103415,-0.221020806,-1.806670082,0.235072122,0.750802693,-0.699165253,-0.159934038,0.311520662,0.058174564,-1.924833823,-0.345452438,-0.2714151,0.107867371,-2.080241862,-0.414304057,-1.027222293,-0.047720736,-0.815766894,-0.746547957,1.154645996,0.25502974,-0.521044324,-0.111266812,0.461845442,-1.195013063,-1.06363132,-0.501535577,-1.84010973,-0.95998142,-0.859910398,-0.937769764,1.282931848,1.345472367,1.466629334,-0.658166212,0.208395329,1.404036043,-1.596521687,0.651126551,-1.667067025,-2.130313872,-1.142877705,-1.125161624,0.200816139,0.544415127,-0.222768622,-0.139262067,1.256384973,0.749574772,1.399284621,-0.374693449,0.398037592,-1.472724089,0.069059536,-0.431552443,1.37082533,-0.559315833,1.543469035,-0.410980289,-2.240549702,-1.501480771,-1.548342813,1.34317807,0.620791518,-0.714166548,-0.930389656,1.497656829,-1.53991185,-1.256319285,-1.087672349,-1.139746832,-0.904609227,-1.255266099,-0.59511344,-1.192373668,1.044859833,-0.900663476,-0.006118681,-1.692276191,-0.364995176,-0.649896139,-1.088859997,0.353680465,-2.091514123,-1.188755839,0.214143169,-0.872991807,-1.352859585,-1.576003136,-0.358390701,-0.586807145,-1.113218441,-0.296790091,-0.347998408,-0.487597498,-0.646263595,-1.00758399,-1.241328591,0.391501401,-0.112049504,-1.188099455,-1.378326191,0.273304205,0.086085949,0.819471414,-0.829425199,-1.446893983,-0.666310527,-0.586627337,-0.841183259,-0.521718065,-1.51367329,-1.472724089,-1.851509474,-1.100814712,-1.080281332,-0.310473161,-0.733552595,0.056663847,0.877674636,-0.489879859,-0.0216323,0.391501401,-0.430167721,0.438899884,1.435822348,0.336543663,0.413565544,-1.123314901,-0.91904452,-1.64092858,-0.79939698,0.105800419,-0.176856517,-1.092729626,-2.41128451,-1.274395269,-0.815540829,-0.71273783,-0.671190013,-0.167117723,-0.319516796,-1.343234872,-0.752472647,-0.237242476,-0.797397202,0.369699752,-0.705624702,0.155720875,-0.078177781,1.67801203,-0.984837274,-0.133188594,0.51252418,-0.018775155,0.401122359,-2.122766666,0.345573551,0.513482092,-0.928363313,1.553269597,-0.346441768,0.629355047,0.158626363,0.931967211,-1.685779146,-0.087848091,-1.737839627,-0.877070019,-0.989668202,1.361540497,0.275963679,0.619339163,0.951039924,0.888960644,0.789456861,0.007472015,1.091285513,0.576781889,-0.71539279,0.055623904,-0.1062498,0.179567769,1.059975405,0.130414039,-1.173120341,-1.428367138,-0.536827426,-0.835863483,-0.71621112,-0.59511344,-0.863698282,-0.957894282,-0.470483744,-0.537854296,-1.138809478,-0.436646226,-0.83632495,-0.447850825,-0.001801622,-1.041570548,-0.679047056,0.190289726,-0.030046921,-1.086189769,-0.444725822,-1.370027389,-0.359679453,-1.804844709,-0.079692769,-1.646101897,-1.543182117,-0.618967782,-1.047824122,-2.458069996,-1.005668543,-0.997771974,-1.54271428,-2.05650657,-2.009169489,-2.409057338,0.352837591,1.632470612,-1.410996974,-2.444148657,0.248811298,0.640220975,-2.347582459,-1.537582475,-0.69174816,0.924100159,-0.555648667,-1.512765025,0.133043774,-1.057278425,-1.439695138,-1.770193691,-1.359457707,0.495305812,-1.673976434,1.298009446,0.819383277,1.495798779,1.358357742,-1.774312556,-1.608938037,1.495417788,-0.549739717,-0.092883127,0.782027643,-1.424203934,0.646055573,-1.673976434,1.488083507,0.257429029,-2.233992302,-1.85342213,0.027906953,-2.223773913,-0.857314527,-0.579282924,-0.481752376,0.736733351,0.072971612,-0.52256088,1.301988412,-0.094420576,-1.784982485,-1.373180722,1.455097215,-0.839561199,-0.488575015,-0.572523738,-0.002402885,1.236894876,0.639588163,0.470066127,-0.503353609,0.931927833,-0.598564538,-1.831956659,-0.840024376,-1.225536982,0.976482319,-1.77136878,-0.016129382,0.451011923,-0.988055298,-0.770244231,-1.444347293,0.725081799,-0.424036494,-2.429282746,-0.906587956,-0.101036544,0.527741736,0.597186789,0.080104244,1.541672858,0.693896899,-0.812832024,0.073900808,0.140718007,0.904663396,0.651595753,-2.842153186,0.075478461,-1.47840965,0.984435244,-1.058718725,-2.577021939,-0.882372514,-1.138497222,-0.622129693,-2.044074398,-0.83149013,-0.072248164,0.142714102,-2.133686557,0.718034896,-2.347582459,0.767976321,-0.116983355,-1.586209786,0.47778577,-1.453717037,-2.318714475,-1.456716825,-1.145703896,-0.989937272,-1.33408149,-1.190727578,-0.236228791,-0.904609227,-2.590267165,0.312325903,0.482858155,-2.400197922,-0.80430223,-0.805644212,1.016642726,-0.231805962,-0.287415441,-1.114436839,-0.791863153,0.003892415,1.438934248,0.134880482,0.27117152,0.96740201,-0.673344553,-0.199427025,0.37328621,-0.463624022,-1.37436579,0.578297339,-0.745704431,-1.561600583,-0.627921396,-1.003756758,-0.107807953,-1.62455155,-1.465337568,-0.954252238,-0.388460509,-1.030299648,-0.904115156,-0.970219074,-1.226218413,0.05230778,-0.276017041,1.526056303,-0.390675023,-0.296521021,-0.52661631,0.076405331,0.51730459,-1.382700826,-1.018600351,-0.396158549,-1.290257173,0.486737828,-0.389640973,-1.633218441,-1.603952982,-0.934454703,-0.517682411,-0.858257701,0.058551887,-0.513997315,-1.381107834,1.317185411,-0.588787165,-0.352398387,0.289979432,-0.28143496,-1.419230861,0.061941402,-1.300483705,-0.568101692,-1.242713633,0.60251106,-0.438504962,-1.280134165,-0.847931394,-0.153850725,-0.009646377,-1.125469743,-0.334075112,-1.219086442,-1.843895224,0.731598367,-0.830801346,-0.559140901,0.419499497,-0.795622972,-1.684700397,-0.383459028,-1.238564249,0.081026839,-0.214803427,0.055056206,0.523899783,-0.408118626,0.274140802,-1.6533898,0.733905173,0.117694143,-1.052110455,1.426572208,-0.003104815,-1.329536027,-1.366883968,-0.898696423,-1.662838689,-1.343618087,-0.078610401,1.434107858,-0.097723089,-1.697722827,-1.274395269,-0.186088643,-0.971803442,-1.347073648,1.254760971,-0.195042121,-0.779140894,-0.437884999,-1.188099455,-1.907170321,-0.011870173,-0.803408575,-0.078177781,0.567073623,0.647992899,-1.274037679,-0.271021632,-0.757579041,-0.098384902,-0.588787165,-0.611198598,-1.173766962,0.694845737,0.700867304,-0.441921645,-2.383795148,-0.57234648,-1.732170678,-1.046399417,-2.126952524,-1.397557553,-0.456811035,0.717059001,-0.398688124,0.09567375,-0.709073331,0.012521281,0.899266641,0.601963475,0.392987587,-0.189950584,-1.308222826,-1.380709983,0.768532907,-0.571637763,-1.877317358,-0.578569276,-2.206366235,-0.496101228,0.008662373,-0.741917345,-1.011975982,-0.550259693,-0.730018655,-0.863224011,0.483166616,-0.701179352,-0.727738625,-0.110596421,0.418907684,0.661914478,-0.10280822,-1.001576326,1.102803493,1.162713214,-0.078177781,0.392785055,-1.054978252,-0.454917992,0.613941622,-1.189741222,-0.239272933,-0.043951888,0.963555924,-1.630150954,-0.125563223,-1.615455985,-1.243406874,-0.37775267,-0.364995176,-1.450299691,-2.933696883,-0.927604492,0.163138737,1.013163327,0.245609296,-2.445301395,-0.145141386,-1.213686497,-1.845793358,-0.683989243,-1.597509342,-0.093651556,-1.795165262,-0.180922536,-0.531708835,-0.73459437,0.106519843,-2.15330339,-0.834480357,0.036524775,-0.752684893,-1.319383656,-0.380821277,-1.292439786,-0.001801622,-0.17805069,-2.082646673,-2.217325249,-0.396901877,-2.521985658,-1.340938659,-0.874908894,0.119559235,-1.35208619,-0.877791433,0.622134413,1.131305333,-1.282294771,0.726581957,-1.942814944,0.511265527,0.035463664,-0.937514368,-1.32425897,-1.150748043,-0.982697664,-0.901894852,1.086944484,-0.807660567,-1.263015345,0.0329511,-1.660731207,-1.6533898,1.304568989,0.615401832,0.17386927,-0.014504686,-0.903868212,0.65865925,-0.711514838,-0.281700001,-1.030860187,0.474680177,-0.547835449,0.036428357,0.145225252,-0.771757581,-0.799619425,-1.311929279,-1.702101597,1.102106178,-0.844667988,-0.010454458,-0.461083532,-0.545762194,0.254797245,-0.563347743,-0.926088574,-1.106543659,-0.393635356,0.565313809,-0.58842687,1.460845092,-0.127151786,-0.191039447,-0.628671161,0.666341086,0.566733256,-0.805420423,-0.399731576,-0.451456692,-0.051925073,0.733953175,1.338075284,-0.942634707,-1.813391769,0.787320351,0.070365263,-1.048109306,-0.552863635,-2.098012927,-2.175952442,-1.758518135,1.082787738,-0.798507696,-1.323883101,0.168560642,0.05259245,-0.744651023,-1.538513574,-1.232372279,-0.633181599,-1.10292156,-1.781413177,0.550546212,-1.152329571,-0.086102699,0.655393391,1.327658386,-0.693147181,0.029267498,-1.497896538,0.074643543,-0.853550702,0.960690319,-1.362187286,0.037103088,0.378984231,-1.672377712,0.600977066,0.430157721,-0.529329095,1.437747643,-1.30379314,-1.379120157,-1.601965898,-0.05234648,-0.323931205,-0.476585241,-0.40947313,-0.030974804,-1.112305616,-0.3013754,-1.371208724,0.008563231,-0.634500985,-1.666537504,0.188303628,-0.101036544,-0.33673227,0.332249046,-1.939331834,0.865123745,0.035849653,-0.702995517,-0.105805059,1.249271165,1.059802158,0.243573433,0.158541028,-1.05987246,-0.735011385,-1.636809109,0.774681084,0.558643887,-0.751836177,-1.342468882,-1.218409852,-1.000759889,-1.646101897,0.51903186,-1.717580071,1.233696641,1.491082213,-1.095417398,0.088560177,-0.006118681,1.379949274,-0.29961971,0.05552931,-0.780449509,-1.152962883,-0.476585241,-1.371997056,-0.914292729,-0.509493179,-1.177655496,-0.116983355,0.301067092,-0.840256046,-1.104127469,0.52662023,-0.947781399,-1.043840053,-1.186460379,-1.284821392,0.181571275,-0.759286983,-0.662230078,-0.156536858,-0.111043299,-0.331842968,0.707198004,-1.722606611,-0.044788183,0.442632432,0.102646837,-0.729811165,-0.521381138,-0.450357877,-0.307612708,-1.503277717,1.146735564,1.359282812,0.462412389,-0.234330897,0.079457921,-0.492821999,-0.110931561,-0.764428383,0.473684347,-0.206040643,-0.083707749,0.235388278,-0.758005753,1.378211785,0.114577905,-0.522223669,-1.307483181,0.393257565,-0.760783829,-0.99479296,-0.701380985,-0.246156326,1.103433979,-1.505979204,-2.156754645,-2.048718369,0.998534093,-1.560647748,-1.128556165,-0.369904933,-0.022756987,0.089566443,-0.912049738,-0.219774234,1.29491893,1.275223126,0.139327065,-0.687363936,-1.852146619,-0.133074354,-0.898696423,0.8603974,-1.284821392,-0.3315643,0.31488373,0.292072421,-0.891110433,-0.454602833,1.291269141,-1.894456867,0.292147089,-0.970482961,-0.062194604,1.179977199,-1.390302383,-0.670212209,-0.171144256,0.337186267,-0.343617705,-0.760142049,-1.582795981,-1.335601247,-1.826350914,-1.41551722,-0.689553645,-0.488412029,-1.160913315,-0.854960477,0.219215848,-1.832581464,-0.525431776,-0.112944759,-0.823483682,-1.159318164,-1.09481949,-0.555997342,-0.285817146,-0.840951375,1.142916214,-0.677864557,-0.709276562,-1.106543659,0.973011272,0.267045598,-1.291711719,-0.919546025,-1.560171671,-0.330172124,-0.259159406,-0.91904452,-0.066994869,-0.260326342,0.224502627,-0.752260445,-0.989668202,-0.41536394,-1.180256278,-0.192856859,0.29817681,-0.75587401,-0.254118356,-0.515168373,-0.801177925,-0.983766897,-1.684700397,-1.342086106,-0.451299644,-0.320343015,-0.025522957,-0.923315347,0.037873652,-0.035834453,-0.142831649,-0.13834295,-0.723606388,-0.820753305,-1.060161102,-0.258770729,-1.04611472,1.105819587,1.057095608,-0.908570609,-0.41581852,0.374455921,-1.005121946,-0.993711879,-1.235119533,-1.256319285,-0.8703618,-1.503277717,-0.162401289,0.083421608,-0.451456692,-1.267978134,-0.875868817,1.01203718,0.918568137,0.627861714,0.938834696,-0.296521021,-0.026857454,-0.150357882,-1.806670082,-0.835171681,0.340250803,-0.842343487,-0.036249133,-0.569691377,-0.50385001,-1.294992203,-0.503353609,-0.129767058,-0.119008787,0.296617037,1.212327804,-0.99452258,-0.607520095,-0.867262501,-0.543176654,-0.228281729,-1.63989712,-1.818925137,0.286456322,-1.109572129,-0.596928323,-1.23031678,0.123455804,0.427357055,0.499076877,-0.549739717,-1.605944023,-0.246540129,0.606008523,-0.637523277,0.138195499,-0.951141009,-0.355104749,-1.085597352,0.270561346,-1.77608299,-0.363124268,-0.748871329,-0.801400766,-1.066822966,-0.663006024,-0.063578982,-0.323792959,-0.858965665,-0.897714346,-1.249667764,-2.103734234,-0.380674939,0.300400845,0.476234179,-1.008954417,-1.530164732,-0.457758903,-0.293163736,1.052184332,-0.101811266,-1.028899676,0.088102448,-0.4167283,-1.541779264,-1.016111067,-1.590125601,-0.398241263,-1.259837937,-0.066353501,-0.973390324,-0.177334015,-0.050346374,1.380980266,-1.435484605,-0.09244429,-0.858729621,-0.288749308,0.249279025,-1.36179689,-0.738353773,-0.6314878,0.260670523,-0.840256046,-0.246412178,-0.898696423,-1.278696351,-0.760783829,-0.302592685,-0.962596485,-0.187173308,-1.759679576,-0.784604791,-2.344449297,-0.820071874,-0.555648667,-0.195406796,-0.122393648,0.2112329,-0.055195635,0.102195512,0.511205552,-0.385515433,-0.639796005,-2.065144237,-0.270759405,-0.733136189,1.04288814,-1.435064525,-0.934454703,-0.355960913,-0.057099592,0.660003962,-1.722606611,0.25533965,-1.128247094,-0.121038328,-0.797175251,0.235388278,-0.183322057,-0.728359936,-0.815314815,-0.602210186,-1.082345316,-0.624554389,-0.75438449,-1.974721231,-1.991430664,-1.204973305,-1.46793835,-0.401821753,-1.122700084,-0.431090656,-1.705948813,1.115862642,-2.328929068,0.271019012,-0.214927397,-1.652345413,0.980429173,0.677627369,0.69429652,-0.101700555,0.987010112,-0.820753305,-2.544656654,-0.438194933,-1.200312843,0.293862932,-0.737935363,-1.698269126,0.050122609,-0.688756832,0.315832116,-0.794958447,-1.392714929,-0.140757438,0.154264959,-0.798285499,-0.965218405,-0.762282919,-1.974721231,-2.00619108,-0.533241663,-0.799619425,-0.975510092,-1.031982206,-1.428367138,-2.303585593,0.478157794,-0.368313842,0.385534473,-1.039306183,-2.837020582,-1.696085719,-0.906340401,-2.303585593,-0.363555705,0.1194705,0.828901102,-0.118108088,-0.632240246,-0.053295297,-1.461017907,-0.564929883,-0.065071997,-0.435718151,-0.729811165,0.93562266,-1.008680181,-3.438899249,-0.093651556,0.816470397,-2.200028505,-0.646454453,0.597626979,0.078071535,-1.059295426,-1.084413569,-0.144910172,0.170417652,1.311355274,1.318630963,-2.518256629,0.168053585,-0.689354382,-0.418398384,-0.302186759,-1.463175405,-0.170669704,-0.556520583,-0.308293026,0.313715249,-0.223643676,-1.156771203,-0.378190466,-0.597837001,-1.37081479,0.194332469,-1.109572129,-1.12639467,-0.349132035,-0.280375497,0.014593002,0.173701175,-0.003004509,-1.335601247,0.691245373,-1.149484619,0.192024332,-1.598497972,-1.547402522,0.086636307,-0.766148073,-1.275826908,-0.647027245,-1.815232825,-0.851674089,-0.488738027,-1.172474137,-1.430037284,-1.398366942,1.324019942,-0.754171882,0.131203686,-0.67766761,-0.504015532,0.04831386,-0.099820335,0.578801979,-2.240549702,-0.139262067,-1.181559209,-2.030270498,-1.039588948,-0.975244875,0.857983423,0.262595007,-0.957373177,-1.410177302,1.025396226,0.78353618,0.092579181,-1.378723096,1.005363316,0.511445432,-0.597837001,-0.120023043,-1.846426871,0.40919149,-0.794073099,-1.722046857,-0.444101992,-2.021927635,-0.322273517,-0.817577259,-0.550953415,0.634458184,0.926439063,-0.367302647,-0.555474375,0.831212032,1.111725928,-0.329476762,0.708380561,0.294459057,-0.0965109,-0.910060182,0.194579454,0.023423515,0.644954338,-0.68121861,-0.318553736,0.612858609,-0.850502991,-1.155817762,0.416998344,0.709610907,0.607207956,0.335185695,-1.436325295,-1.893127964,-1.091537375,-0.875388741,-0.704814985,-0.95972029,0.255649463,-1.641961104,0.870288677,-1.398771883,0.23483494,-0.219774234,-1.171182982,1.22274549,1.542186381,0.164666622,-1.745830537,-0.234204499,0.797642322,0.471814489,-0.389788629,-0.783509621,-1.226218413,-1.795767491,-0.39660448,-1.386294361,-0.049295292,0.572052417,-0.095410185,-1.414282398,-0.176737179,-2.219163485,-1.597509342,-1.440961762,-1.089454351,-1.603952982,-1.887829938,0.235783332,-0.284354282,0.181821432,0.130414039,0.857389624,0.663821351,-1.796973036,-1.139746832,-0.677864557,-0.244878043,-0.86298696,-0.6806259,-0.500050551,0.113864256,-0.781759839,-2.276917346,-1.008406021,-1.0761661,0.459132249,-0.988323935,0.011632084,0.490724952,0.009157938,0.045068963,-0.474332987,0.262595007,0.469190799,-0.721135217,1.25846099,-0.846997905,0.047932654,0.079180798,-1.30600553,1.338966877,0.662172376,1.473961773,1.151299611,1.212536035,-0.542488304,1.406660555,1.514907429,0.452030577,-0.655466114,-1.14538948,-1.669718843,-1.04611472,-1.981226494,-2.911391125,0.207664364,-2.170680022,-1.061027528,-0.436491487,-2.188363949,-1.937247776,-0.269318388,0.414887247,-1.893127964,-0.705219762,-1.604450371,-0.056358734,-0.714166548,-0.331842968,0.172523714,-2.210917904,-1.056127677,1.470658487,0.544357107,1.402315337,-0.967320903,-0.076017486,-0.191766016,-0.316630394,-0.693147181,-0.239272933,-0.389198136,1.491239791,-1.589635285,-2.051826375,-0.075046874,-0.191766016,-0.631863952,1.190978746,-0.248333162,-0.299080117,-0.606235809,-1.358679194,-1.98195192,0.423763336,-0.757365753,1.12775029,0.028004196,-0.610093625,0.160161152,1.21152422,0.909064687,-0.120474153,-0.456021832,-0.720312849,-1.716466485,-0.618225254,1.079021639,-1.150432037,-1.285544458,-1.475781528,0.168222632,-0.618967782,-1.494325105,1.14730721,0.927428476,-0.307748735,-1.231686643,0.087461276,-1.284460055,-0.148616024,1.39240068,0.367347786,1.099944734,0.647260298,0.911358589,0.2169645,-0.696954419,0.457361554,0.234202179,1.295001103,-1.617974243,1.461448215,0.477661731,-0.969955256,-1.609938037,-0.032833157,-1.714798428,-0.393042588,-0.705827234,-0.3074767,-1.463175405,-1.030299648,-1.63475572,-0.551300456,0.115380151,-1.893127964,-0.201626708,1.278402867,0.189876281,-1.023041102,1.18111351,-0.541800428,1.455050538,1.078035362,0.789366038,0.432691094,-0.634878272,0.362070362,0.464362749,-0.071066448,-0.173401459,-0.333935457,-0.277863764,0.716521852,0.36686287,1.124409981,-0.745915246,-0.659325632,-1.164752091,-0.616000971,-0.730226189,-0.619525041,-0.227026079,-0.392746336,-0.279317156,-1.032543689,-2.001740034,0.281412459,-0.769380487,0.309688153,-0.686370196,1.404502581,1.252448633,-0.861565832,-0.063365876,0.473622075,0.138282588,-0.954771719,0.469566034,0.553770164,-1.717023123,-1.703199292,-0.973919845,-1.036764885,-0.308565283,-0.995063413,-0.2390189,-0.010555514,-0.532900831,-0.435718151,-1.495662898,-1.614953093,-0.551474022,-0.735219957,-0.728359936,-1.417166025,-0.468245176,-0.980829253,-0.761426021,-1.38469564,0.347270864,-0.230294055,0.259359755,0.27482477,1.206838694,-0.560190953,-2.255701507,0.863691322,0.104179819,0.076497971,-0.73459437,-2.303585593,-1.955455562,-1.436745905,-0.745493661,0.125839385,-0.753109522,-2.010662026,-0.939559359,1.004264978,-2.131998792,-0.295445463,-2.051048467,-2.276917346,-2.428148316,-2.274969926,-1.663894098,-1.20330636,-1.524637311,-2.197324582,-2.324830702,-1.870802677,-1.823250136,-0.726910811,-2.590267165,-1.53433044,-1.495216768,-0.196136546,-1.515037237,1.101109169,-0.827593277,0.022739487,-0.632428446,-1.054117049,-0.232436598,-1.840739651,-1.259133216,-0.318003832,0.784996834,-0.695951108,-1.949817774,-0.842807955,-0.680230955,1.63284189,1.597911741,0.326638328,1.14924203,-0.813959801,0.186313578,-0.844202655,1.483353011,-0.648365038,-1.380312289,1.596514767,-1.349769586,-1.270112607,-0.423272727,-2.339249077,-0.987249821,-0.777616337,1.626727581,-1.441384327,1.168728973,-0.113056722,-0.446287103,1.284593806,-0.6267978,-2.213658884,-0.089705913,-0.485157877,-0.368892128,-2.228405695,-0.243218716,-0.758859724,0.362209599,-1.082345316,-0.061131,-0.856843273,-0.100041354,-1.54975491,-1.120551196,0.031207927,-2.343407088,-0.312384685,-0.121038328,-0.452871231,-0.410226425,-2.094758246,-0.240671268,-1.296453657,-0.17840922,0.183570776,0.342241278,-0.506169812,-1.369240607,-1.381107834,-0.492985706,-0.727324632,-0.394970371,0.497557997,-2.174191878,-1.123622452,-1.018046641,-0.831030888,-0.742967876,1.643510783,-0.984569573,-2.113618993,-0.470163642,-1.20764621,-2.652142569,-1.998783639,-1.431710225,-1.260190484,-0.747603366,0.01133551,-0.471925475,-1.508688009,-1.455001559,-0.486783629,-2.32585372,-1.684700397,1.061152691,0.726823707,0.431912278,-1.521427035,-0.838404193,-1.056127677,-1.232029402,-0.50766396,0.315175637,-0.403616817,-2.772588722,-0.605136303,0.457045028,-1.163470861,0.166700176,0.13251838,-0.442855497,-0.747181069,-2.41128451,0.32627759,1.032187545,-0.757579041,-0.039364724,-0.284885985,-0.860619535,-0.294639553,-0.187897071,-0.250900228,1.446165758,0.972595448,-0.410829471,0.570301351,-2.098012927,-0.807212137,-1.518683549,-1.527397202,-0.675700267,-0.270235159,0.168053585,-2.427015171,0.292445708,-0.170432512,-0.256829609,-0.427710717,-0.155017722,0.42304304,-0.302863394,0.472126375,0.478281771,0.763978361,-1.160274949,1.158703435,-0.894284652,-1.668657272,1.607736466,-1.860466667,-0.961811247,-0.921805913,-1.784386715,-2.629701235,-1.766091722,0.006280238,-0.841647189,-1.100514096,0.742603789,0.503438405,-0.932166081,-0.07980107,-1.613948068,-1.411407062,-0.295848662,-1.15518264,-1.062762636,-1.904480339,-1.324634981,-1.899790213,-1.023041102,-0.332818918,0.232222215,-1.440961762,-1.173120341,-2.424752727,-1.792159549,-1.5154923,0.982565245,-1.974001029,-0.410377152,-0.854725376,-1.935860813,1.121970678,-2.45457145,-0.317179543,-1.957577954,-1.100814712,0.842687248,-1.150432037,-0.272727781,1.177022896,0.601031892,0.002895803,-2.715074816,-0.189104509,0.586285539,-0.082512422,0.607153467,-1.25456459,0.05287704,-0.702793558,-1.284098849,-0.304760414,0.173196718,-1.174737679,-1.004575647,0.405865028,-0.69254736,-0.935983365,0.852029506,0.73332897,-0.15280159,0.463419501,0.305718435,-1.123007446,0.774266232,-0.427864103,0.726388514,-0.182961762,-0.784823969,-0.988055298,-0.422662133,0.282166892,0.357464632,-0.498567726,-1.503727458,-0.699970406,0.385534473,-0.168063685,-0.670798777,0.754195242,-0.721958262,-1.142564176,-0.682405084,-1.897119985,-0.964955904,-0.840024376,-0.914292729,-1.627092848,-1.183843433,-0.533923675,-1.296453657,-0.450514777,-0.761211911,-1.294627173,-1.800598418,-1.57987911,-1.327271021,-1.216720377,-0.198572897,-0.402569305,-0.189950584,-0.535972506,-0.809905741,-0.362261951,-0.897468978,-0.624927942,-0.079692769,-1.678252228,-0.524755529,-0.962072925,-1.761424269,-0.724637848,-1.73556819,-2.279845606,0.059777204,-0.929629296,0.063913326,-0.766578459,-0.866073016,0.352204968,-1.07089985,-0.539225098,-1.797576355,-1.245489485,-0.144332371,-0.744861616,-0.239654103,0.159905518,-0.229664768,-0.693547261,-0.69254736,-0.954252238,-0.669040105,-0.757152511,-1.272251645,-1.093326284,-0.411583789,-2.196424897,-1.123314901,-1.496109227,-0.948297528,-1.383498274,-0.958154936,-1.117795108,-0.678849876,-2.840439389,-1.54975491,-1.607939036,-2.012905018,1.114584058,0.064850972,-1.399987688,0.796019603,-0.295579845,0.929285927,-1.416753569,-1.762589092,-1.133514341,-0.381553288,-0.221145549,-0.776746204,-1.839480205,-1.076752954,-0.802069588,-0.846997905,-0.182601596,-2.141316945,-0.957633695,-1.160913315,-0.83149013,-1.229290612,-2.66068963,-0.751200112,-1.003756758,0.574588844,-2.18213894,0.958621987,-2.866459938,-1.857899272,-1.827593922,-1.047539018,-1.4929891,-1.183516796,-1.573105983,-0.504677893,-0.296117551,-1.233401615,-1.253163049,-0.630172381,-1.818925137,-0.393635356,-2.134531508,-0.31525884,-1.834458224,-2.310617265,-2.210005912,-2.287696481,-1.021929064,-1.944910649,-1.203639527,-0.775659602,0.527151626,-0.371933625,-1.707050741,-0.841415197,-1.325763861,-1.005121946,-0.62511477,-0.391266389,-1.165072655,-0.297867098,-0.960242619,-0.18452398,-0.757792374,-1.292439786,-0.312521362,-0.94160854,-2.685310714,-1.753308283,-0.118896155,-1.5847453,-1.735001135,-0.022450129,-1.00731013,-1.36179689,-2.094758246,-0.789658081,-1.196997191,-1.200645014,-1.399987688,-1.228265497,-0.611014351,-2.236797352,-2.031032402,-0.513495852,-0.299889616,-2.25094186,-1.675577715,-0.078177781,0.44372382,-1.263369014,-0.020100672,-0.397943467,-0.718464989,-0.933945667,-2.993734271,1.402733495,-1.335221091,-0.818483672,0.463167818,-1.286268047,-2.490120217,0.301880792,-1.359068375,-1.790959789,0.251147748,0.966070882,-0.525770071,-2.143020523,-1.784982485,0.445710937,-2.366590423,-1.237529588,-0.887703275,0.132868673,0.379668553,-1.081165375,-0.670212209,-2.520741103,-1.122085645,1.158232485,-0.341364183,-0.753534331,-0.487760351,0.133131313,-0.510825624,-0.901402119,-0.285151943,-0.229161624,-0.51852183,-1.641961104,-1.335221091,-2.845589615,-0.956592029,-0.295579845,-0.072463172,-2.045619993,0.24043322,-0.814637078,-3.174858939,0.160587065,-1.840739651,-1.352472813,0.427487492,-0.960503887,-0.889648801,-1.264430773,-0.188379871,-0.587346762,-0.027988037,-0.084360349,-2.025711219,-1.722046857,-0.923818998,0.103368533,0.137237018,0.167969051,0.012916225,-0.738144546,-0.33785319,0.497861957,-1.33484108,0.089109175,0.780837494,-1.510950966,-0.338273859,-2.706052198,-1.137873003,-2.037915795,0.619392992,-0.192978137,-2.382711137,-0.292627615,-1.820776418,-0.603123678,-1.554476354,-2.312635429,-2.077044417,0.111451925,-2.90589157,-0.202728367,-1.400393285,-1.68848112,-0.016434306,-1.937247776,-1.963972292,0.239961336,-1.505528449,1.138281619,1.186836818,0.391569003,-1.272251645,-1.942117351,-1.162511015,-2.686778066,-1.199316993,-1.858540503,-0.570221834,-0.188621359,-0.618039708,-1.191385689,-0.692747261,-2.1680542,-1.490766383,-0.232058169,0,-1.397557553,0.024497472,-0.705422211,1.020218221,-0.578390943,-1.101115419,0.978701992,-1.854699269,-0.374402583,-1.410177302,-1.542246663,-1.076459484,-1.967542449,-0.133074354,-0.788777412,-0.101036544,-0.445506158,-0.129311736,-0.358104537,-0.346159002,0.694895651,-0.556520583,-0.66067999,0.049742092,-0.944690206,-1.818925137,-0.690151672,-1.618983325,0.064476019,-1.181233317,0.054298773,-0.248076818,-0.063152815,-1.547872557,-0.01349059,1.250875474,-0.059537713,-0.95581149,-2.406835114,-0.02644665,-2.08505728,-1.415105443,-1.265493661,-1.416753569,-0.697958738,-2.02722867,0.203919956,-1.199980783,-1.946310229,-0.592035679,-0.863698282,-0.964431107,"NB"
"49",-0.327393573,-2.504701277,-0.448007331,0.481499794,-2.130313872,0.265436464,1.690114265,-0.45523325,0.045355702,0.350516017,1.621089765,-0.380382328,1.669026704,-0.120699785,-0.809680997,-0.886489241,-0.052135754,0.663254823,0.832909123,0.068872864,0.75396002,1.601022603,-0.536314387,1.775663962,1.402315337,1.661935481,-0.823711551,0.674321076,-1.722606611,0.632388175,-0.786579125,-0.09145761,-2.635264531,0.992547822,1.306547443,0.189297171,-0.102254234,-1.264076728,-1.024154378,-0.896978421,-1.485010334,1.529853433,0.17756024,-0.491022996,-0.28595024,0.58455924,1.702782525,-0.351829559,1.760354798,-2.675099101,1.65483184,-1.396748819,0.554746811,-2.392509801,1.193073623,0.500350955,1.562597846,1.024786328,0.661656513,1.826015958,1.677414267,1.710368631,0.041045969,-0.564929883,1.131692392,-0.509659637,-1.199648833,1.139914168,-0.181162229,-1.293897512,-0.615630738,-0.374548005,-1.774902352,0.332535928,-1.944211592,0.025667747,0.933855563,-1.870802677,-1.849600469,-1.099612789,-0.995333939,-1.703199292,0.778866056,1.102803493,-1.97256218,-0.64207391,-1.290984181,0.999601938,-2.009915479,-1.747551215,-0.608071008,0.656586925,-2.169803982,1.092023967,-0.732719956,-0.017247893,-0.79939698,-2.275943162,0.227215251,-0.825993094,0.093125978,-1.106241316,-1.240636789,-0.895508193,-1.171182982,-1.291347884,-1.915283956,-2.492535677,-1.732736129,-1.593564563,-1.335601247,0.151088854,-1.264430773,-0.550606494,-0.894284652,-1.186132886,-1.636295367,0.096582098,-2.545931352,-0.133074354,-1.172474137,-0.872034641,-2.640858952,0.677830476,-0.186932169,0.116982715,-1.659153505,0.127337248,-2.63945741,1.112087752,-1.197990733,-1.872102222,0.967933965,-0.650854268,-0.29881043,-0.114289146,0.441797037,-0.472887784,-1.614953093,0.951580653,0.449800922,0.647364988,-0.768086267,0.95007361,-2.281802554,0.960384169,-1.924833823,1.63590456,-0.125903417,-0.858493633,-0.953992599,-0.633558389,0.706704858,-0.475941222,-2.085862109,-1.100814712,-2.009915479,-1.248273063,0.909427232,-1.190727578,-0.085666827,1.185248595,-0.842343487,0.827240915,-0.621384814,0.069059536,-1.563508981,-1.203639527,-1.722606611,-0.453500557,-0.63714499,-1.25351325,-1.327648166,-3.73387682,-1.49744941,0.976331654,-2.337176538,-0.420832585,-0.232310439,0.59172335,-1.308222826,-1.668126909,0.932242818,-2.382711137,-1.105334834,-1.217058044,-3.310443018,-1.782007178,-0.436336772,-1.708153885,-1.173120341,-2.077044417,-0.995063413,-0.472246142,0.276570568,-0.32628431,-0.945977042,-0.782853094,-0.483696956,0.043538302,-0.778922958,1.397506272,-0.467287322,-1.401611065,1.327366736,0.065319466,0.046501834,-0.66533748,-0.942378067,-0.530858278,-0.323792959,-0.092224944,-1.916642651,1.493869922,0.604152019,-0.21418381,-1.751001477,1.220269292,-1.025268894,-1.673976434,0.144533151,-0.098164249,0.350938522,-0.926088574,-1.492544161,-0.893306895,-1.316395234,-0.865597618,-1.100514096,-0.268925744,-2.019664338,-0.988055298,-1.821394274,-1.759679576,-1.129793406,0.744172939,-0.285018955,-1.49744941,-0.291288568,-0.960765222,0.965499856,-1.582309245,-0.678455632,-1.977607236,0.685770036,0.136539364,-0.400626831,-0.510159179,-0.550086338,-0.027371197,-0.657973106,0.801687635,-0.658745754,0.424025134,0.242867744,-1.09631493,-0.893551245,-1.880590683,-1.723166678,0.419893845,0.323097478,-0.271677498,-0.776528789,-2.021927635,-1.600973834,0.718327479,-0.71233,-1.282655326,-1.852784171,-0.203953857,-1.213349966,-0.207639365,0.653886467,-0.298001805,-0.379212737,-0.075262485,-1.673443242,0.384922207,-0.974979728,-1.00758399,-0.867976872,-0.41521246,0.151432704,-2.557477343,0.00608147,1.03879151,0.756262815,-1.466637114,-0.851674089,-0.055724149,0.822024007,1.367952167,0.398507628,1.647677375,0.235625329,0.575770312,1.160083611,1.430119841,-0.62960916,-2.273997636,0.421272838,1.10263751,-0.279713903,-0.09530018,-1.365315955,-0.793188535,-1.897786874,-1.11932533,-0.563172104,-0.052662653,-2.319731252,0.509344527,-1.522343206,-0.458391314,-1.7418271,0.618962282,0.033918218,0.456665065,-0.232310439,0.037006726,0.490602508,-1.458435039,-1.966827397,-1.046684196,-0.560716393,-0.12499649,-0.421746941,-1.996572064,1.558186722,0.943555643,1.673613868,-0.190918404,-0.625488532,1.406268542,-2.308603165,0.422977533,-0.663394222,-1.890475442,-1.105334834,-0.924827063,0.995175847,0.39628981,0.2749767,-0.701784374,0.735344229,0.403997365,1.507383038,-1.036764885,-0.116533816,-2.533256911,-0.904362161,-0.310064023,0.913326342,-1.746403768,1.202281375,-0.681613945,-2.63108916,-2.000260744,-1.173120341,1.673032238,1.01410686,0.027615167,-1.210997419,1.290746653,-2.200931439,-1.07939807,-1.506430162,-2.437259996,-0.46029095,-0.649321701,-1.207980826,-1.161232651,-0.553559166,-0.882855956,-1.995100393,-0.250514748,-2.622790357,-2.023439352,-0.793630719,-0.367447041,-0.813734144,-2.656406968,-0.341927087,-0.380089802,-2.632479014,-1.816462082,-0.861329174,-1.915283956,0.191198705,-0.403167749,-0.58250066,-0.436646226,-1.301953213,-1.041570548,-1.627092848,-0.340942212,-0.253989431,-1.526476392,-1.12639467,0.412771683,-0.508495008,0.764909547,-1.660205029,-2.60775248,-1.834458224,0.160246349,-1.438430116,-1.666008264,-2.41128451,-1.090941782,-2.230264431,-0.917291232,-2.041760475,-1.14696255,-1.445619827,-0.812606621,0.178229864,-0.657201054,-0.031593872,0.986077954,-0.647409289,0.845310172,1.211494446,0.023814178,-0.255537619,-0.769596353,-0.949330586,-2.66068963,-1.465337568,0.472999138,0.228807481,-0.858965665,-3.21140381,0.060812839,-0.321859524,-0.560541216,-0.569337895,0.38206,-0.139836945,-1.323507373,-0.891110433,-1.10835964,-1.548813291,0.223543471,-0.824851672,0.019018006,-0.280640258,1.378514174,-1.863040671,-0.254505228,0.222423292,-0.104805114,-0.3878708,-0.817577259,0.515036745,0.062035391,-1.26513924,1.225098086,0.339396528,-0.010252376,0.298399436,1.385093641,-1.532939941,0.149367832,-0.373966441,0.124692444,-0.940839605,0.301067092,0.113864256,0.893717871,0.362348817,0.174037337,0.393055088,-0.422814746,0.844708797,0.513063119,-2.053384007,-0.088394151,0.075014704,-0.314026048,0.959081986,0.310054923,-2.365524893,-1.342086106,-1.582795981,-1.567816238,-0.683394889,0.338826606,0.021272135,-2.283763339,-0.835863483,-0.977102871,-0.34757363,-0.697155202,-1.039306183,-0.917541514,-0.422967383,-1.998783639,-0.292359662,0.17050198,-0.668844888,-2.149006005,-2.254747764,-1.051251717,-1.536187451,-2.133686557,0.550257853,-2.540842282,-2.782235099,-0.296252023,-1.095417398,-2.120263536,-0.979496808,-0.099488899,-1.022206957,-1.521885015,-1.473160294,-2.715074816,0.122748465,1.451192193,-1.840739651,-1.069150579,0.705816584,0.779921029,-1.985586966,-1.661784393,-0.235848924,0.745170209,0.216803496,0.404197639,0.221462139,-0.299214988,-0.988592644,-0.340660997,-1.293897512,0.136801041,-0.927604492,1.230283619,0.903043372,1.62546873,1.169660824,-2.380546634,-2.787093408,0.858746361,-0.463306108,-0.231175723,0.930509169,-1.899790213,0.889207263,-1.794563397,1.748103602,-0.325868654,-1.816462082,-2.06909525,-0.669625986,-1.65286747,-0.503684516,-1.200645014,-0.549566452,-0.400328324,-0.295848662,-0.250129416,1.368283128,-0.905598102,-1.765507098,-1.28518286,-0.609909582,-1.602958946,-1.167640875,-0.606786015,0.682743247,0.967554026,-0.15280159,1.031795619,0.344865486,0.405598433,-0.818256992,-0.411734721,-2.803460386,-0.403916308,0.732656314,-1.48722028,0.17697395,0.359909706,-1.550226053,-0.430321484,-1.056990614,-0.142255048,-0.994252273,-1.482805262,-1.878625402,-0.359679453,0.60442525,0.013014937,-0.647791479,-0.266964831,0.53555726,-1.244100595,-0.525262672,-0.049610501,0.42199441,0.688787692,-3.564893474,-1.91189527,-0.593663902,0.142367241,-1.248273063,-2.366590423,-0.405565113,-1.520054351,-0.96942783,-0.943405024,-2.267217949,-0.154434053,0.667675515,-1.913249367,0.677271831,-2.388142981,0.827721779,-0.295848662,-1.646101897,-0.606786015,-1.723166678,-2.369793843,-0.795844579,-1.693363147,-2.301585593,-0.617668719,-1.320506621,-0.93140437,-0.088284915,-1.987044692,-1.505077897,0.045355702,-3.390257442,-2.673648774,-1.227241431,0.460205787,-0.639227339,-0.741287556,-1.381505844,-2.058854908,-0.601479992,0.192601866,0.53203902,-0.040821995,0.81399219,-0.908322562,0.276343028,-0.372514008,-0.171381617,-1.488991759,-1.278696351,-1.245489485,-0.49511633,-1.704848097,0.126632651,-1.011151013,-0.628296208,-0.257217532,-1.50237884,-0.020202707,-0.629233855,-1.128556165,-0.814185509,-1.219424909,-0.252443637,-1.817692851,1.118643648,-1.167319487,-1.076752954,-0.912547746,-1.420057991,-0.162989628,-0.922308804,-1.302320927,-1.067695186,-1.409358301,-0.032523192,-0.460766424,-0.286615974,-0.683791086,-1.849600469,-0.605136303,-0.056676177,-1.204639693,-0.41113113,-0.884549846,1.193164606,-1.257373581,-0.922560345,-0.412338677,-1.314159763,-1.09481949,-0.235595759,-0.757365753,-0.27628065,-2.442997247,0.673199543,-0.48694635,-0.521381138,0.427357055,-0.210967975,-0.255925041,-1.031701583,-1.666008264,-2.510840032,-1.028340236,0.585283535,-0.608254714,-0.32462272,-0.374984401,-1.439273286,-3.074775481,-0.170669704,-0.345876317,0.009157938,0.261671717,0.193591149,0.32894397,-1.247924692,0.29810259,-2.022683208,-0.019488677,-0.150706617,-0.965480976,1.562346305,-1.122700084,-2.728763243,-2.504701277,-1.265493661,-1.36179689,-2.514541455,-0.125449851,1.516225531,-0.992631965,-1.238909374,-0.436955775,0.430092678,-1.464904762,-1.68848112,0.824876951,-1.364532869,-1.425035189,-0.599656837,-2.044074398,-1.328780455,-0.867738691,-1.753885817,-0.595838998,-0.452713961,-0.420832585,-2.859454655,-0.380236054,-1.119631656,0.369285101,-1.23031678,0.042676274,-1.65286747,0.184818437,0.840186923,-0.515503213,-1.726533684,-1.735001135,-1.327271021,-1.471852249,-1.871452238,-1.543182117,-1.556371191,0.494330321,-0.343194782,-0.171737763,-1.385894441,0.279977468,-0.157706996,0.130238477,-0.565457819,-0.16028613,-2.32995629,-1.591597994,0.238544348,-0.792304752,-2.364460497,-0.388313049,-2.061994628,-1.459725639,0.558929838,-0.216788786,-0.777398733,-0.373966441,-0.826678573,-1.267978134,0.127865371,0.230317755,-1.04497674,-0.552689828,0.14106544,0.204979581,-0.784385661,-0.267095439,1.084682383,0.2749767,0.227055888,-0.273779167,-1.32275634,-0.148384006,0.313642174,-1.686859059,-0.094860281,-0.804749357,1.417671897,-1.533403226,-0.282495546,-1.609437912,-1.132893223,-0.865360003,-1.881246636,-1.078221599,-4.635629393,-1.567816238,-0.036871475,0.425137008,0.194414804,-1.901128006,0.389877585,-0.952695414,-1.645583359,-0.724844267,-2.061208773,-0.346017649,-0.779794987,-0.408269035,-0.727531607,-1.198985263,0.205549683,-2.032557956,-0.877550904,-0.006621876,0.28735702,-1.563508981,-0.133188594,-0.565986035,0.168982992,-0.46171805,-1.710917081,-2.622790357,-2.32585372,-2.438404816,-2.571772583,-0.888189302,0.078164021,-0.567748771,-0.691548459,0.484461114,1.317506826,-0.766793721,0.598891445,-1.885191414,0.054488185,0.284878145,-0.8495671,-1.126086266,-0.320067533,-0.539911205,-0.574830954,1.445459094,-0.156887756,-1.503277717,1.563687125,-1.229974607,-1.366491734,1.525730163,0.839668833,0.223303539,-0.088284915,-1.397557553,0.550142486,-1.728221448,-0.637334116,-2.75986995,-0.009242581,-0.54697107,0.818016163,-0.663588378,-0.708870141,1.694624292,-1.027501661,-1.218071729,1.65148156,-1.176033436,-1.637323116,0.744980329,-1.075286463,0.970892547,-0.30734071,-0.317591603,-1.178305058,-0.852377406,0.521409417,-1.253863574,1.50423294,0.082409136,0.222983539,-1.776673832,0.182571526,-0.309382499,-0.499556032,-1.105939064,-1.901128006,0.039220713,0.60042864,1.394212926,-1.351699716,-1.220440997,0.618154202,-1.030299648,-1.467504417,-0.945462109,-0.673932962,-0.388313049,-1.922779732,1.319646951,0.292371062,0.381104107,0.004390348,-0.487434671,0.275128606,-2.38705425,-0.402120707,0.245218106,-0.532730459,-1.223835433,-1.317141502,-0.867738691,-0.060918415,0.013705647,1.290911679,-1.144446825,-0.519193873,-1.939331834,0.249356958,-1.749850066,0.919764691,-1.338266392,0.221221706,-3.005782609,-1.523260216,0.441475546,0.774266232,-0.369326061,1.723944475,-0.357389485,-0.967320903,-0.630172381,0.425071638,0.393190077,0.608297103,-0.230294055,-0.138457793,-0.949072221,0.110377907,-0.654311157,0.49158164,0.090023503,-2.121097217,0.135229949,-0.537511889,-0.454917992,-0.509992637,-2.239610294,1.031653062,-0.24538916,-2.414634597,0.239331812,0.808794604,0.785361665,-0.247436244,-0.049295292,-1.021929064,0.571318472,-1.128865332,0.614753113,0.484276289,-1.138185064,-1.348998576,-0.358104537,-0.76593295,-1.262661801,0.606335784,-2.015903521,1.513851695,1.616393665,-0.203586052,-0.410377152,-0.242198958,1.274971662,-0.374984401,0.222022924,-1.600478171,-1.649739209,-0.662036186,-1.181233317,-1.831332244,-0.697958738,-1.595535007,-0.469523744,0.076961041,-0.95217701,-0.147804195,-0.854490331,-1.013627965,-0.536485371,-0.895018597,-0.838172953,0.502289293,-1.511404172,0.536727261,-0.993711879,0.677881247,0.781524291,0.584280526,-2.385966702,0.933423131,0.172102857,0.614103973,-1.09302791,-0.2125746,-0.423730917,-0.460449416,-3.984593698,-1.709810887,0.87158621,-0.115523091,-0.757579041,-0.214679473,-1.180907531,-1.034792776,-0.647218249,-1.059295426,-0.189587893,0.350163792,-0.041134543,-0.284354282,0.791090255,-0.473690417,-1.093624747,-1.016663706,1.215120438,-1.468372472,0.898248953,-1.578423859,1.16064768,0.642958539,-0.513997315,-2.695627681,-1.255968099,1.04070065,-1.555423324,-1.464472142,-0.399284249,0.121243707,0.192436891,-2.006934851,-0.585010522,1.660473174,1.028618917,0.50766062,-0.116646182,-1.246880305,-0.353821875,0.857135031,1.569199081,-1.35208619,0.125663018,-0.147688273,0.265819826,-0.2646168,-0.476585241,-0.438504962,-1.046399417,-0.504677893,-0.788557365,-1.410177302,1.190705177,-1.423788566,-0.521381138,-0.169484308,0.562069917,-0.898450814,0.439351104,-1.85342213,-1.232715273,-1.831956659,-1.316022308,-0.58590843,-1.01252634,-0.62735944,-1.005941954,-0.102475792,-1.825729989,-0.559840813,0.084157308,-0.604403971,-1.914605299,-1.256319285,-0.987786734,-0.413547684,-0.654888468,1.319673674,-0.351261054,-1.307483181,-1.422958345,1.007921423,-0.123524486,-0.9105572,0.045928932,-1.127938118,-0.111602177,0.570753532,-0.139721943,0.405931666,-0.35140315,0.230714817,-1.334461212,-0.261234902,0.178731788,-0.283822862,0.32548351,-0.014301785,-0.663200104,-0.454602833,-1.035919219,-0.494296322,-0.56124211,-1.159636991,-0.639037855,-1.752154215,-1.07557959,-0.46808547,-1.477532842,0.066817173,0.055150844,-0.436955775,0.726098281,-0.550779939,-1.305267522,-1.390302383,0.308660479,-1.564942673,1.12327238,1.554284546,-0.627734042,0.067845547,0.241454871,-0.709886505,-1.063921049,-1.250016743,-0.340801595,-0.669040105,-0.897959775,-0.940583424,0.094855531,-1.162511015,-1.789162843,-1.317141502,-0.283158984,0.999012923,0.569226599,0.251614383,-0.21927604,-1.226218413,-0.145141386,-1.058142356,-1.027501661,1.360514908,-1.32915817,-0.010353412,-0.071281202,-0.469843642,-0.594750859,-0.606786015,-0.541113025,-0.006621876,0.217447359,1.028297115,-2.192834229,-0.036663984,-2.114447151,-0.118220631,-0.586807145,-1.665479303,-1.788564578,0.488457308,-1.621510494,-1.520969264,-2.393604491,0.801956741,-0.211585602,0.354382318,-1.440961762,-2.196424897,-0.969164221,0.454191778,-0.621943422,-0.835402228,-1.586698425,-0.534264855,-0.38389933,-0.833329211,-1.793360751,-0.007830579,-1.569256123,0.544415127,-1.691190414,-0.342349474,-0.394821948,0.469503504,0.077608979,0.708675982,-2.016654554,-1.701005106,-0.668454568,0.65013529,0.458563439,-1.390302383,-1.340556469,-1.762589092,-0.661260992,0.2569651,-0.727324632,-0.858257701,-0.467127769,-0.107919342,-2.47693848,-1.366491734,-2.021927635,-0.806763907,-0.652197194,0.352134652,-1.098112414,-0.757792374,-0.553733125,1.346123196,-1.989235274,-0.422967383,-1.319757837,-1.796370082,0.45139404,-2.521985658,-1.483245887,-1.21976349,0.421010319,-1.303056763,-0.604220971,-1.522343206,-0.239908298,-0.553559166,1.025432091,-0.602940913,0.386282289,-0.789437841,-0.763140552,-2.821778966,-1.01694014,-2.023439352,-1.023597585,-1.127320453,0.345077958,-1.032824548,0.375761629,0.77904961,0.463859794,-0.842111334,-2.249044326,-0.38580955,-0.776963667,1.159268283,-1.590125601,0.437415869,0.136364875,0.008662373,0.326926824,-0.932420114,-0.265790126,-0.776094101,-0.450357877,-1.340174426,-0.270235159,0.034594645,-1.523260216,0.065225785,-0.050136069,-0.097171912,-1.965398826,0.742651375,-0.573233084,-1.907170321,-1.746403768,-1.387094681,-0.282230294,-1.131342113,0.083053555,-1.065951506,0.41177847,-2.207274913,-0.544554777,-0.057735051,-2.504701277,0.765607367,-0.198694871,0.608895628,0.661398482,0.622832007,-1.118100965,-2.790345444,-0.435563556,0.084524955,0.370804648,-1.063341675,-1.081165375,-0.017349638,-0.287815415,-0.494624244,-0.710903902,-2.318714475,-0.740238788,0.646107983,-0.980562622,-1.22894879,-2.167180456,-2.437259996,-2.427015171,0.241769015,-0.135018212,-0.437265421,-1.272608597,-0.237369259,-2.344449297,1.09554091,0.917889453,0.507178983,1.067156021,-2.598299337,-3.182061852,-0.370628993,-2.137918471,-0.941352162,0.128129328,1.021911214,-0.399284249,0.457361554,-0.746969987,-0.817577259,-0.517682411,0.322880283,0.083237599,0.193426337,1.362180956,-0.504015532,-1.570217199,0.008166563,0.445390701,-1.858540503,-1.133203733,0.118138528,-1.095417398,-1.504627548,-1.433805344,0.581600906,0.525556588,1.463833939,1.090647319,-1.48236483,0.293117275,-1.612442421,-1.298283484,-0.263184601,-0.714370817,0.381582168,-0.47981157,-0.877070019,0.573800423,-0.421442063,-0.593482857,-0.335472736,-1.57358826,-1.490766383,-1.065951506,-1.184497028,0.041909403,-1.640412717,-0.556520583,0.039989648,-0.02891401,0.96401366,-1.597509342,1.208393021,-0.235595759,-0.747603366,-0.52239226,-3.005782609,0.50307567,-0.581963652,-0.334913452,-1.090049058,-1.038458366,-0.403916308,-1.250715067,-1.282294771,-1.497002483,-1.245489485,1.72850013,-1.050965635,-0.083164241,-0.606052474,-1.233401615,0.358024034,0.733040744,0.139501039,-1.918003196,0.250135956,-1.312672221,-0.703803761,-0.281965112,-0.926846246,0.772605102,-0.229664768,-1.740686199,-1.652345413,0.398306211,0.780608456,-0.425718837,-0.939303506,0.11680478,0.289829765,-0.158644093,-0.542660347,-1.716466485,-0.559490796,-0.629233855,0.168307145,-0.293297811,-0.846764669,0.19334392,-1.038740892,-0.772839949,0.546791044,1.541073415,-0.146529793,-0.909563411,-0.592035679,0.305718435,-0.164049512,-0.706840508,0.305865743,-1.470545914,-1.255968099,0.217769135,-0.133074354,0.382469388,-1.025268894,-0.007427516,0.903043372,-1.22587764,-1.200645014,0.132167964,0.274064776,0.77615472,0.077423897,-0.464896692,-1.052396865,-0.483859176,-0.76035593,-0.305438794,-1.081755172,-0.001100605,-1.963259787,0.935701125,-1.897119985,-0.144679011,-0.73417753,-0.916040763,0.554689387,1.086269765,-0.047510983,-2.066722769,-0.794515675,0.084708728,0.639588163,-0.770244231,0.588342066,0.217205959,-2.469821012,-2.382711137,-0.783947545,0.070365263,1.041971388,-0.000100005,-2.164563795,0.177978807,-3.107781777,-1.325387426,-1.532939941,-1.150116132,-2.567853571,-2.102096232,-0.317591603,-0.055935632,0.081211255,0.363531385,0.10282731,0.380625818,-1.106846094,-0.315395911,-0.394525168,-1.275826908,0.146262507,-2.081844426,-0.153151179,0.766351173,-1.056990614,-1.531088946,-1.399987688,-0.489390343,-0.108030744,-0.19431317,-0.017858518,0.322880283,0.69614269,-0.236735505,-0.978964326,-0.685377443,0.654250415,-0.54697107,1.479078626,-1.380709983,-0.269842154,0.719837796,0.207014169,0.748203386,0.577511837,0.045833416,0.641169441,1.579658886,-1.25211318,1.280266956,1.852337031,0.622939286,-0.057523186,-0.402868482,0.06428849,-1.052110455,-1.758518135,-1.293168383,-1.032543689,-2.031032402,-0.754809841,0.250369538,-1.888490658,-1.894456867,-0.47868117,-0.4674469,-1.690647968,-1.221797389,-1.736703263,-1.462311848,-1.559220196,1.07031569,-0.929629296,-0.888675565,-1.49923912,1.468173842,0.828813792,1.344456226,-0.147804195,-0.666894809,-0.541113025,-0.064111945,-0.48694635,-0.128515422,-0.379505006,1.226213633,-1.624044065,-1.832581464,-1.603455841,-0.398241263,-0.675110818,0.505370773,-0.686370196,1.131144014,-0.365715689,-0.643785751,-2.134531508,0.206851555,-0.948555692,1.063848296,-0.395118816,-1.422128814,-0.095520202,0.740555438,1.106944149,0.794529795,0.092670335,-0.467127769,-1.379517377,-1.564942673,1.131756887,-0.293297811,0.045833416,-0.019998647,0.984846174,1.120960692,-1.494770837,1.419704959,1.432533656,0.252080801,-0.853315933,0.539937724,-1.10262031,0.296542701,1.44724834,0.310348243,0.638902166,0.511445432,-0.066246646,-0.621570982,-0.105582763,-0.131362318,0.214708072,0.732223653,-1.734434403,1.699315179,0.363253259,-0.968110481,-2.009915479,-0.160520927,-1.383498274,0.123013776,-0.429399258,-0.371788582,-1.138809478,-0.28621648,-0.997771974,0.109213085,-0.187776407,-0.760783829,-0.071818288,1.114485638,0.606662937,-0.008032172,0.053256366,-0.543521007,1.296670484,1.062363156,-0.22614806,-0.357675444,0.042005294,0.027128667,0.198358934,-0.38580955,0.538421335,-0.14722472,-0.871556401,-0.310746012,0.813371678,1.490316482,0.159138221,-0.422204432,-1.440539376,-1.673443242,-0.568631306,0.186894419,-0.430167721,0.61453678,-0.815766894,0.344086035,-2.75986995,0.675288662,-0.423120043,0.047455941,-0.623061573,0.870330559,0.281563391,-1.243406874,0.161693589,0.56565466,0.551641218,-1.199648833,-0.149428513,0.375830303,-2.311625838,-1.001304106,-0.865360003,-1.609938037,-0.830801346,-1.961125315,-0.786359562,-0.705624702,-1.419230861,-0.973125669,-1.412227743,-1.423373369,-0.685575915,0.246234883,-0.115074208,-1.572623939,-0.961026626,-0.731056754,-0.705017353,-0.347715203,-0.858965665,-0.426637673,-0.89037935,0.541917231,0.203185712,0.097398906,-2.413516654,0.875093667,-1.457146102,-0.504181081,-1.399582255,-2.297597551,-1.986315564,-0.956071602,-0.996687669,0.169151883,-0.464896692,-2.428148316,-1.14538948,1.070487125,-1.765507098,-1.134135845,-1.830708219,-0.931150595,-1.406088988,-2.468639677,-1.348998576,-0.484995447,-0.584472164,-2.415753791,-2.493745598,-2.359155444,-2.73029581,-1.621004549,-1.874054712,-1.760260802,-2.353878387,0.058834786,-1.212004976,0.573575045,-0.197841368,0.715251079,-0.445974651,-0.23395175,-0.483696956,-2.416874239,-1.874054712,-0.459340681,0.784586241,-0.760142049,-2.107841016,-0.444257913,-1.112001526,0.4717521,1.568282529,-0.651237777,0.744932854,-1.013077001,0.266126409,-2.210917904,0.96473798,-0.480943249,-0.221644675,1.7697013,-2.130313872,-1.500135178,-1.216720377,-1.055840197,-1.521427035,0.12283691,1.648081536,-0.754809841,0.53964629,0.345573551,-2.130313872,0.905431989,-1.209655587,-2.815078774,0.072506691,-0.068707198,-0.275490032,-1.260543156,-0.353679435,-0.006923915,-1.008680181,-0.40631547,-1.438851612,-1.025547718,-0.379212737,-1.006489,-0.678455632,0.140718007,-3.408221997,0.496767267,-0.638848407,-0.804078741,-0.548700576,-1.828838477,-0.744019511,-1.153596597,-0.55809195,1.15521314,0.763232788,0.619931118,-1.242713633,-2.006934851,-1.22758267,0.325122355,-0.69936648,0.943555643,-0.020100672,-0.485807861,-0.692747261,-2.158484749,-1.262308381,1.635456475,-0.664365379,-1.613445934,-0.343617705,-1.308222826,-0.400179104,-1.556371191,-0.649896139,-0.168892136,-1.306744082,0.093217082,0.030820142,-1.139746832,0.382264715,-1.447744323,-1.963972292,-1.282294771,0.951233075,0.555263473,-0.570929548,-0.920047781,-0.06166266,-2.421368629,-0.174234347,-1.019431491,1.531995155,-0.101811266,-2.303585593,-0.566690757,0.749432992,-0.916290732,-1.586698425,-0.229413164,-0.192978137,-1.502828177,-1.643511893,0.460647497,0.953740647,-2.137070655,-0.478197104,-0.815993011,-0.080017708,-0.226775138,-1.241328591,-0.428477882,0.803704171,0.541160824,-1.024154378,-0.088066479,-0.869884359,-0.589508146,-0.26175445,-1.087969129,-0.216788786,-0.831030888,-0.171619034,-2.553613848,0.394943281,-0.03978087,-0.351829559,0.017250353,0.131466763,-0.044579043,-0.029840842,-0.707043286,-0.427097408,0.15469339,-0.993711879,1.543917576,-0.389345726,-1.607939036,1.823241986,-0.707043286,-0.014606152,0.75315985,-0.057841,-1.430873405,-1.434224895,0.557785543,-0.74865989,-1.623536837,1.558775998,0.229125623,-0.998585975,-0.332818918,-1.543182117,-0.559315833,-0.834250022,-0.928110309,-1.501480771,-1.915283956,-0.790319092,-1.865621318,-0.735845935,0.154779054,-0.071818288,-1.277978218,-1.220779923,-3.022076249,-1.046684196,-1.158680815,0.049932369,-0.705219762,-0.322825775,-1.209320411,-1.304161532,0.951194448,-2.455736272,-0.613781625,-1.636295367,-0.895753081,1.299101149,-1.232372279,-0.243601393,1.481763619,0.499076877,-0.790760009,-1.201642189,0.561157456,0.540927968,-0.086975014,1.213219918,-0.715801871,0.74250861,0.316050847,-0.921303274,0.040469933,-0.371498559,-0.45523325,-1.066822966,0.269874454,-1.391507928,-0.746547957,-0.085666827,0.952622661,-1.947711771,-0.048350261,0.121863588,-1.245489485,0.018527305,-0.913046002,-0.06817178,-0.090581378,-0.581069277,-0.535289096,-0.508495008,0.712998826,0.819471414,-1.548813291,-1.159318164,-1.671845373,0.978213334,-0.863461118,-0.408269035,-0.540426094,0.996321132,-1.275110832,-1.052396865,-2.458069996,-1.370027389,0.264208716,-0.657973106,-1.055552799,-0.077961541,-0.247820539,-1.617974243,-0.197475805,-0.697356025,-1.055552799,-1.127320453,-1.752154215,-0.988861425,-1.404051083,-0.749929195,-0.601115095,-0.921805913,-0.795844579,-1.651302117,-1.433385969,-1.099612789,-1.3108159,0.2234635,-1.51367329,-0.8703618,-0.050977555,0.098668172,-0.338694704,-2.156754645,-1.87993516,-0.055089966,-1.099612789,-0.792967516,-1.33408149,-1.580850456,-0.041968485,-0.868215109,0.097580328,-1.606442403,-1.667067025,-0.364563117,-1.013077001,-0.989668202,-0.261624538,0.676814526,-0.738353773,-1.213349966,-1.47840965,-1.355183366,-0.658745754,-1.587187303,-1.627601883,-1.452006904,-0.809905741,-1.440539376,-1.158362293,-2.676551534,-0.575541938,-1.945610194,-2.004705196,-0.789217649,-0.222518747,-1.467504417,-2.638057829,-2.385966702,0.920163224,-0.963906586,-1.019431491,0.474866785,-1.081755172,-1.26513924,-1.686859059,-1.053256587,-1.235119533,-0.756939314,-0.540082805,0.086361166,-1.420471813,-1.319009614,-1.103222901,-0.685972977,0.098577563,-2.916921093,-0.549913012,-1.693907069,-2.188363949,-1.317514846,-2.093946228,-0.488412029,-1.935860813,-0.275753502,-2.302585093,-0.268402458,-2.361274089,-1.616966179,-1.094520671,-1.891800823,-1.876663976,-0.485645325,-1.09422194,0.110915061,-0.573233084,-0.903127745,-0.725463782,0.024009452,-1.510950966,0.526443035,-0.37760678,-0.802292628,-1.304161532,-2.20183519,-2.840439389,-1.115656723,-0.656622406,-0.264486515,-2.582298996,-1.982677873,0.116003676,-0.667674385,-0.140872559,-1.960414835,-1.517770724,-1.031982206,-2.156754645,-0.614705754,-0.928110309,-0.656622406,-0.210474148,-0.003606496,-0.629984606,-1.451152933,0.240511845,-0.317179543,-1.782601531,-2.394700382,0.06428849,-1.366099654,-1.609938037,-0.39705061,-1.587187303,-0.301780997,-2.410170304,0.008265744,-1.557794679,-0.99047563,-0.18248157,-1.804236991,-0.689553645,-1.895121982,-0.656236827,-1.687399454,-1.145075163,-0.570929548,-0.069671673,0.027128667,-2.177716111,-2.009915479,-1.32425897,-1.436325295,-0.629233855,-1.318261951,-1.237529588,0.599989682,-0.645881988,-1.241674672,0.086361166,-1.28157405,-2.223773913,-0.434790937,-2.147292209,-0.415666971,-0.886489241,0.696491582,-0.745282935,-1.7333019,-0.357961485,-0.590410103,-1.700457311,-2.071473372,-1.015006705,-1.248621556,-0.471284449,-1.481924592,-1.305267522,-1.54975491,-1.109268869,0.625671015,-0.146529793,0.040085724,-1.355571188,-0.123863987,-1.325011133,-1.817077277,-0.272465107,-0.60495317,-0.70623242,-1.093624747,-0.771973961,-2.031794888,-1.692276191,-0.621384814,-0.784604791,-2.120263536,-0.754171882,-1.465337568,-1.021651248,-0.337432698,-0.479165471,-1.496109227,-0.924070919,0.035270614,-0.935728426,-0.325868654,-1.480605041,0.780837494,-1.676646662,0.22210301,-2.594275187,-2.439550948,-0.769812265,-0.157238776,0.382128243,0.052023028,-1.468372472,-0.211585602,0.123809286,0.630526819,-0.989937272,1.35069309,0.862805563,0.235704333,-0.459024125,-1.54271428,0.234518609,-1.466203744,0.763419234,0.791090255,-1.177330873,-0.837248525,-1.137249172,-0.434636485,-2.113618993,-2.419118909,-1.120244589,-0.437575162,-3.061872076,0.123279016,-1.209320411,-1.02443289,0.720616423,-1.327271021,-1.585721386,-0.945204742,-0.805868051,0.403730271,0.598396844,-0.257346873,-1.077633882,-2.810082927,-1.336742582,-2.257611727,-1.176033436,-0.218653646,-0.551126921,-0.298001805,-0.588607001,-1.567816238,0.05259245,-2.718100537,-1.030579878,0.436963775,0.33439866,-1.199316993,-0.37789858,-2.289668868,0.902029523,-0.568631306,-2.125276078,1.303293115,-0.385074418,-0.295714244,-1.834458224,-0.975510092,-0.628483667,-2.023439352,0.433339645,-1.543182117,-0.853315933,-0.731472295,-0.236355445,0.006280238,-0.144447904,1.014288207,-0.710293339,-1.136937403,0.024204689,-0.87251311,-1.611941043,0.258587912,-0.648938926,0.172018664,-1.509592577,-0.329059777,-1.843263312,-0.208501275,-2.146436411,-0.50071029,0.093854575,-1.843263312,-0.601845022,-1.755041886,-1.410587054,-0.5730557,-1.264076728,-0.03978087,-0.996958635,-0.816897988,-0.778922958,0.027128667,-1.641444709,-1.46403971,-1.675577715,-0.204076489,-2.818423259,"NB"
"50",0.296542701,-2.065144237,1.16074166,0.436317572,-2.278868566,-0.394525168,1.417453823,-0.337993393,0.99480612,0.59525868,1.541886858,-0.445506158,1.495417788,0.86010126,-0.448476999,-0.388755495,0.049551779,0.735631792,0.577960771,0.491275765,0.932872491,1.492859151,-0.713758134,1.597203375,1.535446857,1.434346158,-0.351829559,0.626045377,-0.996958635,0.406464608,-0.135018212,-0.364419139,-1.643511893,1.179423931,1.356608051,0.205305393,-0.673540651,0.145052272,-1.125469743,-0.786140047,-1.197990733,1.477573701,0.125751205,-0.201259758,-0.109033921,1.361745488,1.521611658,-0.287948775,1.544664697,-2.53451715,1.342838693,-1.137249172,0.528861986,-1.949817774,1.451871405,0.053635549,1.481581813,0.890152074,1.09630964,1.56289123,1.526360605,1.478486047,0.04831386,0.896251277,0.817530608,0.460016423,-1.058430499,0.734768855,-0.712941808,-2.406835114,-0.726910811,-0.388165611,-1.126086266,-2.446455463,-2.361274089,-0.150357882,0.507178983,-0.487760351,-1.320506621,-0.989399204,-0.802515718,-1.865621318,0.867016451,0.499319684,0.455651123,-1.87993516,-1.109875481,0.733088788,-1.697722827,-1.925519459,-1.067695186,-0.310064023,-1.057854296,0.926518252,-0.986176859,-0.618967782,-1.008131936,-1.640412717,-0.024497632,-2.171556831,-0.285151943,-0.174591511,-1.189741222,0.40165787,-0.826221535,-2.041760475,-2.040990355,-2.275943162,-1.233401615,-2.101278236,-1.471852249,-0.656044093,-1.312300681,0.071296882,-0.985372893,-0.592216462,-1.450299691,-0.046043939,-2.318714475,-0.095960391,-0.617297868,-1.156453288,-1.702101597,1.115502181,-0.614151174,0.5072392,0.889494909,0.210179885,-2.097198263,0.559615788,-0.944433038,-2.622790357,1.026256626,-0.490696252,-0.821662603,-0.102143474,0.054772236,-0.420680274,-0.972332123,0.529509979,0.783216378,-0.208747671,-1.209655587,0.96842767,-1.778448455,1.600054021,-1.579393791,1.715670048,0.225381046,-0.514666323,0.321213556,-0.252701104,0.866007454,-1.511404172,-2.310617265,-0.506335718,-1.901128006,-1.375948069,1.072062953,-1.267978134,0.198194906,0.531627751,-1.019985968,1.031046969,-0.378774493,0.180987334,-0.693947501,-0.761426021,-2.521985658,-0.423883694,-0.091019398,-0.519361955,-0.531198414,-2.854232711,-1.260543156,1.112120639,-0.626423549,-0.038429027,-0.151404454,1.156157665,-1.481924592,-1.013627965,0.300400845,-1.763172012,1.582662633,-0.70623242,-0.481266822,-0.809007067,0.1780625,-1.866914143,-2.093946228,-0.324761081,0.965423694,-0.438349935,-0.146529793,-0.293968457,-1.058718725,-0.038013442,-2.562651998,0.981291646,0.026349775,0.907048151,-0.47176518,-1.226900309,1.059108869,0.379805361,0.506395827,-1.2772606,-0.145257013,-0.303134177,0.179484202,-0.545934801,-1.111393623,1.525338655,1.076639308,-1.267978134,-1.797576355,0.64652716,-1.140059479,-1.850236399,-0.35982275,0.148592404,-0.425259735,-2.296603021,-2.006934851,-1.193362625,-0.477229674,-0.657201054,-1.98195192,-1.432966769,-1.90851803,-0.908570609,-1.756199294,-1.808498793,-2.229334631,-0.644357016,-0.643785751,-1.49923912,0.156918275,-0.85943792,0.961072875,-1.806670082,-1.139121832,-1.084117843,0.537545448,0.190868263,-0.22752815,0.121066528,-0.227026079,0.541800898,1.361924821,1.207855258,-0.137424676,1.331838175,0.34903584,-0.630360192,-1.357901287,-2.155890714,-1.078515587,0.066349381,0.956818283,-0.851674089,-1.112914073,-1.339029169,-0.983232138,1.658818379,-1.404051083,-1.651302117,-0.562645372,-0.308973808,-0.516843696,0.04315527,0.648202115,0.006280238,-1.678787991,0.422256671,-0.543521007,-0.57234648,-0.635066969,-1.095118399,-0.511826124,-0.392154094,-0.59511344,-2.144727008,-0.143062383,1.04714354,0.355854608,-1.680397001,-2.248096908,-0.615630738,0.325555725,1.348073148,-0.346441768,1.494767527,0.299808252,0.805537926,1.263674648,1.054207495,-1.280493942,-1.729348209,0.974635109,1.575446702,-1.098712294,0.494269321,-1.378326191,-0.551994901,-1.990698332,-0.657587005,-0.658166212,-0.162989628,-2.185691342,-0.276544328,-0.867738691,-1.121164693,-2.073061935,-0.01095984,-0.175067928,0.475115541,-0.985105048,-0.648747593,-0.438660013,-1.012801632,-2.197324582,-1.25842899,-0.115635344,0.018429135,-0.438194933,-1.498791392,1.624503849,1.000043472,1.360694462,-1.34822816,-0.610093625,1.338258912,-1.965398826,0.457108341,-0.968637212,-0.881889305,-1.166034965,-1.042704657,0.168982992,0.510905621,0.244513577,-0.314026048,0.953316731,0.441153951,1.351495856,-1.341320995,-0.070959089,-0.471284449,0.100749903,-0.585190039,1.01410686,-1.520969264,1.448799566,0.084800602,-2.158484749,-1.625059293,-1.300116665,1.521808162,0.687833086,-0.031593872,-1.111393623,0.905553291,-2.001000115,-0.566867015,-1.190069899,-2.1086644,-1.027501661,-0.363268059,-0.957373177,-0.809007067,-0.724844267,0.715446688,-1.874054712,-1.047539018,-2.73029581,-1.682008605,-0.639037855,-1.966112856,-1.796973036,-1.846426871,-1.210997419,0.107777592,-2.505926017,-1.591597994,-1.302320927,-1.330292171,-0.114289146,-1.612944052,-0.388018195,-1.105939064,-1.184170177,-0.500545314,-1.556371191,-0.723194102,-0.190313407,-1.770781063,-1.465770563,-0.378044513,-0.780449509,0.627594812,-1.211669011,-1.73556819,-1.517314624,0.559787202,-1.455858825,-0.908570609,-0.630172381,-1.887829938,-1.663366254,-0.775225292,-1.520969264,-0.688756832,-1.387895642,-1.009228728,-2.214574216,-1.453717037,-0.249872611,1.017908251,-0.430013981,0.578914086,1.49707516,-0.077745349,0.534971746,-0.10402807,-1.293897512,-2.407945609,-1.593564563,-0.047930534,0.254642218,-0.552168587,-2.633870803,1.245853438,-0.52239226,-0.443946095,-0.393338928,-0.531538665,0.032660782,-1.203972804,-0.660292844,-1.396748819,-2.229334631,-0.101589856,-0.229035877,0.159990736,-0.734385929,0.628928608,-1.070024832,-0.232184296,0.583443915,-0.457442847,-0.421746941,-0.180323554,0.897189459,0.009950331,-1.65652952,1.616532685,0.351360849,-0.09530018,0.056852812,1.241817571,-1.200977295,0.327791813,-0.052135754,-0.403766551,-0.152685088,0.679707268,1.241152975,0.676865348,0.761739972,-2.037148629,0.416207205,-1.042137442,0.426312941,0.104089709,-1.833206659,-0.226524259,0.03449804,-1.003756758,0.80937345,0.515992254,-0.987786734,-0.821435201,-1.197659442,-1.564942673,-0.337012382,-0.155835432,-0.255925041,-1.731605546,-0.41521246,-0.479650006,-0.075909594,-1.211333159,-0.175306222,-1.146018411,-0.48824907,-1.845793358,-0.008939842,-0.046986791,-1.485010334,-2.154165088,-1.591597994,-1.073236982,-1.308963018,-2.338212271,1.285257817,-2.267217949,0.585005022,-0.275753502,-1.006762635,-1.300850879,-0.540082805,-1.126086266,-0.04845522,-0.769812265,-1.232372279,0.91932612,-0.004510155,1.006204559,-1.710363831,-0.474975971,0.001498876,0.480881747,-2.203645145,-2.134531508,-0.640744502,0.832387248,-0.268402458,-0.319654452,-0.424953785,-0.054350595,-1.943513024,-1.102319151,-0.788337368,0.045451263,-0.329615796,1.354106857,0.916930527,1.670100181,1.466006245,-1.444347293,-3.223888367,-2.073061935,0.577736329,0.648986285,0.980053953,-2.244316185,0.268269869,-2.025711219,1.509949014,0.300919075,-1.144132804,-1.291347884,-0.703803761,-0.932674211,-0.644357016,-1.182537524,-0.903868212,-0.747603366,-0.343476711,-0.555474375,1.391605233,-0.383018919,-1.745830537,-1.715354138,-0.291690094,-0.977368581,-1.130722343,0.202859208,0.419959554,1.49207229,0.020978406,0.273152021,0.040085724,0.591225191,-0.976837232,-0.04845522,-1.933783969,-0.466011608,-0.333377032,-1.214359897,-0.223643676,0.657468188,-0.966269102,-0.219525106,-2.060423536,0.495427682,-0.709276562,0.007670506,-1.283737773,-0.854960477,1.024176058,-0.770460284,-0.379212737,-0.457284857,0.240904881,-1.033386504,-0.842807955,-1.152329571,0.091849654,0.247875188,-2.478129666,-0.229664768,-0.803631914,1.178347257,-1.096913732,-1.547872557,-0.47176518,-1.895121982,-1.246532419,-0.556171726,-2.003963081,-0.369036751,0.075014704,-1.937941979,1.076979989,-1.459295254,1.085662129,-0.006521217,-1.399176987,-0.657780037,-1.235463471,-1.510950966,0.268652147,-1.316022308,-2.207274913,-1.777265023,-2.218243945,-2.031794888,0.005683816,-0.859674131,-1.929643177,-0.049925809,-2.512072318,-0.347432077,-1.065951506,0.725904745,0.358652986,-0.418398384,-1.08975166,-2.032557956,0.015184135,-0.0010005,0.508382642,-0.995604539,0.720908251,-0.576431381,1.122035804,-1.148538097,0.135055231,-0.941095851,-1.213013549,-1.37081479,-1.004848759,-1.63989712,0.622563759,-0.653157532,-2.371935171,-0.279978488,-1.019431491,-0.041134543,-1.431291727,-0.986713196,-1.345152418,-1.029739424,0.0329511,-1.940723622,0.868066408,-1.245837008,-1.558269626,-0.765287858,-1.712578671,-0.146529793,-1.021095846,-1.578908707,-1.424619475,-1.053543325,-0.338694704,-1.213013549,-0.393190747,0.495915011,-1.445195469,-0.377023434,-0.907330991,-1.025268894,-1.948413279,-0.825308084,0.827678074,-1.107753947,-0.594207233,-0.485482816,-1.079103822,-1.385494681,-0.302322049,-0.168063685,-0.549566452,-1.771956842,0.351642301,-0.639416858,-1.047539018,0.209774584,-0.918042265,-0.672168774,-0.717234976,-0.505340694,-1.686318957,-1.150116132,0.850065456,-1.013352445,-0.935983365,-0.398390194,-1.339792527,-1.763755273,-0.154200681,-0.181042375,0.066723632,-0.077745349,-0.356960699,0.186894419,-1.112609798,1.131756887,-1.676112046,0.210828026,0.30025273,-1.957577954,0.855223512,-1.160274949,-2.747310915,-2.383795148,-1.322381035,-1.296453657,-1.936554054,-0.429399258,1.632978642,-0.844667988,-1.704298193,-0.400029906,0.336829316,-1.534794369,0.707641627,0.626579936,-1.123314901,-0.618039708,-1.015834862,-0.501700716,-0.818030363,-0.729188952,-0.739191119,0.129799438,0.176638774,-0.087520598,-2.204551353,-0.503684516,-1.432966769,1.026364124,-1.477094725,-0.300294611,-1.586698425,-0.2390189,0.538713127,-0.823255866,-1.301585633,-1.763172012,-1.276543497,-1.457575563,-2.238671767,-1.872752628,-1.25456459,0.55910137,-0.176737179,0.03854741,-0.849333264,0.619769711,0.099935829,0.155549701,-1.299016353,-0.960503887,-2.48410697,-1.850872734,-0.03978087,-1.122392817,-2.728763243,-0.07364654,-1.341320995,-1.231344001,-0.238257189,0.253866724,-0.471444667,-0.558266698,-0.428324402,-0.840951375,0.035270614,-0.695149183,-0.239272933,0.008464078,0.397164083,-0.418246442,-0.96942783,-0.262794357,1.188209209,-0.968373812,-0.969955256,-0.763355076,-1.200645014,-0.326007187,0.529804382,-1.436325295,0.364365297,-0.970219074,1.60209099,-0.905103542,-0.570044983,-1.74239804,-1.234088428,-0.596746686,-0.626423549,0.228807481,-3.272804167,-0.855195633,0.22050006,0.578129069,0.522951804,-1.913927103,0.191694163,0.181738053,-1.384296358,-0.794294363,-0.856136809,-0.457916968,0.68299583,-0.32892082,-1.765507098,-0.619896719,0.346210381,-1.770781063,-1.619993426,0.195895677,0.49445231,-1.142877705,9.9995e-05,-0.889648801,0.520161905,-0.347007539,-0.903868212,-1.563508981,-2.175071773,-2.26144315,-1.9618363,-1.714243027,-0.000300045,0.390148404,-1.461880348,0.783947205,1.163994204,0.020292703,0.769089184,-0.776528789,0.7856352,0.214062443,-0.315121788,-0.741917345,-0.004510155,0.314591738,-0.593301846,0.928495944,0.371218669,-1.417991448,0.82052845,-0.484345991,-0.50120538,0.928219303,0.581656805,-0.338835026,0.662481766,-0.638280279,0.805359171,-1.867561183,-0.820753305,-1.946310229,0.724548944,-1.17409043,-0.063898726,0.540811519,-0.691348799,1.510964736,-1.815232825,-1.314159763,0.883312891,-0.885034342,-0.883823542,0.621060242,-1.362187286,0.749858272,-0.216416231,0.181321056,0.643168811,-1.676646662,0.629941105,-1.33142746,1.581963935,-0.673344553,0.504767309,-1.38469564,-0.826907171,-0.086429728,-0.031593872,-1.557794679,0.18290472,-0.472566912,0.306822716,1.019785508,-0.745915246,-0.974714652,0.445774972,-0.745915246,-1.250715067,-1.343618087,-1.97256218,-0.885761527,-2.215490386,0.976180966,-0.314984755,0.603222473,0.362488015,-0.597291695,-0.471284449,-2.643667942,-0.384927457,0.809462473,0.220901039,-0.667869373,-0.878754128,-0.81712436,0.15469339,-0.312248026,1.430095912,-1.501480771,-0.071281202,-1.67932404,0.685669291,-0.504512262,1.120243309,-1.316768298,-0.235595759,-1.777265023,-1.650780876,0.747588016,0.643431588,0.151002874,1.327340218,0.540112544,-1.165393322,-0.725257234,0.522833243,0.373561559,0.658607494,-0.753109522,-0.212698293,-0.72649716,0.391095694,-0.62960916,0.543776724,0.081672149,-1.600478171,0.538071073,-0.23041996,-0.005314095,-0.486620935,0.350234247,1.046722325,-0.031490667,-1.301953213,0.175464769,0.246703816,0.884800065,0.637951545,-0.055301316,-0.886489241,1.476820388,-0.863698282,1.022630768,0.335114172,0.933816259,-1.138185064,-0.58788667,-0.562820919,-1.208315554,0.6628426,-2.097198263,1.390087159,1.506762677,-0.24910259,-0.392450171,0.337685786,0.93346245,-0.26175445,0.725372328,-1.476656801,-1.039306183,0.097217451,-0.036352829,-1.805452796,-0.927604492,-0.973655049,-0.181761714,-0.112161367,-1.032824548,-0.26487742,-0.378628454,-0.956071602,-0.476102188,0.045642358,-0.422204432,0.5465016,-1.419230861,0.80428597,-0.756726162,0.046119936,0.917010473,0.183071276,-0.537683078,0.745122742,-0.105693905,0.362139983,-0.95503156,-0.003104815,0.142367241,0.474617967,-2.622790357,-2.089087919,0.86052429,-0.234583741,-0.139491979,-0.528480559,-1.323131786,-0.678849876,-0.576609364,-0.245133569,-0.297867098,-0.609173747,0.44743844,-1.221797389,0.496767267,-0.436336772,-0.091786396,-1.21402314,0.83147331,-2.335108285,1.191950829,-1.744112816,0.714174548,0.139761942,-0.577143505,-0.332539978,-0.868453402,0.991583716,-1.063341675,-0.904115156,-0.654311157,0.108226405,1.097811968,-1.982677873,-0.779358877,1.657866106,1.238721997,-0.141909246,-0.228784431,0.209693504,-0.477390848,1.046230683,1.414225626,-0.673736787,-0.110261394,0.555894587,1.370164979,-0.11272087,-0.470643834,-0.473529839,-0.811255269,-1.133825044,-0.33477368,-1.27833722,1.253876634,-0.985908799,-0.603672174,0.167546271,0.602127782,-0.634689611,0.709856794,-1.592580795,-1.024711481,1.112679546,-0.574298047,-0.960765222,-0.867500568,-0.728359936,-1.416341282,-0.19723217,-0.350408902,-0.460132509,-0.252829862,-0.021836695,-1.344384958,-0.981362729,-1.566857465,-0.663200104,-1.651823629,1.223481271,-0.510325749,-0.199182914,-1.422543494,-1.286268047,0.238386781,-1.02443289,0.224981861,-1.197328262,-0.589688472,0.142193766,-1.373970611,0.018625464,-0.843737539,0.373079648,-0.753321904,0.006776984,-0.142255048,-0.925331477,-0.484021421,-0.04950542,-0.024805119,-0.57234648,-1.528318861,-1.602958946,-0.159347493,-2.669310373,-1.319009614,-1.519597208,-1.293532881,-0.232688964,-1.488991759,0.008464078,0.061941402,-0.968637212,-0.762497259,-1.216045386,-1.864975532,-1.430873405,-0.538539462,-1.715354138,0.853137917,0.74350754,-0.287948775,-0.643785751,-0.170669704,-1.097512893,-0.579104465,-1.046969056,-1.471416615,-0.314984755,-1.612442421,-1.36335939,0.223223548,-0.864172778,0.98035414,-1.505077897,-0.017553159,0.886491101,0.330454164,-0.096951526,-0.207762449,-0.696352312,0.138891999,-1.870802677,-1.027781108,1.102770299,-1.467070671,-0.329198753,-0.714575128,-0.530008443,-0.613596902,-0.725877005,0.322518187,-0.375566558,0.228489238,1.106547389,-1.196004635,0.808705521,-0.410980289,-0.052241112,-0.317316878,-0.065498982,-1.907843948,-0.142255048,-0.607703699,-2.069887329,-1.577939245,0.948680475,-1.526936691,-0.256312613,-1.406088988,-2.53577898,-0.268533254,0.44134692,0.164157586,-0.916290732,-1.30933332,0.276570568,-0.032729825,-0.93828075,-1.469241282,-0.298001805,-1.599487582,0.63111219,-1.95828642,-0.855195633,-0.067636649,0.47218874,-1.004029646,0.680315202,-1.054404034,-1.670250052,-0.64055473,1.330887354,0.591889348,-0.400477567,-1.884532869,-2.058071516,-0.265659688,0.10490041,-0.48694635,-0.996145957,-1.516858731,-0.181641788,-2.676551534,-1.782601531,-2.21183073,-0.670407694,-1.644029357,0.190455057,-1.495216768,-0.30652516,-0.18548656,1.314314891,-2.028748427,0.052497569,-0.835171681,-0.315121788,-0.018877056,-1.952632695,-0.990744918,-1.189412653,0.304391686,-1.648698626,-0.46171805,-1.586698425,-1.088265997,-0.289951312,0.391163323,-0.841879234,0.132167964,-0.184764538,-0.440211844,-2.785471348,-0.160755779,-1.885191414,-0.46171805,-1.480605041,0.583722863,-0.483048343,0.386825804,0.197292268,0.461278173,-1.636295367,-2.364460497,-0.894040123,-0.708463885,0.942815811,-1.924833823,-0.134331713,0.720519127,-0.645691239,-0.103473408,-0.622875128,-0.505838082,-0.845366394,-0.216292076,-1.069441911,-0.222643676,-0.443322751,-0.985908799,-0.183682482,-0.137424676,-0.168063685,-2.081042823,-0.230042293,0.220098921,-1.585721386,-1.935168053,-1.167319487,0.373217361,-1.438008797,0.135579294,-1.95970486,0.046883586,0.879377754,-0.822345119,1.049632106,-2.642262461,1.192406168,-0.108476476,0.879419257,-0.291957867,0.184402723,-1.580364665,-2.737994077,-0.20138206,-0.115298624,0.129360205,-1.496109227,-0.408569923,-0.851205485,-0.441299561,-0.539225098,-0.172212823,-0.560015868,-0.969955256,0.681175809,-0.65508098,-1.232029402,-1.520054351,-0.951141009,-2.194627951,-0.202728367,-0.308429146,-0.162518929,0.358373501,1.06986982,-0.720518377,0.954010319,0.470628434,0.057230633,0.502652313,-1.801809805,-2.510840032,1.212684745,-0.353821875,-2.151582219,-0.509992637,0.398574757,-1.403643999,-0.119910297,-0.690750056,-0.335472736,-0.151753555,-0.264356247,-0.218280396,-0.259548233,1.342708133,-0.539396581,-0.382432409,0.323531725,0.489867529,-1.199980783,-1.50237884,0.368316912,-0.53034829,-0.571106555,-1.073236982,-0.062620362,-0.227653707,1.160303009,1.277204679,-1.709258248,-0.273647683,-1.780226233,-1.261248872,0.103548876,-0.943918899,-0.343758719,-0.91904452,-1.042704657,-0.62942149,0.148247576,-0.260066905,-0.567925216,-1.13227249,-1.64713978,-2.045619993,-0.838172953,-1.419230861,-0.667284521,-0.646072773,-1.510497965,-0.270366195,0.567300471,-0.005314095,0.939850996,-0.992362169,-0.483534764,-0.910060182,-2.449925681,-0.094860281,-0.441921645,-0.276148837,-0.694548161,-1.055552799,-1.004575647,-1.813391769,-0.674718045,-2.060423536,-1.311558015,1.005765738,-0.585728784,-0.433710274,-0.044265416,-1.787966671,-0.498567726,0.459448115,-0.18248157,-1.103825856,0.12777737,-1.678252228,-1.438851612,0.032273561,-0.613966383,0.508202186,-0.437730069,-2.037915795,-1.360626614,0.596526142,-0.231932057,-0.28595024,-0.920549789,0.124427578,0.438835408,0.385738478,-1.233401615,-1.817692851,-0.812155967,-0.843505062,0.130150684,-0.132275039,-1.169249368,-0.111602177,-1.01252634,-0.619525041,0.398709004,1.576914721,0.331675034,-0.649130295,-0.231679882,0.410983189,-0.740238788,-1.051537881,0.115380151,-0.637901706,-1.159318164,0.37183938,-0.111043299,-0.148152041,-0.411734721,-0.11395288,0.61917766,-1.142250746,-0.558791128,-0.258770729,-0.147340588,0.527210653,-0.275885263,-0.519361955,-0.515000995,-0.532900831,-1.052969931,-0.265529268,-0.932420114,-0.23079777,-1.716466485,1.011709997,-1.929643177,-0.264225996,-0.752684893,-1.095716486,0.456031472,1.444846248,0.406531206,-0.397645759,-0.661842331,0.016857117,0.5072392,-1.457146102,-0.33673227,-0.414001439,-1.963972292,-0.633746837,-1.150748043,-0.852142912,0.514379302,-0.437575162,-2.204551353,0.235230212,-2.424752727,-1.5847453,-1.322381035,-0.475297618,-2.806766174,-1.803022662,-0.303540488,-0.534776845,0.195731244,0.360676925,-0.210967975,-0.019386714,-1.170215708,-0.784166579,-1.161232651,-1.78557861,-1.37436579,-1.33142746,-0.144679011,0.697935697,-0.699567748,-0.760569857,-1.277978218,-1.145703896,-0.142255048,0.019018006,0.019116117,-0.367880348,0.941958479,-0.641503947,-0.752048288,-0.772623382,0.724548944,-1.058718725,1.238577109,-1.77254525,0.087552897,0.826584819,-0.846531487,0.442696665,0.428790933,-0.048350261,0.704087121,0.899958077,-1.796370082,1.051870026,1.599690561,1.131918107,-0.648747593,-0.698561813,-1.121778567,-0.760783829,-2.155027529,-1.196335377,-0.240798487,-1.459295254,-1.213686497,-0.079476202,-0.657780037,-1.307483181,-0.265138108,-0.615075645,-0.816897988,-2.175952442,-0.733552595,-1.330670457,-1.302688777,0.560643831,-0.662617976,-0.794958447,-1.289893867,1.514577631,0.784084176,1.241528671,0.32215596,-0.67766761,-0.232815171,-1.684161459,-0.053611769,0.113060792,-0.390379471,0.37884731,-1.030299648,-0.958415658,-1.738408294,-1.712024501,0.026641931,0.735967178,-1.694451287,0.905270229,-0.890135774,-1.250365844,-2.218243945,1.552423018,-0.211338506,-0.186209104,-0.27733578,-1.497002483,-1.075286463,0.490112582,0.795523247,0.401524019,0.24795323,-0.591674212,-1.235463471,-0.656236827,1.040170699,0.5691134,-0.164520932,-0.657587005,0.713047842,0.395953348,-1.548813291,1.251104451,1.280850509,-0.989130278,-0.893306895,-0.320343015,-1.872752628,-0.381260419,1.014143132,0.024107075,0.143060843,0.294831455,-0.289283354,0.877591483,0.00019998,-0.2646168,0.105890375,0.66582737,-1.459295254,1.356350485,0.12398598,-0.539396581,-2.255701507,-0.372514008,-1.870153537,-0.770892529,0.047741996,-1.308963018,-0.483534764,-0.105027238,-0.228533049,1.035281926,-0.661260992,-1.119938075,-0.34418188,0.555206079,0.581880368,0.457741253,-0.175187068,-0.394821948,1.019172177,0.599166117,-0.666115842,-0.662617976,-0.223018559,-0.079692769,0.721491654,-0.596383512,0.102285794,-0.24910259,-0.098605604,-0.521381138,-0.095630231,1.222833812,-0.341223506,0.024204689,-0.921303274,-2.165435255,-0.817577259,0.108405874,-1.236840408,-0.008838949,-1.127011763,0.628128544,-0.383165601,-0.020713042,-1.433385969,-0.113840816,-0.555648667,0.268652147,-0.085557888,-1.303424883,0.140457353,0.233173087,0.213577946,-0.521549587,-1.440539376,-0.13079229,-0.306253458,-0.07763727,-0.892330094,-1.020263322,-1.511404172,-1.769019982,-0.808558032,0.160501897,-0.820071874,-0.47096409,-1.072359918,-0.975775379,-1.443923474,-0.411281993,-0.216788786,-1.264076728,-0.316081547,-1.682008605,-1.504627548,-0.877070019,-1.435904862,-0.346866066,-1.1248536,0.390825131,0.655237607,-0.125563223,-0.600932697,0.822067961,-1.532939941,-0.259418607,-0.898450814,-0.077745349,-0.832869124,1.097978755,-1.238909374,0.142540687,0.552907624,-2.362335097,0.605244497,0.438319445,-1.24098263,0.142800799,-1.225196441,-0.979496808,-1.182863841,-2.213658884,-1.402423743,0.381240719,-0.333097936,-1.928266714,-1.257022025,-2.478129666,-2.048718369,-1.217395825,-1.5945493,-1.762589092,-2.111964733,1.420599165,-0.466649261,-2.701571235,-1.621510494,0.949493373,-0.239272933,1.166520127,-0.068921445,-2.697110261,-2.154165088,-1.321630848,1.243779884,-0.705422211,-1.767847649,-0.164403056,-1.583770166,-1.480605041,1.545645779,-0.934454703,1.228675173,-0.799174585,-0.32075638,-1.205640861,0.572447395,-0.778269434,-0.663394222,1.497612097,-2.200931439,0.819383277,-1.147592471,0.320197664,-1.523260216,0.381513887,1.440332635,0.543196004,0.194579454,0.046024438,-2.167180456,0.82118853,-1.436745905,-0.674129175,-0.762497259,-0.619896719,-0.519193873,-1.778448455,-0.516676037,0.025277807,-0.765502843,-0.082295243,-1.619488248,-1.292075686,-1.407313728,-0.852377406,-0.34658318,-0.857314527,-3.096658192,-1.422543494,0.533330479,-0.594388409,-0.515838166,-0.004811557,-0.787018396,0.439930945,-0.059856167,1.265030274,0.841437867,0.288931292,-0.51835389,-1.008954417,-1.987774353,0.174457382,-0.507830115,0.900689666,-2.53577898,1.408862768,-0.506833602,-1.41551722,-0.862276144,1.336499943,-0.061981792,0.048123275,-0.105360516,-1.377136423,1.437581405,-1.249667764,-0.980296062,0.904663396,-0.952954716,0.189379921,0.366308393,-0.381553288,-0.677470701,-0.668844888,-1.822012512,-0.543348815,0.866806327,0.43728672,-0.310200384,-0.73417753,0.863733481,-2.221005106,-0.241180239,-0.709886505,-0.380089802,-0.089159136,-0.482886255,-0.761640177,1.231013877,-0.752260445,-0.952954716,0.004290781,0.158797012,-1.135691297,-2.103734234,0.48722941,1.202221271,-1.457146102,0.162118849,-0.853081218,-0.717234976,0.31685245,-0.703601638,-0.538882222,0.59011728,0.586952984,-0.474011651,0.284878145,-0.875148789,-0.024907636,-0.376440429,0.077794027,0.386893723,-0.441610555,-1.143191332,0.141412753,0.911479175,-1.18678798,0.164242443,0.546154157,-0.437884999,-0.100815305,-0.14329317,-0.142947009,-0.627921396,0.789593079,-1.854699269,1.285617305,0.628128544,-1.919365594,1.653301676,-0.538710827,0.168138112,0.202940844,1.049176916,-2.96036513,-0.807884858,-0.310064023,-1.462743533,-2.54338358,1.128721101,0.182988001,-1.090941782,-1.547402522,-0.782196997,-0.132960127,-0.759286983,-0.855430844,-2.101278236,-2.157619323,-0.466330384,-2.156754645,-0.96942783,-0.079476202,-0.508162506,-0.434482057,-0.609725572,-1.732736129,-0.617297868,-0.748237147,-0.115410852,-1.287354413,0.084984324,-1.117489344,-0.698360748,1.223157594,-1.827593922,-0.814637078,-0.594750859,-1.708153885,1.339543366,-1.276901984,0.057608313,0.954780409,-0.121264087,-0.686171567,-1.885850393,0.840920425,0.284201021,-0.213688393,1.216721197,-0.158526908,0.049075838,0.113150098,-1.48236483,0.072320662,-0.119346758,-0.135132674,-0.512493681,0.492620919,-1.355571188,-0.257734996,0.209855657,0.307631748,-1.035074268,0.08874321,0.161268148,-0.628108784,0.992918384,-0.8703618,0.063725691,-0.696753676,-0.655273528,-1.501480771,-0.298675614,0.298473634,0.361304212,-1.28880474,-0.698964066,-1.530164732,1.269058051,-0.239654103,-0.543348815,0.250213823,0.600593199,-1.054117049,-1.511404172,-2.89498237,-2.061208773,0.636682644,-0.360826406,-1.694451287,-0.084795652,-0.412187654,-2.169803982,0.039028387,-0.68319685,-1.189412653,-1.905824426,-2.166307475,-0.311018938,-0.456653145,-0.873710284,-0.255150347,-0.604587004,-0.374984401,-1.900458886,-0.152918106,-0.822800389,-1.662311402,0.263978346,-1.859182146,-0.657201054,-0.347715203,-1.04867992,0.251303317,-2.102914898,-0.870839469,-0.36672528,-0.690949597,-0.981362729,-0.909563411,-1.5154923,-0.270759405,-0.966006324,-0.124656605,-0.999672341,-1.16860566,-0.355104749,-0.341082849,-1.479287228,-0.638658995,1.120536846,-1.158680815,-1.974721231,-1.286268047,-1.2772606,-0.47320876,-1.356735559,-2.525728644,-1.366883968,-0.946749939,-1.379517377,-1.905824426,-0.818483672,-0.241944181,-0.195528384,-1.288079314,-1.449447176,-3.174858939,-2.377308639,-2.330984568,-1.88321708,-0.232310439,-1.596521687,-0.94803943,-0.136736524,-0.002102208,-0.945462109,-1.537582475,-0.735845935,-1.93171143,-0.548873691,-1.283737773,0.019998687,-1.818925137,-0.844202655,-0.912796843,-0.741917345,-0.437420279,-3.186892779,-0.781978394,-1.715910157,-1.796973036,-1.855338451,-1.864330162,0.384786097,-2.189256408,-0.434482057,-2.213658884,0.12398598,-2.405725852,-2.442997247,-1.742969305,-0.960765222,-1.787966671,-0.946492241,-0.59511344,-0.048035449,-1.410587054,-0.989668202,-0.831030888,-0.674914412,-1.538513574,0.318308266,-0.052030408,-2.407945609,-1.554003206,-1.327271021,-1.73556819,-1.204306193,-1.930332119,-0.988861425,-1.271538124,-0.061237309,0.166700176,-0.747814582,-0.551821244,-1.966827397,-1.574553511,-1.546463113,-1.449873343,-1.093624747,-0.535289096,-0.617483277,-0.777398733,0.391095694,-0.734802856,-0.932928373,-0.442544116,-0.499720844,-2.379466137,-1.391507928,-0.296252023,-1.904480339,-0.27746775,-1.09422194,-2.480516301,-0.072463172,-0.62942149,0.734864774,-0.863461118,-0.365859854,-0.403467105,-1.907170321,-1.974001029,-2.278868566,-1.117489344,-1.627601883,-1.24098263,0.180903886,-1.32915817,0.735296294,-1.974001029,-1.368061593,-1.671845373,-0.97418471,0.097489621,-2.553613848,-2.493745598,0.614374499,-0.118558336,-0.788337368,-0.036041771,-1.272965676,-0.706029806,-0.810355381,-1.90851803,0.115023677,0.002995509,1.081500039,-0.621012583,-2.371935171,0.218814193,-1.609938037,-0.266312047,-0.174591511,-0.03894875,-0.962596485,-0.525939262,-1.120244589,-1.220440997,-0.912049738,-0.010454458,0.270790205,0.278237614,0.092488019,-1.480605041,-0.521886571,-1.127320453,-1.461017907,-0.124656605,-0.464260155,-0.176259965,-1.170538028,0.028295869,-2.030270498,-1.38230234,-0.650662569,0.093581414,-2.14814874,-0.242198958,-1.292804018,-0.864884944,-0.177453425,-1.511404172,-1.04072081,-0.57234648,0.177643967,-0.995875211,-0.09036244,-1.498343865,-2.205458382,-1.603952982,-0.158175435,0.625243002,-1.113827454,-0.445350042,0.500593453,0.005584378,-0.007326775,-1.723727059,-0.378482437,0.245765729,-0.180084062,-0.745493661,0.632175624,-0.223268559,0.187309098,-0.124203603,-0.415515444,0.6727914,0.095037415,0.277934721,0.93212471,-0.6680644,-1.015282681,-1.163791015,0.189379921,-0.489390343,-2.255701507,-0.244111858,0.110825555,0.248967231,0.919126707,-1.084413569,0.391704193,1.052044653,-1.462743533,-1.354020801,-1.070608092,-0.939559359,0.314956715,0.409589923,0.176890167,-1.660731207,-2.284745175,-2.183913563,-2.191938573,-0.893306895,-0.424342164,-0.330728762,-0.692747261,-0.681416258,-1.294627173,-0.182721637,-2.008424054,-0.917541514,0.029752958,0.054393484,-3.061872076,0.076034686,-1.918003196,0.865039542,-0.791201121,-1.072067733,1.021803236,-0.95581149,-0.650470906,-1.125777957,-0.814862939,-0.243728985,-1.729912066,0.08874321,-1.887169654,-0.557218663,-1.029739424,-0.693547261,-1.304530059,-0.207393241,0.497132297,-1.663366254,-0.02306394,-0.211338506,0.758560319,-0.566690757,0.371770432,-0.283026261,0.021467907,-0.530008443,-1.560171671,-1.933092645,-0.861092571,0.351571946,-0.183201944,-0.600203435,-1.860466667,-2.20909475,-0.253860524,-2.162823151,0.235862324,-1.114436839,-0.83034242,-0.414606766,-0.608071008,0.247797139,-0.581069277,-0.577499757,-2.054163734,-1.425035189,-0.351261054,-2.480516301,"NB"
"51",-0.58788667,-1.637837387,-0.34658318,0.491642804,-1.698815724,0.523781335,1.855188,-0.362980497,-0.291556234,0.165429689,1.922378291,0.045355702,1.757375042,0.524432627,-0.300159594,-0.771973961,0.321576124,1.147846799,0.354592778,0.45527063,-0.445662298,1.809992237,-1.471416615,1.838961071,1.736845593,1.8047086,-0.906340401,0.541859066,-1.601469743,0.351923675,-0.486783629,-0.417031744,-1.330670457,0.941763528,1.1928613,-0.017960325,-0.574298047,-0.71621112,-1.373180722,-1.110178925,-1.140372223,1.78350886,0.003394233,0.062129371,-0.254247296,0.168222632,1.673032238,0.599989682,1.818450084,-1.928954708,1.203482684,-1.173766962,0.076312683,-1.989235274,1.151584173,0.341530849,1.720424572,1.006423898,1.164992862,1.954997307,1.82865376,1.956129185,-0.002202424,0.308440126,0.730731941,-1.268689119,-1.083231187,0.790001622,-0.438815088,-2.003221516,-0.729811165,-0.321032052,-2.862951162,0.523011079,-1.638351923,0.647050885,0.395818731,-1.033386504,-1.390302383,-0.847464541,-0.838172953,-1.626584071,1.171397958,0.829119342,-2.113618993,-1.477094725,-0.434173272,0.649195293,-2.417995945,-1.737839627,-1.057566319,0.158882325,-1.833206659,1.240459013,-0.84397007,-0.358533813,-1.164111271,-1.434644622,-0.389198136,-1.677716753,0.092305671,-0.96233467,-0.494296322,-0.764428383,-0.765717873,-2.402405428,-2.53451715,-2.88598141,-1.673976434,-1.621510494,-1.732736129,-0.545244551,-1.167319487,-0.493804639,-1.625059293,-1.369240607,-1.501032039,0.141673158,-1.360236827,-0.287815415,-1.52924137,-1.45328923,-2.582298996,0.815630265,-1.289893867,0.334541803,-2.23305903,0.095764622,-1.840739651,0.725130226,-0.923567141,-1.851509474,0.844880656,-0.756299996,-0.693147181,0.047074407,0.798272669,-0.515670675,-1.901128006,0.752453286,-0.208624465,0.224662397,-1.006762635,1.495036652,-2.429282746,0.12804135,-2.519498095,2.068013995,0.571657283,-0.176259965,-0.999400639,-0.74675895,0.392650011,-1.099913134,-2.669310373,-0.865597618,-1.998783639,-0.768517488,1.244615583,-1.265848208,0.412175874,0.781707358,-1.010876174,1.265284249,-0.522898205,-0.403467105,-0.998585975,-1.873403458,-0.89452924,-0.21927604,-0.633935321,-0.504512262,-1.535722875,-3.042823881,-1.195013063,0.961264098,-2.446455463,0.05845757,-0.596383512,1.571839882,-1.406088988,-1.657053766,-0.016637641,-1.538513574,-1.999521919,-2.315670333,0.426247647,-1.709258248,0.067378235,-2.009169489,-1.34822816,-2.58893472,-1.264430773,-0.831260483,-1.434224895,-0.513662979,-1.061316504,-2.285727976,-1.462311848,-0.356817811,-0.260196616,1.558649754,-0.73334437,-1.807279281,1.176992076,-0.999672341,-0.07192574,-0.809007067,-1.767261998,-0.17542539,0.364643114,-0.517682411,-1.547872557,1.376117755,1.04376884,-0.806539868,-2.722656353,1.190461942,-2.669310373,-1.754463684,0.004489905,-1.320132159,-0.03894875,-1.610438413,-1.803629642,-0.992901834,-0.936748574,-1.110178925,-1.268333563,-0.423120043,-1.651302117,-1.328780455,-1.304530059,-1.858540503,-1.275110832,0.769598833,-0.626049437,-1.103825856,-0.262144289,-1.09243143,0.697537529,-1.213013549,-1.672910335,-1.903808973,0.367347786,-1.056127677,-0.52306691,-1.184823985,-0.502031076,-0.303811454,0.173701175,0.796380435,0.048694922,0.775233952,0.091575943,-0.8495671,-2.031794888,-1.793360751,-1.548342813,0.576557183,-0.267618041,-0.308156926,-0.70097776,-2.146436411,-0.950623411,-0.0329365,-1.682546384,-1.498791392,-0.976040736,-0.176379247,-1.907170321,0.306454758,0.782667906,0.100840315,-0.972861083,-0.052135754,-1.658628157,0.661192009,-1.389098288,-0.792304752,-0.677470701,0.018429135,-0.06400533,-1.62455155,0.375624266,1.153605397,1.184484128,-0.657008134,0.424156007,-0.286882392,0.37939488,1.486750369,-0.140757438,1.785657557,0.561385649,0.343589704,0.712508534,1.531303383,-1.368454443,-1.427950036,0.111630816,0.811774304,-0.889892258,-0.108476476,-1.485010334,-1.435904862,-2.214574216,-0.306932852,-0.023370986,-0.416880011,-2.103734234,-2.203645145,-1.120244589,-0.379651173,-1.926205566,0.078441426,0.717839793,0.419893845,-0.001801622,-1.018323457,-0.017858518,-0.573233084,-2.259525604,-1.236840408,-2.076246651,-0.470803949,-0.585010522,-1.862396549,1.581470443,1.40900941,1.771794829,-1.432547746,-0.129653208,1.630514238,-1.960414835,0.802763627,-0.999672341,-2.508380006,-1.274395269,-1.762006511,0.138717919,0.827415801,-0.535459905,0.081672149,1.045984771,0.60546285,1.477345484,-1.087079053,-0.214803427,-2.066722769,-0.354106816,-0.759928214,1.040064675,-1.272608597,1.690575405,-0.758005753,-2.094758246,-1.224856015,-1.593072558,1.748782376,0.949648136,-0.480296419,-0.606969484,1.051695369,-1.332943186,-0.908818717,-1.133514341,-1.342086106,-1.001304106,-1.682008605,-0.571637763,-1.817077277,0.667675515,-1.344768614,-2.102096232,-0.198207066,-2.415753791,-1.589635285,-1.397153104,0.130238477,-1.893792195,-1.408949052,-0.113056722,-1.223835433,-1.25842899,-0.825079852,-0.830113036,-1.03423003,-0.741707371,-0.866073016,-0.652581219,-1.403237082,-1.18515105,-1.402423743,-1.368454443,-0.568454737,-0.484995447,-1.666537504,-1.935860813,0.21929616,-0.598200703,0.252624681,-0.665532014,-1.005121946,-1.546463113,-0.238764932,-0.928869514,-0.083925235,-1.232372279,-1.818308804,-2.377308639,0.39035147,-1.793360751,-1.241674672,-0.824167443,-1.21976349,-0.518018094,-1.16315081,0.352345586,0.753583549,-0.589147591,0.56996208,1.006752815,0.12804135,-0.317866404,-1.092729626,-1.320881223,-1.986315564,-1.544118446,0.341530849,-0.311018938,-1.216382824,-1.502828177,-1.088859997,-1.65652952,-0.356674944,-1.691190414,-0.049085208,-0.072893326,-1.77608299,-0.770460284,-0.365427421,-1.709810887,0.299067017,-1.773723107,-0.21319322,-0.638469619,0.85220011,-1.784386715,-0.181042375,-0.025420377,-1.403643999,0.175380859,-0.604587004,0.739983055,-0.504512262,-1.42129997,0.976557643,0.197620594,0.511385467,0.325122355,1.371459872,-1.920729851,-0.068600091,-1.532014015,-1.222136775,-0.839098236,0.993733139,0.732560183,0.530275248,0.995951828,-0.552689828,0.182654835,-0.338273859,0.269034278,0.755511465,-1.677716753,-0.017553159,-0.2424538,-0.056041391,0.878422703,0.406997267,-0.598382604,-1.468372472,-0.967320903,-0.94803943,-0.582858827,0.15666181,-0.793851885,-1.782007178,-0.302728031,-1.057278425,-0.533071233,-1.195013063,-1.807888851,-0.593844979,-0.822117562,-1.749274858,-0.548700576,0.17412136,-0.451142622,-2.226550407,-1.069150579,-2.31364604,-0.99912901,-2.109488463,0.670083241,-2.586275144,1.653990539,-0.914043259,-0.650662569,-1.457575563,-2.288682188,-0.047930534,-1.814618763,-2.370863934,-0.60166249,-1.744112816,0.315467458,1.333868847,-1.64454709,-1.808498793,1.261751026,0.76038518,-1.989966535,-2.031032402,-0.656044093,0.552101915,-0.476585241,0.198194906,-1.261601917,-0.174472442,-1.773723107,-0.873949891,-0.954252238,0.880000122,-1.924148657,0.941217463,1.412327538,1.903896969,1.559806394,-2.35598587,-2.566550639,1.495238448,-1.142250746,-0.670798777,0.768022715,-1.782007178,0.502652313,-1.587187303,1.909216526,-0.207762449,-2.136223556,-1.858540503,-0.358963274,-1.030299648,-0.779576909,-1.298649851,-0.718054816,-0.074508052,-0.020202707,-0.615630738,1.60440527,-0.315533001,-1.566857465,-2.796881415,0.367209263,-0.841879234,-1.246880305,-0.805420423,0.60042864,0.984248401,0.401457087,0.969376419,0.406864129,0.199424465,-1.130722343,-1.162511015,-1.183190265,-0.507331735,0.097035963,-1.280853849,-0.392154094,0.100026314,-1.398366942,-0.533412122,-2.317698731,-0.756939314,-0.99398204,-2.142168372,-2.009169489,-0.673344553,0.653782457,0.00796817,-0.760569857,-0.163696093,0.711379949,-0.669040105,-0.0216323,-0.798729943,0.284201021,0.392785055,-2.498599977,-0.788997506,-0.9331826,0.869953557,-0.978432128,-1.268333563,-0.652965391,-1.11108981,-1.296819355,-1.136937403,-1.732170678,-0.14329317,0.05230778,-1.192373668,1.442840087,-2.017406151,1.196555363,0.047455941,-1.681471115,-0.309518767,-1.781413177,-2.141316945,-1.493434237,-1.25281297,-2.018158313,-2.63945741,-2.036382052,-2.085862109,-0.404066087,-2.006934851,-1.250016743,-0.176856517,-3.174858939,-1.351699716,-1.218409852,0.749999992,-0.741287556,-0.353394616,-1.346689107,-1.873403458,-0.500545314,1.025001629,0.062129371,-1.54928399,0.968465638,-0.685972977,-0.118220631,-0.224394333,-0.132845913,-0.973655049,-0.441144101,-0.739610055,-1.857258451,-0.737935363,-0.604220971,-0.06134363,-1.287716798,-1.562077341,-1.210326278,-0.625675465,-1.590125601,-1.424203934,-1.173120341,-1.723166678,-0.256700335,-1.559220196,1.015918849,-0.534094251,-0.837479551,-1.063341675,-0.628483667,0.258896721,-1.481484548,-1.758518135,-0.399284249,-1.37436579,0.220179162,-1.067404362,-1.105939064,-2.3816283,-0.826907171,-0.438194933,-0.49200387,-0.650087691,-1.846426871,-1.685779146,1.134108124,-1.116572614,-0.559840813,-0.57234648,-0.639985632,-1.307483181,0.124427578,-1.26513924,-0.225396086,-1.150432037,0.464237034,-0.689752947,-0.721958262,0.011829752,-1.015834862,-0.772623382,-1.054404034,-0.850737101,-2.744195648,-1.790360448,1.001219943,-0.943918899,-0.185245828,-0.312794773,-1.697722827,-1.394326533,-0.287148881,-0.6919479,-0.211462047,-0.087411457,-0.722781986,0.864112836,-1.92004749,-0.238891908,-1.966112856,0.707247305,-0.489716661,-2.769393831,1.209049894,-0.56951462,-0.967847219,-2.423623421,0.486307496,-2.093134869,-1.68848112,-0.277731742,1.749808365,-0.374693449,-1.820158944,-0.972861083,-0.72216413,-1.110178925,-1.815847265,1.055878746,-0.529498889,-0.915291232,-1.878625402,-1.410996974,-1.144760945,-1.386694441,-1.888490658,-0.941352162,0.210909014,0.599056257,-2.728763243,-0.587166857,-0.287282152,-0.284487182,-0.651813317,-0.433710274,-1.022206957,1.51215579,1.697009133,0.066349381,-2.106196279,0.479334957,-1.451152933,-1.611439915,-2.462753845,-2.339249077,-4.721704002,1.022738656,-0.677864557,-0.456337438,-0.879476759,0.215675736,0.171092075,-0.157121756,-1.104429174,-0.781541331,-2.049494465,-1.567816238,-0.229664768,-1.067986095,-2.358097803,-1.073529508,-1.611439915,-0.674325426,-0.019386714,-0.686370196,-0.231679882,-0.708666992,-1.034511363,-0.786140047,0.373561559,0.039028387,-1.273322882,-0.744229971,0.343731538,-0.280772664,-0.308429146,-0.302186759,1.28104495,1.054137799,-0.902387827,-1.117489344,-1.395940738,0.308293196,0.026349775,-1.332943186,-0.074615793,-0.655466114,0.429246737,-1.75157768,-1.049822124,-1.428784413,-1.379120157,-0.30069977,-0.883581557,-1.290620611,-4.615220522,-2.267217949,-0.346159002,1.081296566,0.324688798,-2.610469873,0.101021114,-1.541779264,-1.543650172,-0.63111179,-1.856618042,-0.059325466,-1.241674672,-0.216416231,-0.408419468,-0.567395975,0.133131313,-1.899121988,-2.072267338,-0.028399475,-0.364851135,-1.412227743,-0.231175723,-0.213440776,-0.36686959,-1.377929445,-1.592089274,-2.350725468,-2.682382454,-3.483492624,-1.272965676,-1.220102186,0.374387153,-1.366491734,-1.079103822,0.398977442,1.057373541,-1.006489,0.756591353,-1.099312534,1.052428724,0.359909706,-1.375948069,-1.64713978,-1.35208619,-0.265007755,-0.504512262,0.786637524,-0.895508193,-1.667067025,0.500896493,-1.550697417,-1.070024832,1.658437578,0.271476468,0.331028877,-0.26188438,-1.298283484,1.228177493,-1.949817774,-0.514666323,-2.219163485,0.644219507,-0.74675895,0.45362015,0.315029694,-0.308565283,1.798006582,-1.973281346,-1.315649522,1.240082915,-0.783071888,-1.319009614,0.164836242,-1.343618087,0.460016423,-0.458233174,-1.240291067,-1.09243143,-0.896978421,0.965994764,-0.759286983,1.754403683,0.051453282,-0.069778895,-0.958937307,0.45938495,0.315102668,-0.248846049,-0.809456303,-2.065933192,-0.857314527,0.167715404,1.329062415,-0.988055298,-1.268689119,0.797417102,-0.218529214,-1.159318164,-0.680230955,-1.490322432,-2.017406151,-2.008424054,1.071994491,-0.292359662,-0.099268002,0.107687805,-0.384192973,-0.540941248,-1.304161532,-0.676880208,-1.036764885,-1.272608597,-1.128865332,-1.951224244,-0.553733125,0.310128261,-0.140182031,1.216661955,-1.013352445,-0.598928505,-2.284745175,0.019018006,-1.444771291,1.191799003,-1.389098288,0.723773374,-3.009831198,-2.080241862,0.571487892,0.844966574,1.100643558,1.247491958,-1.416341282,-1.112914073,-0.836786631,0.260439336,0.420156657,0.207908079,-0.869884359,0.184319559,-1.48943512,-0.326561511,-0.371788582,-0.245772669,-0.310882466,-2.567853571,-0.13090627,-0.460924965,-1.067404362,-0.662424008,-3.174858939,1.080414373,-0.604403971,-1.211333159,-0.031181117,0.849081982,0.818280911,0.265052954,-0.556520583,-1.037893554,-0.009848336,-0.801846597,0.591834019,0.476296289,-1.770193691,-1.162830861,-1.1248536,-0.905845474,-1.715354138,0.310201594,-1.950520762,1.839231304,1.333394514,-0.69615169,0.223703395,-0.530518257,1.639074382,-1.070024832,-0.239781192,-1.931021537,-1.471416615,-1.092729626,-1.363750397,-1.317141502,-0.801400766,-0.548700576,-0.423578164,0.208720031,-1.430455257,-0.791642427,0.363253259,-0.944947441,-0.260196616,-0.6919479,-1.085597352,-0.042072776,-0.72216413,0.529038753,-0.810805224,-0.091019398,0.295054827,0.553597716,-1.560647748,0.455080329,-0.087084107,-0.229161624,-1.211669011,-0.524755529,-0.161813296,-0.311155429,-2.294616923,-0.46171805,0.807323721,-0.40661577,-1.067404362,-0.365715689,-1.116267224,-0.58250066,-0.934709317,-0.11518641,-0.03397052,-0.419006379,0.439157749,-0.455864066,1.427820108,-0.428477882,-1.333322476,-0.711311151,0.224422733,-1.054117049,-0.110931561,-1.10021357,0.406464608,0.725953132,-1.16219127,-2.673648774,-1.205307027,0.596140563,-1.646101897,-1.439273286,-0.731472295,-0.300564698,0.113864256,-1.318635713,-0.093431945,1.789774166,1.093901209,0.920163224,-0.591854929,-2.017406151,-0.27628065,0.295799041,1.765535268,-1.766676689,0.179651328,0.814125107,0.104720311,-0.743598724,-0.214307703,-0.49807394,-1.552585101,-0.937003773,-1.216045386,-1.294262276,0.935073231,-1.579393791,-0.864172778,-0.111490376,0.421928834,-0.755022584,-0.661648514,-2.864704011,-0.996687669,-2.317698731,-0.600021203,-1.606442403,-1.195674002,-0.559490796,-1.127011763,0.256733054,-1.918684163,-0.334633927,0.624332865,-1.215708061,-1.565421027,-1.057278425,-0.594207233,-0.238511028,-1.234432012,1.515039317,-0.965480976,-0.451770861,-1.568775931,0.781066479,-0.167472354,-0.898696423,-0.36672528,-1.25351325,-0.591854929,0.219376465,-1.771956842,-0.134102985,-0.55739326,-0.21183276,-1.25211318,-0.431552443,-0.227402608,-1.034511363,-0.806539868,0.116893751,-1.275468806,-1.105032856,-1.422543494,-0.661067287,-0.664171072,-1.064210862,-0.850268936,-0.939559359,-0.942378067,-0.684980618,-1.192703212,-0.211462047,0.102466332,-0.555125883,-0.060068526,-1.137561039,-1.443076375,-1.119631656,-0.413396478,-1.444347293,1.257153317,0.990878589,-0.906340401,-0.823255866,-0.652389188,-0.742547531,-1.165072655,-1.085005285,-1.260895952,-0.756299996,-1.38309947,-1.131962268,-0.09123848,-0.492821999,-1.877971166,-1.605944023,0.685770036,0.831124924,0.589008141,0.176051944,-0.21331699,-0.254118356,0.185815446,-1.375156617,-0.8703618,0.821452441,-1.099012369,-0.266312047,-0.903127745,-0.698762919,-0.780231287,-0.974979728,-0.878754128,-0.348565061,0.6943964,1.383941596,-1.475344178,-0.428477882,-1.318261951,-0.623807702,-0.163696093,-1.426283369,-1.846426871,0.293862932,-0.180084062,-0.907578791,-1.391105918,0.200652513,0.612587673,0.875760361,-0.770028225,-1.905824426,-0.908322562,0.439608853,-1.006489,-0.634689611,-1.47797115,0.06024808,-0.586627337,-0.546625528,-2.547207676,-0.515335779,-3.561366134,0.138369669,-1.22894879,-0.125449851,-1.177006356,-0.097061713,-0.942634707,-0.020508877,-2.373007557,-2.228405695,-1.164752091,-0.067636649,0.924179533,-2.32585372,-1.601965898,-1.25772526,-0.40691616,0.271095269,-0.769380487,-2.059638914,1.530589491,-0.225646682,-1.922095971,-1.481924592,-3.032396258,-1.13227249,-2.345492594,-0.501040323,-1.847695102,-0.66650525,-1.15327969,1.610697119,-1.833206659,-0.561943495,-1.763755273,-1.042988385,0.362835926,-2.176833888,-1.259133216,-1.322005871,-0.165228479,-1.155500151,-0.119684843,-1.593564563,-0.842111334,-0.15431736,0.494757216,-0.761640177,-0.709479835,-0.95998142,-2.037148629,-2.780620894,-0.583575544,-2.18213894,-0.957373177,-1.220779923,0.034787825,-0.974449646,-0.372949516,1.163900529,0.240904881,-1.938636665,-2.75986995,-0.554777511,-0.440988664,0.84771206,-1.707050741,-0.335472736,-0.255537619,-0.692947201,0.369354221,-1.274395269,0.226497919,-1.332564039,-0.662424008,-1.220102186,-0.546280105,0.110019645,-1.172151192,-0.019998647,-0.115972176,-0.625675465,-1.310074335,-1.177655496,-1.269044801,-1.638351923,-1.007857925,-1.25456459,-0.779576909,-2.725705136,-0.503353609,-1.583770166,1.031973786,-2.459238903,-0.70623242,0.229841073,-2.151582219,0.601196352,-0.049610501,0.347694742,0.266969031,0.512284559,-0.615075645,-2.479322271,-0.44488184,-0.52306691,0.658969729,-1.492544161,-2.399095993,-0.062513905,-1.335601247,-0.302322049,-0.618039708,-2.755141809,-0.298675614,0.210017784,-0.826450028,-1.489878677,-2.985781943,-2.582298996,-1.68848112,-0.127719742,-0.492494667,-0.624180976,-2.375155786,-1.018046641,-2.48530673,1.124539911,0.487597938,-0.175306222,0.56485916,-2.561355822,-2.887775132,-1.073236982,-2.837020582,-1.307483181,0.396626159,1.007373808,-0.835171681,0.046692728,-0.869645724,-1.320881223,-0.807884858,-0.28941691,-0.018775155,-0.131818575,0.855733608,-3.223888367,-2.785471348,0.179149866,0.559958586,-1.564942673,-1.474033275,0.484276289,-0.48191428,-1.439695138,-1.132582808,0.279448268,-0.050030934,1.464990008,1.558986369,-1.825729989,0.896210466,-2.289668868,-1.28699216,0.047551302,-1.627601883,0.400184524,-0.388607991,-0.71539279,0.249980205,-0.13995196,-0.811930717,-0.703803761,-1.596521687,-1.052683357,-0.842111334,-1.707050741,-0.756299996,-1.045545568,-0.286615974,-0.944690206,-0.228784431,0.546617388,-1.099612789,1.266214941,-1.351699716,-0.760569857,-0.981896489,-3.11451581,0.60393338,-1.20764621,-0.680230955,-1.375552265,-1.932401799,-0.303540488,-1.393117586,-1.488105627,-1.190727578,-1.198322133,1.825468225,-1.513219055,0.044303926,-0.393931872,-1.570217199,0.772651282,0.309688153,-0.292091781,-2.459238903,0.492804209,-3.789805373,-2.166307475,-1.283737773,-1.810942289,1.339910051,0.299215308,-2.219163485,-1.367668897,0.325988907,0.659486979,-0.41113113,-1.25211318,0.649874268,0.037103088,0.072413681,-0.830801346,-1.827593922,-1.023597585,-1.81954185,-0.242581245,-0.874908894,-1.641961104,-0.216788786,-0.590590592,-0.416121688,0.687179409,1.270378332,0.078441426,-1.400393285,-0.155484903,0.755417506,-0.430013981,-0.944947441,0.249279025,-1.244794799,-1.344768614,0.49158164,-0.115410852,0.601744357,-1.452006904,0.135753921,0.871795332,-1.358679194,-0.709073331,0.434764977,0.486491947,0.852413325,0.225381046,-1.441384327,-1.630661549,-0.279317156,-0.832409248,-0.412187654,-0.990744918,-0.088503399,-3.064011114,1.480422024,-0.788777412,-0.224895084,-0.052557251,-1.376740148,1.239619832,1.678422784,0.043921187,-1.877971166,-0.644357016,0.252313929,0.62229544,-0.514666323,0.16220388,-0.09036244,-2.823461053,-1.850236399,-1.447319063,0.219215848,0.77817743,0.295352579,-2.787093408,0.118849134,-2.142168372,-2.345492594,-1.631172405,-1.174737679,-3.729701449,-2.038683549,0.328512067,-0.117095772,0.265973129,0.044303926,0.381650443,-0.33086797,-1.189084192,-0.701986129,-0.060280931,-0.613412213,-0.694347901,-1.742969305,0.408992214,0.407130387,-1.001576326,-1.814005078,-1.296088093,-0.871556401,0.29617094,-0.329893921,0.071296882,0.332105574,0.351782998,-0.48207621,-0.716006475,0.27626717,0.517840959,-0.939815277,1.25507458,-0.59747343,-0.785262469,0.830819986,0.356064758,1.369809225,1.004924126,1.177361853,0.858492113,1.331389289,-1.224515706,1.428515377,1.824597678,0.790319262,-0.115298624,-0.870123051,-0.682800889,-1.084709383,-2.040990355,-1.238909374,-0.874669057,-2.023439352,-1.852784171,-0.535459905,-2.219163485,-1.495216768,-0.744861616,0.240747685,-1.426699776,-1.956869989,-1.564942673,-0.441610555,-1.7837913,0.430612902,-0.458075058,-1.38230234,-0.549046837,1.63428661,1.343334667,1.90079323,-0.544727175,-0.434636485,-0.536314387,-0.232562773,-0.767439785,-0.860146721,-0.137309951,1.426572208,-1.931021537,-2.078641862,-0.991822794,-0.971010944,-0.579282924,0.811641075,-0.978166136,0.489070692,-0.223518622,-1.204306193,-2.308603165,0.735679711,-1.220779923,0.686877568,-0.543865478,-1.557319958,-0.365427421,1.119753888,0.87329972,0.798497696,-0.103917113,-0.557567886,-1.859182146,-0.700574696,1.216098984,-0.694347901,-0.386545223,-0.539396581,0.667624223,0.302324349,-2.248096908,1.469945934,1.641362845,-0.073000893,-1.745257636,-0.291556234,-0.911551978,-0.303269596,1.525490926,0.580034472,0.851047963,0.271705118,0.236099262,-1.105636904,-0.903621329,0.250135956,0.159735058,0.744315467,-1.645583359,1.686380435,0.40239373,-1.885191414,-1.491210531,-0.291556234,-0.792967516,-0.200526261,-0.127719742,-0.31320503,-1.24098263,-1.455001559,-1.141311043,0.024790169,0.002097798,-0.851908473,-0.392450171,1.247377062,0.288032011,-0.631863952,0.010544214,-0.464419251,1.635982468,0.929285927,0.380625818,0.469816112,-1.053256587,0.360537475,0.395280083,-0.212450922,0.489070692,0.392447411,-0.16134315,0.423239536,0.369077711,1.374854171,-0.095080206,-1.012251123,-1.928266714,-2.063568193,-0.435099913,-0.125223145,-0.714166548,0.095219267,-0.967320903,-0.198938863,-2.706052198,-0.056676177,-0.772839949,0.317070957,-0.996416776,0.777028665,0.699029844,-1.455001559,0.117516333,0.645111732,0.624707727,-1.799388496,-0.500380366,0.891834091,-2.21183073,-1.796370082,-1.583770166,-1.232372279,-0.991822794,-1.700457311,-1.032543689,0.294831455,-0.580890498,-0.938791997,-1.543182117,-1.763172012,-1.290620611,0.495183928,-0.563523413,-0.434790937,-2.047167981,-2.504701277,-1.295357366,-0.827822084,-0.943661929,0.083881484,-1.078515587,0.055434707,-1.025547718,-0.280243143,-2.590267165,0.191529038,-0.848632083,-0.466330384,-1.390302383,-3.48675527,-1.735001135,-1.793961893,-1.191714907,-0.190676361,-0.768086267,-2.459238903,0.15956457,0.850108193,-1.981226494,-0.413547684,-1.685779146,-2.042531188,-2.293625352,-2.138767008,-1.423788566,-0.62511477,-1.17409043,-2.071473372,-2.350725468,-2.510840032,-2.360214206,-1.8426318,-2.61319467,-2.271086426,-2.560061323,-0.242198958,-0.981896489,0.706704858,-0.701986129,-0.026549335,-0.422356976,-1.177655496,-0.329754849,-2.537042404,-3.464137181,0.05694728,1.334737874,-0.713349888,-1.924833823,-0.816219178,-1.377532855,0.813371678,1.690114265,-0.165700456,1.047845172,-0.981629573,-0.164167346,-1.496109227,1.692601898,-0.556346139,-1.005941954,1.741080021,-2.455736272,-0.352825221,-0.569868164,-1.582795981,-1.540845121,-0.123298216,1.774731988,-1.618478657,0.97907772,0.026641931,-2.492535677,0.662533322,-0.534435489,-2.513306124,-0.828050943,-0.352113933,0.255804334,-1.866267521,-0.031903549,-0.313478627,-0.493804639,-0.648556297,-1.558269626,-0.191523768,-1.03563749,-0.966269102,-2.159350925,-0.043116291,-2.808423175,0.162118849,-0.920298753,-1.559695821,0.160331539,-1.039023497,-0.575364145,-0.527463265,-1.628111178,1.210570988,0.902475743,0.422649933,-1.674509909,-1.618478657,-2.513306124,0.796515714,-0.3741118,0.826103408,-0.834710745,-1.134757735,-1.040437725,-1.447744323,-1.68848112,1.799628428,-0.492985706,-3.473768074,-0.376440429,-1.418817553,-1.897119985,-1.970407781,-1.045261113,-0.590771114,-1.201642189,0.090389,-0.23483665,-1.956162526,-0.674521716,-1.419230861,-1.539445541,-1.897786874,0.773205273,0.345998149,0.141325936,-1.447319063,-0.466330384,-2.733368009,-0.534776845,-0.881647788,0.438964357,0.046406373,-3.203987212,-0.419919065,0.622939286,-1.067695186,-2.034850658,0.258047267,-0.397794602,-1.77608299,-2.3330443,-0.490369615,0.787911757,-1.857258451,-0.624180976,-0.464419251,0.076497971,0.185067782,-0.482886255,-0.767224384,1.030904306,0.782576465,-0.6923475,0.327791813,-1.150432037,-0.551300456,0.273304205,-1.073236982,-0.724018844,-0.71539279,0.117338492,-3.324236341,0.023032699,-0.139147131,-0.599292605,0.169236317,0.227613546,0.309834877,0.019900662,-2.533256911,0.254409633,0.558701084,-1.98195192,1.143490047,-1.418404415,-1.685239626,1.986476111,-1.002120988,-0.348281695,0.529804382,-0.115859886,-3.270169119,-1.118406916,0.221862731,-1.165072655,-2.509609262,1.442225633,0,-1.066532395,-1.18515105,-1.801809805,-0.933436891,-0.071066448,-1.355183366,-2.871746294,-2.215490386,-0.853081218,-2.109488463,-1.794563397,0.28855669,-0.105805059,-0.854725376,-1.004029646,-4.803621125,-0.617112494,-0.606235809,0.626953958,-2.112791521,-0.419919065,-2.314657674,-1.45328923,1.057790294,-1.708705914,-1.082640519,-1.704298193,-1.483245887,0.599166117,-1.5945493,-0.433864583,1.003385439,0.581321365,-0.510492346,-1.282655326,0.504888031,0.382469388,-0.85943792,1.237388238,-1.099312534,0.869241052,-0.026138658,-1.667596827,0.414292697,-0.004108428,-0.661648514,-0.680428408,0.823122257,-1.373180722,-1.244794799,0.467876368,0.494635264,-2.718100537,0.330166684,0.057325067,-1.628111178,0.859381699,-0.845133538,-0.230923739,-0.347998408,-0.815314815,-0.687363936,-0.634500985,0.523899783,0.439028825,-0.780886095,-0.977368581,-0.672364641,1.033575866,-0.588787165,-0.878754128,0.186728499,0.118493894,-1.976884953,-0.899433615,-2.216407397,-1.698815724,-0.281567471,-1.961125315,-1.363750397,-1.438430116,-0.444101992,-2.862951162,-0.914542261,-1.671845373,-1.401204974,-1.5154923,-2.141316945,-1.574070769,-1.323883101,-0.530178352,-0.715597309,-0.417790758,-0.493968507,-1.720369473,-0.95217701,-1.061027528,0.129184458,0.00796817,-1.570217199,-0.773489933,-0.871795492,-1.452006904,-0.136851183,-4.635629393,-2.212744389,-0.108699417,-1.892464173,-0.464101084,-1.836966062,-1.167640875,0.603988044,-1.534794369,-0.913544506,-1.270825111,-0.75438449,-0.202850848,-1.059295426,-1.190069899,-0.45870767,0.950382932,-0.677864557,-2.018911042,-1.229974607,-0.802515718,-1.315649522,-1.596521687,-1.557319958,-1.123314901,-1.677716753,-4.537511538,-0.934709317,-2.935578351,-0.838866835,-1.39070407,-1.090346544,-1.199648833,-2.30058709,-2.283763339,-1.752731082,-2.592937394,0.508743458,-0.54818141,-1.336742582,0.448269137,-0.656236827,-0.423883694,-1.207980826,-2.497384171,-0.968637212,-0.807212137,-1.082640519,-1.155500151,-1.773723107,-0.615260642,-1.082935809,-1.067695186,-0.311018938,-2.933696883,-1.474470052,-1.119631656,-1.926205566,-1.158680815,-2.504701277,-1.327648166,0.2056311,0.502470819,-1.333701911,0.295352579,-2.259525604,-1.422128814,-1.48236483,-1.59405681,-1.745830537,-2.3816283,-1.377532855,-0.473369287,-0.912298711,-0.281965112,-0.518857795,-0.442388462,-1.200645014,-1.10262031,-2.175952442,-0.766148073,-1.864975532,-2.021927635,-2.53577898,-1.740116236,-2.005447862,-0.63111179,-2.642262461,-1.713687934,0.69823422,-0.817577259,-0.149080223,-2.181252808,-1.863685209,-0.5407695,-1.671845373,-0.790980541,-0.755235373,-0.696552974,-1.279414999,0.294235551,-0.597291695,-1.29974976,-0.388460509,-0.24551698,-1.722606611,-1.883874758,-0.230294055,-0.45413028,-1.844527535,-0.821435201,-1.886509806,-1.614953093,-2.116935746,-0.754171882,-0.652773286,-0.52239226,-1.790360448,-2.972015747,0.184236389,-1.833206659,-0.56651453,-1.811554097,-0.386250889,-1.527857925,-1.186132886,0.528213573,-0.424189317,-0.709479835,-1.380312289,-0.75098818,-0.562996496,-0.663976803,-0.233067633,1.345081665,-0.866073016,-0.916290732,0.407662692,-0.966531948,-2.332013904,-0.164874643,-1.971125398,-1.426283369,-0.321032052,0.687682275,-1.04072081,-1.646620704,-1.26940061,0.046883586,-2.03408584,-2.091514123,-0.612489278,0.108764715,-0.192129498,-1.333322476,-1.802416049,-2.217325249,-2.675099101,0.536434889,-0.2125746,-0.381406843,-1.69936262,0.290428298,-1.468806783,-1.742969305,-0.474654427,-0.610093625,-1.380709983,-1.995835958,-1.564942673,-2.472187877,-2.297597551,-0.443790222,-1.325011133,-1.741256487,-0.707854809,-1.132582808,-2.187472286,-0.010454458,-1.34822816,-2.238671767,-0.645691239,-0.414152737,-0.930643238,-0.768948894,-0.682405084,0.572785824,-1.077633882,0.304244161,-2.151582219,-2.021927635,-1.051251717,-0.122619714,0.91872776,0.301954732,-0.443790222,-0.461083532,1.208811081,-0.448946887,-0.499061757,1.247951411,0.151690513,0.01498713,0.679098965,-2.455736272,1.691570742,-1.764922815,0.115825566,0.385466462,-1.442229993,-0.419919065,-1.903138057,-0.991283711,-1.807279281,-2.788718104,-1.704848097,-0.099820335,-2.790345444,-0.543004522,-1.077927697,-1.504177402,0.406797553,-2.378386806,-0.918042265,-0.504015532,-0.481266822,0.381240719,0.762766522,0.718083666,-1.580850456,-1.862396549,-2.24620476,-2.521985658,-1.151380354,-0.738144546,-0.442077227,0.23285623,-0.533241663,-1.941420244,-1.038458366,-2.831914188,-1.497002483,0.408261195,0.104089709,-2.750435918,0.4065978,-1.633218441,0.674575795,-0.913046002,-1.943513024,1.07483176,-0.563699113,-0.429706572,-1.018877321,-1.324634981,-1.564942673,-2.107841016,0.859212315,-1.323131786,-1.215708061,-0.287148881,0.23285623,-2.043302495,-0.3137523,0.647992899,-1.69936262,-0.462829425,-0.302998777,-0.609173747,-1.425451076,0.674779523,-0.326977455,-0.437110586,-1.679860377,0.081211255,-2.12611395,-0.153967363,-2.410170304,-0.310336763,-0.557917231,-1.516403046,-1.77254525,-2.327902901,-0.592578126,-1.360626614,-1.09481949,0.108136659,-0.469843642,-0.446912298,-0.697556889,0.76127301,-1.597509342,-3.767922661,-1.463175405,-0.276148837,-3.11002142,"NB"
"52",-0.061131,-2.05650657,0.61950064,0.307925779,-1.881903019,0.291698994,1.559806394,-0.457600863,0.591557325,0.535264546,1.714446366,-0.022961612,1.772593639,0.353399586,-0.716825308,-0.564402225,0.2268965,0.497801173,0.132956227,0.259745454,0.413102535,1.431339426,-0.68995229,1.646618084,1.692123279,1.560037562,-1.821394274,0.019116117,-1.710917081,0.301584978,-1.13103218,-0.731472295,-2.592937394,1.098345586,1.64929304,0.207989304,0.053256366,-0.627172192,-0.480781502,-0.843272639,-1.409767717,1.400123299,-0.686370196,-0.54818141,0.401189313,0.618854576,1.257608354,0.076034686,1.599751147,-2.394700382,0.928851514,-1.205640861,0.172018664,-1.659679129,1.389314795,0.280355297,1.389663679,0.491336947,0.670850446,1.714158223,1.534779019,1.696825885,0.011236632,-0.105805059,0.875843667,-0.68995229,-1.895121982,0.627541424,-0.256441837,-1.080281332,-0.475780282,-0.735637232,-1.349384007,-0.199304962,-2.510840032,0.544647172,-0.018571386,-1.389499492,-2.503478035,-1.325763861,-1.388697246,-1.861109547,0.977272937,0.145916875,-1.282294771,-1.588165777,-0.759500681,0.416009322,-2.037915795,-1.164752091,-1.194022474,0.31488373,-2.733368009,1.110903113,-0.714166548,-0.228658732,-0.573233084,-2.614559858,0.034208171,-1.849600469,-1.346689107,-0.713145827,-0.542144307,-0.624741148,-0.950882177,-0.982430534,-1.309703759,-1.960414835,-1.94911528,-1.108965701,-1.33484108,-0.892086043,-1.10021357,-0.613227557,-1.127629238,-1.356735559,-1.62964062,-0.293431904,-2.052604888,0.042101176,-0.971539206,-0.205426431,-1.613445934,0.776338771,-1.570217199,-0.237369259,-0.717439873,0.06241126,-1.852784171,1.141256622,0.631537699,-1.744685062,0.924576312,0.119914097,-0.152685088,-0.240035419,0.487659346,-0.421442063,-1.263369014,0.493659119,0.835817932,0.674321076,-0.513830133,1.223834253,-3.278095185,0.509704996,-2.753570716,1.729919526,-0.416576613,-0.525600909,-0.157589921,-0.630923837,1.09854562,-1.238564249,-1.802416049,0.070738015,-1.764922815,0.05287704,0.810885771,-1.437166692,0.364295831,0.751038659,-0.805196684,0.526679288,-0.554777511,-0.367447041,-1.247924692,-0.917541514,-2.183025858,-0.066460367,-0.705219762,-1.333701911,-0.762282919,-2.697110261,-0.524586539,0.900202,-2.029509173,-0.19007151,-0.586986985,1.252905815,-0.105471633,-1.284098849,0.37328621,-1.788564578,-0.942378067,-1.234088428,-1.62964062,-1.734434403,0.018232768,-1.06363132,-1.044692447,-2.243373233,-0.918292735,-0.504181081,-0.499556032,-0.627172192,-1.543650172,-3.128121462,-1.004575647,-0.55739326,-1.790959789,0.928258828,-1.56303154,-1.7837913,0.877882489,-0.15665381,0.446287103,-0.735637232,-1.144132804,-0.756513056,0.119914097,-0.420832585,-1.474033275,1.394659278,1.220652915,-0.304896053,-1.758518135,1.26553816,-3.288761952,-1.579393791,0.220820856,-0.727738625,-0.65027928,-1.661784393,-2.669310373,-0.487434671,-0.522223669,-0.94803943,-1.078809661,-0.704005924,-2.96036513,-1.338647708,-2.407945609,-1.812778837,-1.822631133,0.746593156,-0.741077714,-1.166355941,-0.24551698,-0.737308076,0.910795662,-2.193730688,-1.264076728,-1.357123984,0.246703816,-0.285151943,-0.535289096,-0.410678675,-0.551300456,0.187309098,0.281110527,0.515156233,-0.515000995,1.032828548,-0.59402609,-0.563172104,-1.852146619,-2.469821012,-1.607939036,-0.709073331,0.475426399,-0.474493695,-0.059750004,-2.122766666,-1.156453288,0.373217361,-0.879235824,-0.853550702,-1.669187917,-0.083707749,-1.616462527,-0.328365188,0.404531339,0.079088406,-0.732511904,0.204979581,-0.656236827,1.170250547,-0.432168491,-0.481266822,-0.101589856,-0.40167231,-0.241816817,-2.143873402,0.834038919,1.046195556,1.049422045,-1.606941032,-0.570044983,-0.11171399,0.299660049,1.323035022,-0.018265809,1.344795054,0.304391686,0.485630885,1.216247165,1.390858928,-0.216292076,-2.673648774,0.85569111,1.252848679,-1.077046511,0.493964267,-0.524079739,-0.412036654,-1.891137913,-0.787238104,-0.46203546,-1.762006511,-2.396895773,-0.601297527,-0.9331826,0.769274541,-0.994252273,0.578072973,0.796650974,0.094764576,-0.154900961,0.255804334,0.304244161,-0.97418471,-1.875358493,-1.213349966,-1.547402522,0.01242252,-0.467766134,-2.280823601,1.362565034,1.273293622,1.652478245,-0.308020843,-0.88746035,1.467067571,-1.961125315,0.240904881,-1.155500151,-2.504701277,-1.677716753,-1.127320453,0.469003129,0.700371026,0.364712556,-0.079476202,0.933659026,0.162628923,1.625783591,-1.539445541,0.672689339,-1.729912066,-0.526447005,-0.72649716,1.05050689,-1.633218441,1.593674317,0.149970527,-2.686778066,-1.277619345,-1.541312083,1.521829994,0.347270864,0.106070264,-0.728981634,1.178316478,-1.865621318,-0.051819749,-1.343234872,-2.191938573,-1.767261998,-0.969955257,-1.238219243,-0.483696956,0.451330364,-0.737726224,-1.747551215,-0.743388397,-2.136223556,-1.202973304,-0.695550065,0.536610323,-0.430782916,-1.685779146,0.020880478,-0.607887337,-1.883874758,-1.603455841,-0.658552536,-1.219424909,-0.386692423,-0.311291938,-0.018163971,-1.168605661,-1.332185036,-0.179724931,-1.861109547,-0.493640799,-0.239908298,-1.346304713,-1.448169765,0.109123427,-0.348281695,0.700519935,-1.386694441,-1.917322692,-1.36335939,0.483906534,-1.060449828,-0.545589616,-1.292804018,-0.996958635,-1.71981097,-1.217058044,-1.796973036,-0.784166579,-1.430873405,-1.187115687,0.500896493,-1.042988385,-0.075478141,0.6488295,-0.263835346,1.237069032,1.188300635,0.123102197,0.469628559,-0.232941394,-1.088562953,-2.019664338,-1.137249172,-0.431706419,-0.549913013,-1.066241909,-1.771956842,-0.465533635,-1.089454351,-0.253216236,-0.011162065,-1.35208619,0.077053629,-0.685179011,-0.604220971,-0.107139876,-1.735001135,0.293713845,-0.820980552,0.399447036,-0.511659305,0.911921199,-1.196335377,0.006379607,0.172102857,-0.856136809,-0.15082289,-2.256656161,1.011746356,-0.420375721,-0.729811165,1.226888229,0.407795723,0.25905109,0.260901657,1.594506999,-1.540378377,0.371701478,-1.128556165,-0.827822084,-0.944175935,0.969186741,0.562867638,0.278843124,0.843849063,-0.455548608,0.384513821,-0.051819749,0.697686861,-0.174829691,-1.160913315,0.155464103,-0.796731497,-0.544382407,0.75160475,0.242632404,-1.590616158,-1.003756758,-1.231686643,-1.539445541,-0.451770861,0.296542701,-0.516508407,-1.607939036,0.084800602,-0.537340729,-0.236102153,-1.408131056,-1.213013549,-1.526936691,-0.487434671,-1.164752091,-0.237242476,-0.305574525,-0.537511889,-2.186581417,-1.239254619,-0.290753451,-1.37081479,-2.653562016,0.236809742,-2.32585372,-1.000759889,-0.651429587,-1.172151192,-1.59405681,-0.629984606,0.179818427,-0.496429744,-0.921805913,-0.637334116,-2.145581344,0.019704583,1.595278134,-0.990206415,-0.427864103,0.048790164,0.437803216,-2.317698731,-1.897119985,0.159820291,0.878879581,-0.402569305,0.426247647,-1.647659125,-0.301916233,-2.308603165,-0.265659688,-0.908074577,0.985742165,-0.573765424,1.199271772,1.185859749,1.773408787,1.32702195,-2.003221516,-2.733368009,1.272901674,0.278161899,-0.405565113,0.547832349,-1.370421012,0.86191902,-1.667596827,1.633642601,0.336472237,-1.911895271,-1.718694898,-0.34460522,-0.996145957,-1.105636904,-1.465337569,-1.811554097,-0.874189556,0.071296882,-0.972596568,1.256043297,-0.462511764,-0.898205264,-0.789217649,0.36686287,-1.291711719,-1.004029646,-0.148848097,0.856498264,0.312179544,0.389877585,1.081093052,0.383151331,0.103729186,-1.714798428,-0.669430654,-1.413871129,-0.802738857,-0.023575737,-0.777833989,-0.523573197,0.508502928,-1.053830146,-0.443322751,-1.755041886,-0.101036544,-0.723606388,-1.937941979,-0.914043259,-0.248846049,-1.034792776,-0.210227326,-0.28595024,-0.391710143,0.766304701,-0.876349125,-0.389050567,-1.305636458,0.188717724,0.240904881,-2.047167981,-0.906092907,-0.923315347,0.736637612,-0.979230532,-2.887775132,-1.181885208,-2.628315233,-0.275753502,-2.586275144,-2.397995278,-0.502031076,-0.184644252,-2.293625352,0.696092838,-2.055725015,0.510485566,-0.439746042,-2.30058709,-0.531708835,-2.328929068,-2.642262461,-1.292439786,-1.512765025,-2.688247574,-0.811480368,-0.978964326,-2.206366235,0.12018016,-1.686859059,-1.937247776,-0.596565083,-2.471003745,-1.001304106,-0.965743616,0.658969729,0.145916875,-0.593120867,-1.845160246,-2.657832485,0.215836923,0.60965687,0.112167297,-0.797619202,1.07939549,-0.96942783,0.365614864,0.19909673,0.283674051,-1.207311706,-0.760997848,-0.854490331,-1.354020801,-1.716466485,-0.778705069,-0.209363928,-1.611439915,-1.439695138,-0.710293339,-1.051824127,-1.57358826,-0.599656838,-0.213688393,-1.133514341,-0.207885549,-1.75157768,1.52690377,-1.422958346,-1.123314901,-0.296655547,-0.319654452,0.063913326,-0.930896884,-1.35208619,-1.294627173,-1.551169004,-0.047406122,-0.735845935,-0.763569645,-1.348613294,-1.116572614,-0.858729621,-0.167945391,-1.630150954,-0.396901877,-1.033105487,1.226066922,-1.54975491,-0.648938926,-0.769380487,-1.632706539,-2.095570924,-1.021651248,-0.83149013,-0.550259693,-2.071473372,-0.124769887,-0.690151672,-0.208254939,0.322011033,-1.263722809,-1.160913315,-1.436745905,-0.33785319,-1.215370849,-0.425871918,1.119264228,-0.939815277,-1.025547718,-0.303946965,-1.682546384,-2.183913563,-0.275621758,-0.764213629,-1.045545568,-0.227026079,-1.482805262,0.479768299,-1.376740148,0.316050847,-1.862396549,0.61106907,0.582383204,-1.053830146,1.627297477,-1.108056748,-0.545417069,-1.958995389,-0.265398864,-2.110313205,-1.64506509,0.096218858,1.403053145,-0.450985623,-1.404051083,-1.039023497,0.073343394,-1.52924137,-1.182211313,1.36207851,-0.922560345,-0.560190953,-0.618039708,-0.079367935,-0.945462109,-1.277978218,-0.961811247,0.144533151,-0.714779481,0.787138309,-2.460409178,-0.550086338,-0.974714652,-0.074508052,-1.224175512,0.011928571,-1.114741671,0.579418415,1.509374454,0.145052272,-2.600991129,-1.642477767,-1.383897237,-1.722046857,-2.1086644,-1.7837913,-1.551640814,0.976143291,-0.197963253,-0.022041131,-1.339410775,-0.222393832,0.872547809,0.060624622,-1.052969931,-0.035419945,-2.193730688,-1.34822816,0.486983649,-0.407366915,-2.14814874,-0.627546724,-1.673976434,-1.060161102,-0.093981064,-0.654118794,-0.223393583,-0.37353049,-0.492331041,-1.115351613,-0.386103755,-0.251543026,-0.284487182,-0.30598183,0.482549598,0.112077903,-0.060599622,-0.728774358,1.397827597,0.911077165,-0.124430078,-0.149544637,-1.196997191,0.230635417,0.349247428,-1.64506509,-1.135068826,-0.199915425,0.964661761,-1.487662856,-1.090346544,-2.575707014,-0.953733027,-0.456179623,-0.949072221,-0.508328744,-2.777400279,-1.644029357,0.379873758,0.880124549,0.187972228,-1.376740148,0.155549701,-0.806539868,-2.203645145,-1.105032857,-2.171556831,-0.133874309,-0.955291469,0.025765208,-1.976163192,-1.124545671,0.341601914,-1.933783969,-1.444347293,-0.269580237,-0.188138442,-1.477532842,0.17008027,-1.06479074,0.279977468,-0.866786537,-1.053543325,-2.271086426,-2.370863934,-1.420057991,-2.30058709,-1.030860187,-0.505174952,-0.627172192,-1.543182117,0.525793051,0.925210829,-0.562469857,0.133918818,-1.701553201,0.327503567,-0.428017513,-0.786798737,-1.093624747,-0.57234648,-0.661454734,-0.583037958,0.931061111,0.351712652,-1.177330873,0.738598444,-0.876829663,-0.781759839,1.443336102,0.474866785,-1.149484619,0.360607203,-1.543650172,0.688637025,-1.789162843,-0.220272676,-2.332013904,0.409390726,-1.158680815,0.230556011,-0.227904868,-0.460449416,1.567385995,-1.245837008,-1.442653095,0.502107733,-0.652965391,-0.552516051,0.337757125,-0.827135821,0.180069022,0.058363243,-0.089049817,-0.46029095,-1.848329821,1.155244638,-1.141311043,1.635027683,-0.170432512,-0.083490311,-0.9105572,0.258356243,0.372184054,-0.639037855,-0.234710188,-2.015903521,-0.085340047,0.730153906,1.169195007,-0.579818495,-1.256319285,0.543718667,-0.150706617,-1.539445541,-0.685377443,-1.606442404,-1.416753569,-2.752002089,1.016425618,-0.544554777,0.03758476,0.343731538,-0.849333264,-0.986981473,-1.847695102,-0.394376811,-1.090941782,-0.589688472,-1.33142746,0.734241138,-0.450671701,-0.038740828,0.339752565,1.523814663,-0.811480368,-0.422051912,-1.453717037,0.184402723,-1.443923474,0.713243882,-1.07031642,0.064476019,-3.33260459,-1.239254619,0.772050778,1.197280461,-0.49511633,1.236488396,-0.528141346,-1.011975982,-0.737099068,0.119825393,0.420747732,0.621490049,-0.370339306,0.250135956,-1.019708691,-0.228658732,-0.13995196,0.575545379,0.191611604,-1.739546598,0.594762279,-0.424953785,-0.018469516,-0.400328324,-1.5847453,0.782027643,0.125398409,-1.496555755,-0.577677931,1.114879261,1.096242817,-0.011162065,0.415613439,-0.581248088,0.49573229,-0.627546724,0.642537863,1.076877797,-1.201642189,-0.926341068,-0.389493339,-0.784823969,-1.642994696,0.344298673,-1.671845373,1.246888605,1.357560469,0.181321057,-0.178528759,0.247250627,1.021155125,-0.345028739,0.227932068,-0.964168812,-0.867024491,-1.084413569,-0.929629296,-1.669187917,-0.544382407,-1.259133216,0.206526246,0.491703965,-1.148222789,-0.884549846,0.117605242,-0.912796843,-0.246156326,-0.264095763,-1.222136775,0.979378201,-1.347843175,0.577455706,-0.332958417,0.560072826,0.454889991,0.377956869,-1.685239626,0.269874454,-0.016841017,0.847754899,-0.689155159,0.345502767,0.655756791,0.314737745,-2.298593072,-1.320506621,1.214319096,0.290054257,-0.193584749,0.40279488,-0.441299561,-0.293431904,-0.59384498,-0.055935632,0.418841905,-0.282628198,0.465242312,-0.590049223,1.161430581,-0.107251191,-0.730849048,-0.802069588,0.70621147,-0.872034641,0.343376916,-0.780449509,0.742746541,0.804822715,-0.71355399,-2.02722867,-1.446893983,0.831778049,-1.546932707,-0.845599304,-1.219424909,-0.491022997,0.044877759,-2.706052198,0.337186267,1.314771506,0.934562777,0.713096856,-0.78987837,-0.506169812,-0.194799078,0.873591977,1.62489779,-1.499687049,-0.335612606,0.818325029,0.675543135,-0.619896719,-0.451142622,-0.219027036,-0.518018094,-1.121471583,-0.809456303,-1.290984181,1.442154711,-1.267978134,-0.590771114,-0.03759803,0.96351777,-0.5730557,-0.120586963,-2.226550407,-0.663588378,0.511025604,-0.839792761,-0.555474375,-1.342468882,-0.957894282,-1.926205566,-0.020917248,-1.321630848,-0.665142984,-0.020100672,-1.445195469,-2.084253099,-0.875148789,-1.15169666,-0.388607991,-1.21976349,1.378816471,-0.452085129,-0.520371037,-1.227241431,0.694246576,-0.031181118,-1.685239626,-0.404965233,-1.982677873,-0.200159715,-0.079043207,-0.930389656,-0.289016296,-0.476102188,0.153321765,-0.958937307,-0.622316,-0.572169254,-0.490369615,-0.489064132,0.473123757,-0.829196025,-0.807212137,-1.055552799,-1.018877321,-0.674718045,-1.823250136,-1.14538948,-1.608438412,-1.312672221,-0.16511052,-1.087375657,-0.243728985,0.315175637,-0.638658995,0.258356243,-1.417578651,-1.883874758,-1.739546598,-0.106361016,-2.291645153,0.695993127,1.286915917,-0.918292735,-1.374761125,-0.551126921,-0.547489608,-1.487662856,-0.62008261,-1.071191693,-0.911800827,-1.38230234,-1.020263322,-0.231932057,-1.132582808,-2.064355904,-1.221458119,0.281487928,0.953894754,0.3249056,0.523781335,-0.552863635,0.089475006,-0.255279421,-1.570217199,-0.730849048,0.805135683,-1.016387348,-0.392302122,-0.405115169,-0.718875329,-0.562645373,-0.723400224,-0.842111334,-0.972332123,0.122925347,1.092392989,-1.974001029,0.074736346,-0.972596568,-0.781104459,-0.227904868,-2.698595042,-2.332013904,-0.005414633,-1.481044698,-0.960242619,-1.092729626,0.706162118,0.484584313,0.671770315,-0.867024491,-2.020418201,-0.618596449,0.526029458,-0.592397278,-0.325176277,-1.491210531,-0.858965665,-0.540082805,-0.339115728,-1.523260216,-0.074292605,-1.114436839,-0.272596435,-1.777856564,-0.659519,-0.854020406,0.464048432,-0.025317808,0.478405733,-1.954749098,-2.061208773,-0.547316732,0.993251773,0.698433185,0.833474181,-1.960414835,-0.811705517,-0.660486398,0.428074251,-0.390675023,-1.577939245,-0.415666971,-0.099709844,-2.265289308,-2.081844426,-2.413516654,-1.521427035,-1.998045904,0.213497174,-1.389499492,-0.337713006,-0.670603216,1.32271538,-1.191385689,-0.439435628,-0.8495671,0.01439588,0.357534574,-1.673443242,-0.550953415,-0.83609419,-0.068064731,-0.694948803,-0.403317416,-1.261248872,-0.838635487,-0.036560255,0.442311209,-0.534776845,-0.248076818,-0.999944117,-0.841879234,-2.474560358,0.063444173,-1.708705914,-0.267356706,-0.643024571,-0.351118978,-0.956071602,0.067565186,1.056678565,0.29408652,-2.156754645,-2.156754645,-0.156419919,-0.39705061,0.710888862,-1.940723622,0.201633868,0.14721238,-0.184884839,0.220660471,-1.147277461,-0.374693449,-0.891110433,0.058740495,-0.973919845,-0.329337748,-0.693147181,-0.790980541,-0.30788478,-0.479004011,-0.66650525,-1.873403458,-1.481484548,-0.641693899,-1.89578754,-1.929643177,-1.406088988,-0.8703618,-1.245489485,0.745549859,-1.058430499,0.185815446,-1.757358043,-0.470483745,-0.03978087,-2.704556312,1.323008389,0.310348243,0.869031395,-0.166645077,0.83090712,-0.164520932,-3.849048206,-0.983232138,0.066630082,0.410585311,-1.349384007,-1.271894821,0.530039843,0.224422733,-0.426331301,0.296765691,-1.044124103,-0.593301846,0.549334545,-0.68121861,-1.063052113,-1.296088093,-1.596521687,-2.318714475,-0.346866066,-1.013627965,-0.576609364,-1.425035189,-0.286083351,-2.255701507,0.963708526,0.574082073,0.19433247,0.759309383,-1.64454709,-2.709050701,-0.325314714,-0.619525041,-0.575008653,-0.354962126,1.168169445,-0.777181176,0.258433472,-0.337152468,-0.788997506,-0.26097523,-0.298001805,-0.421442063,0.331028877,0.321068492,-0.538196821,-2.204551353,0.558872655,0.412175874,-1.5154923,-0.795622972,-0.2125746,-0.777181176,-0.565105831,-1.222476276,0.292371062,0.103819329,1.096476677,0.707740183,-1.796370082,0.690694174,-1.861109547,-0.586088108,0.514857485,-1.631172405,0.256268802,-0.463465052,-1.253863574,0.683652246,0.419104994,0.247641023,-0.245644817,-0.850502991,-1.440961763,-0.601479992,-0.737726224,-1.301953213,-1.291347884,-0.315395911,-0.613966383,-0.221145549,0.547890168,-1.152013065,0.732512114,-0.622129693,-0.744229971,-0.51617323,-1.504177402,0.655601065,-0.736890104,0.040469933,-0.940839605,-1.598003535,0.260208096,-1.835084594,-0.884792065,-1.33408149,-1.079692404,0.793354441,-0.354676941,-0.206409352,-0.491676805,-1.917322692,-0.161695739,-0.562469857,-0.14792013,-1.605944023,0.432885704,-2.323808729,-1.111393623,0.232618522,-1.085005285,1.516883931,0.468565095,-1.751001477,-0.700574696,0.384037161,0.573405979,-0.463465052,-1.928954708,0.654042461,-0.044892769,0.670185569,-0.436336772,-1.741827101,-1.317141502,-0.730849048,0.543544476,-0.908074577,-0.214555534,0.13374387,-0.199182914,-0.583037958,0.51234447,1.623360541,0.438448461,-0.250129416,-0.229538958,0.858068223,-0.380967637,0.622832007,0.067752102,-0.103584316,-1.559695821,0.103729186,0.224422733,0.187309098,-0.838404193,0.181988168,0.379942151,-1.221458119,-0.998043234,-0.044788183,0.155977582,0.267810943,-0.03978087,-0.032523192,-1.201642189,-0.483048343,-0.904115156,0.177057727,-0.071388596,0.169995907,-1.682546384,0.21985816,-1.148538097,-0.243473818,-0.191887162,-0.939303506,1.23503533,1.679392988,0.610145934,-1.564464547,-0.192250688,0.309027627,0.308660479,-0.863698282,0.076405331,0.22210301,-2.521985658,0.621812283,-1.029179514,0.059494572,1.005692583,0.135055231,-2.292634762,-0.346159002,-2.689719244,-1.284821392,-1.64713978,-0.777833989,-2.149864006,-1.548813291,0.444878111,-0.076881044,0.186147562,0.26174869,0.471315269,-0.084033996,-0.987786734,-0.343053848,-0.707448965,-0.987249821,-0.255408512,-1.341320996,0.054109326,0.481376216,-0.730641385,-1.354408172,-0.678652734,-0.353252237,0.225620481,0.303506208,-0.123524486,0.419565233,0.29884454,0.197045952,0.035656677,-0.825536369,0.978589246,-2.549765222,1.034571422,-1.292075686,-0.892818376,0.159905518,-0.134446097,1.022810575,0.594817447,0.788002712,0.977912503,-0.500050551,-1.206977313,0.689038753,0.88834383,0.751557588,-0.386250889,-0.544554777,-0.544210068,-0.763355076,-2.556187852,-1.249667764,0.132781111,-1.979053368,-1.291711719,-0.473529839,-1.731040734,-2.105374924,-0.250257844,0.303284716,-1.7837913,-2.606396547,-1.613948068,-0.948555693,-1.522801606,0.469440971,-0.388755495,-1.901128006,-1.430037284,1.732964423,1.005180344,1.542186381,-0.576609364,-0.203708639,-0.192735595,0.609819918,0.349458971,-0.308020843,0.137847067,1.099445275,-2.049494465,-2.31364604,-0.571814895,-0.768301854,0.208151734,0.684762124,-1.142564176,0.725856355,-0.212822002,-1.03563749,-1.47185225,-0.95581149,-0.688955976,0.793625799,-0.675307262,-0.941352163,-0.092115289,0.380899154,-0.074184898,0.676306163,-0.969691509,-0.703399557,-1.842000686,-1.396344697,1.149337088,-0.50385001,-0.162048452,0.086361166,-0.043011891,0.923901695,-1.838851077,1.450723501,1.590397794,-0.828050943,-0.980829253,-0.154900961,-0.824851672,0.183654002,1.559259786,-0.365427421,0.524610179,0.351571946,-0.422509543,0.620200073,0.167546271,0.250291683,0.034014879,0.942737902,-1.84010973,1.580585661,0.480696259,-1.202973304,-2.574393816,-0.613227557,-1.836966062,-0.744019511,-0.363699559,-0.16028613,-1.231686643,-0.248076818,-1.170860453,0.743459994,0.019998687,-1.239599982,-0.671385689,0.943283137,0.218573123,0.76885744,-0.221020806,0.071389996,1.08390466,0.287131921,0.023032699,0.000899595,-0.276676193,-0.543004522,0.461530332,-0.146529793,0.465556254,0.032757564,-0.441766088,-0.081643989,0.400318554,0.709807622,-0.162754251,-0.398688124,-1.302320927,-1.159955919,-0.298271274,-0.845599304,-0.294236841,-0.153384307,-0.729396313,-0.165936528,-1.440117168,0.084800602,-0.630172381,-0.213440776,-1.10021357,0.508442787,1.045879362,-1.766091723,-0.087520598,0.367901688,0.017446914,-1.512311202,-0.520539316,0.807769671,-1.566378423,-2.060423536,-0.901402119,-1.264076728,-0.925331477,-0.888189302,-1.212341054,-0.063365876,0.094673614,-0.999400639,-1.712024501,-1.66020503,-1.096015663,0.331459695,0.4069307,0.462979014,-1.297185186,-1.74869998,-2.188363949,-0.361256853,-1.182211313,-0.064111946,-0.683989243,-0.241816817,-0.06240746,0.748865669,-2.116935746,0.387708387,-1.257373581,-0.588787165,-1.128556165,-1.204973305,-1.782007178,-1.031982206,-1.359457707,0.074829141,-0.069993372,-2.379466137,-0.367158274,0.82307835,-2.394700382,0.331028877,-2.062781101,-1.528780009,-1.649739209,-2.255701507,-2.044846897,-0.361113351,-0.562645373,-2.73183073,-1.05641524,-2.63108916,-2.598299337,-1.6321949,-1.538513574,-1.400799047,-1.703199292,-0.389050567,-1.47185225,0.96298346,-0.630360193,0.554574531,-0.585010522,-0.422967383,-0.573233084,-1.690647968,-2.475748712,-0.350550877,0.718863659,-1.10714862,-1.926892143,0.222263164,-1.787369121,0.760244924,1.442154711,-0.283955691,1.425418916,-0.469203949,-0.546625528,-1.143191332,1.418688945,-0.537854296,-0.956331781,1.391853878,-2.216407397,0.985032905,-1.25456459,-0.998314567,-0.858257701,0.158541028,1.567198247,-0.718054816,0.61642811,0.394404161,-2.00619108,0.341530849,-0.874908894,-2.777400279,-0.294773826,-0.386839644,0.154179251,-1.757937921,-0.066353501,0.660003962,-0.627172192,-0.536314387,-1.795767491,-0.702591639,-1.456716825,-0.686370196,-0.33086797,-0.267095439,-2.632479014,0.077701508,-0.532389802,-1.495216768,-0.237369259,-1.418817553,-1.098712294,-1.16219127,-0.40706639,1.024893984,0.703592438,0.924377942,-1.056702886,-2.142168372,-1.976884953,-0.453500557,-0.259548233,1.046019905,-1.861109547,-0.16251893,-0.610830138,-2.305589602,-1.852146619,1.576025896,-0.521886571,-1.277619345,-0.108476476,-1.304161532,-0.569161201,-2.363397232,-1.065661189,-0.183682482,-1.680397001,-0.085122253,0.101743984,-1.272965676,0.301215087,0.13775994,-1.525096764,-1.878625402,0.858068223,0.819295133,0.183737221,-1.424203934,-0.532219517,-2.341325921,-0.454602833,-0.767009029,0.387097451,0.215836923,-2.502256288,-0.449416996,1.118610975,-0.793851885,-1.136937403,0.125927557,-0.086211697,-1.346304713,-1.84010973,0.378436436,0.87966824,-1.154230712,0.199342541,-0.304218041,0.254719735,-0.077745349,-0.579997083,-0.600021203,1.00999963,0.447054808,-0.740029167,-0.173163619,-1.025547718,-0.320894207,-0.498238508,-1.008680181,0.417657149,-0.885034342,-0.096951526,-2.292634762,0.856583189,0.481376216,-0.509160344,0.061941402,-0.195406796,0.664078758,-0.093541744,-0.880923588,-0.10280822,0.172944395,-1.727658544,1.533204606,-0.054984308,-1.157089218,1.801297174,-0.928616382,-0.115298624,0.220660471,0.395818731,-2.015903521,-1.284098849,-0.174829691,-0.729396313,-1.906497147,0.98786693,0.269798103,-0.895263365,-0.300024596,-1.90851803,-0.639985632,-0.3074767,-0.822800389,-2.473373414,-2.667868412,-0.920549789,-2.357041279,-0.798729943,0.119914097,-0.577321615,-1.292439786,-1.065661189,-3.032396258,-0.621198681,-1.256670593,-0.703399557,-0.853081219,-0.194070304,-1.24897017,-2.093134869,0.906361601,-1.071483621,-0.908322562,-1.509140191,-1.126086266,1.246744896,-0.556346139,0.01597177,0.983538081,0.257660913,-0.428017513,-1.526936691,0.936093359,-0.008233805,-0.46808547,0.199670195,-1.356347285,0.419959554,-0.585369588,-2.413516654,0.456284957,-0.915541013,-0.459657337,-1.033105487,0.352064331,-0.450985623,-1.438430116,0.870791148,0.599770131,-0.378336441,0.506395827,0.279523885,-1.407313728,0.706951462,-0.800955133,0.174457382,0.134880482,-0.911800827,-0.996958635,-0.886974678,-1.671845373,0.221702514,-0.779358877,-1.477094725,-1.533866726,1.105091255,-0.928869514,-1.016663706,-0.252443637,-0.513495852,-0.437265421,-1.389900857,-2.649309706,-1.851509474,0.599825023,-0.643976137,-1.162830861,-0.090800364,-0.385221402,-2.373007557,-0.070529766,-0.632428446,-0.736681183,-1.356347285,-2.30058709,0.23948923,-0.607703699,-0.518185978,-0.349983099,-0.185245828,-0.275753502,-1.470545914,-0.355104749,-1.06363132,-0.562820919,0.347694742,-0.93828075,-0.043116291,-0.368024825,-1.212004976,-0.312521363,-1.677181565,-2.058854908,-0.631299777,-0.893306896,-0.40977438,-1.136314156,-0.258382203,0.482302685,-1.443076375,-0.95581149,-1.26513924,-1.619488248,-0.392598242,-0.909315118,-1.047539019,-0.483859176,0.942153391,-1.391105918,-1.835711357,-0.895018597,-1.350541191,-0.949589017,-1.762006511,-1.479726306,-0.42556578,-0.937259038,-2.273026291,-0.699769057,-1.418404415,-0.932420114,-0.644547511,-1.558744798,-1.048394573,-1.864975532,-1.392714929,-1.623029866,-2.235861461,-0.093871216,-0.424953785,-0.601115095,-0.079692769,0.060342229,-0.136278018,-1.701553201,-1.232715273,-1.060738636,-0.340801595,-0.982964865,0.176638774,-1.64506509,-0.36686959,-0.677273831,-0.314573768,0.137149838,-2.461580825,-1.116878098,-1.332564039,-1.677716753,-1.84010973,-1.623536837,-0.035005609,-1.798180037,-0.051609134,-2.173312757,0.400720537,-2.763034509,-2.34028696,-1.5945493,-1.247228313,-1.375948069,-1.662838689,-1.002393431,0.421732081,-1.319383656,0.016168581,0.041333864,0.060153923,-2.121097217,0.269339878,-0.551994901,-0.983766897,-1.075286463,-1.574070769,-2.044074398,-1.545055654,-0.661067287,-0.274568433,-0.789437841,-0.946492241,0.163478469,-0.832639159,-0.454917992,-2.3816283,-1.533403226,-0.598564538,-1.079986825,-0.910805802,-1.602958946,-0.657780037,-1.885850393,0.13251838,-0.186450067,-1.648698626,-0.099488899,-0.368313843,-1.435064526,-2.663554961,0.134793096,-1.266912604,-2.061994628,-0.191887162,-1.754463685,-0.373094728,-1.432966769,-0.302051486,-2.014403146,-1.722046857,-0.708463885,-2.267217949,-0.577143505,-1.599487582,-2.039451894,-2.345492594,-0.223018559,-0.610277703,-1.354795694,0.425006263,-0.441766088,-1.553057579,-0.326977455,-1.097812609,0.370804648,-0.674129175,-2.273026291,0.017446914,-0.91904452,-0.969164222,0.395616772,-1.237529588,-2.309609708,-1.389499492,-1.885850393,-0.551474022,0.0835136,0.674321076,-0.332121714,-1.888490658,-0.024087796,-0.066887946,-1.848964943,-1.416341283,-0.917041013,0.30498157,-0.01501212,-1.437587656,-0.229664768,-1.435064526,-0.707854809,0.693347161,-0.776094101,0.256346192,-0.914043259,-0.123637641,-0.205303633,-2.197324582,-0.404965233,-0.589327852,-0.937514368,-1.277978218,-1.09631493,-1.183190265,-1.139121832,-0.952436179,-0.274436846,-1.737271284,-0.145488307,-1.205640861,-1.076752954,0.294384561,-0.410678675,-0.821890057,-0.811930717,-0.03978087,-0.280243143,0.170586301,-1.204973305,1.391779291,-1.110178925,-0.529838563,-2.040220829,-2.052604888,-1.101115419,0.600977066,-0.187052731,-0.639606414,-1.296819355,-1.297917251,-0.034798506,0.354171814,-1.137873003,1.195345698,0.473310655,0.168898537,-0.102365007,-1.186132886,0.164921042,-1.072359918,0.136888252,0.425594479,-1.131962268,-0.671777155,-1.738977284,-0.268533254,-1.27833722,-1.481044698,-1.089454351,-0.107251191,0.334684926,0.916930527,-1.290257173,-1.497896538,1.054660401,-1.946310229,-1.276901984,-0.255537619,-1.862396549,-0.069457265,0.910433612,0.471315269,-1.911218909,-1.845160246,-1.725971729,-1.749850066,-1.053256587,-0.491513313,-0.738353773,0.3587927,-0.309518767,-1.512311202,-0.322273517,-1.444347293,-1.070608092,0.042676274,-0.068814316,-2.18213894,0.126985012,-2.288682188,0.722803066,-0.679836167,-1.810942289,0.937895656,-1.220102186,-0.650470906,-1.720369473,-1.316768299,-0.954252238,-2.146436411,-1.598497972,-2.828524355,-0.365715689,-1.330292171,-0.416576613,-2.617295838,-0.097392346,0.14660802,-2.082646673,-0.228910146,-0.19309943,-1.391507928,-1.764922815,-0.090690865,-1.448595387,-0.343194782,-0.943405024,0.571883093,-1.528318861,0.210017784,-2.315670333,0.121952111,0.30032679,-1.570217199,-1.258077063,-1.651823629,-1.29974976,-1.288079314,-0.951141009,-0.379066634,-0.262534279,-1.11108981,-0.353394616,0.279372645,-1.316768299,-1.644029357,-0.942891414,-0.972861083,-2.233992302,"NB"
"53",0.204001506,-2.043302495,0.245687516,0.114488727,-2.139616265,0.552504851,1.408960532,0.136539364,1.255815448,0.275584187,1.427916036,-0.044892769,1.462583881,0.384581897,-0.479165471,-0.222268934,0.850578189,1.192102632,-0.010555514,-0.332121714,-0.039156715,1.292752617,-1.153913605,1.317319347,1.404036043,1.276088794,-1.339792528,0.002895803,-2.192834229,0.700668822,-1.318261951,0.003493889,-3.249335032,0.520459073,1.164836888,0.976180966,-0.009848336,-1.0761661,-0.14745647,-0.889648801,-0.897714346,1.443288873,-0.232058169,-1.149800325,0.610471844,1.162744477,1.389539091,0.54598039,1.264380932,-2.248096908,1.280016758,-0.968900682,0.461908452,-1.608438412,1.026507437,-0.225772003,1.309521302,0.367832467,0.931691529,1.439858824,1.255359594,0.391501401,0.180987334,-0.577499757,0.748439966,-1.37081479,-1.720928289,0.010247317,-0.534947566,-1.716466485,-0.002904213,-0.696954419,-2.226550407,0.004390348,-2.53451715,0.762533308,0.527328696,-0.663006024,-2.022683208,-0.975244875,-0.892818376,-1.553530281,0.48722941,0.629728033,-1.510045169,-1.722606611,-1.105636904,0.694695981,-1.062473242,-1.196004635,-0.707043286,0.595920165,-2.120263536,0.688184889,-1.247228313,0.516290663,-0.952695414,-2.707550326,-0.089815304,-1.256670593,0.31481074,-0.538025544,-0.713349888,-0.237115709,-0.653541926,-0.483048343,-2.000260744,-2.620039324,-1.254915283,-1.467504417,-1.264784944,-0.42098492,-1.170215708,-0.119684843,-1.993630885,-1.401204974,-2.452245868,1.028154058,-2.695627681,-0.122506675,-1.217395825,-0.926341068,-1.422128814,0.534092831,-1.150116132,-0.554603371,-1.415929166,0.048123275,-0.680428408,0.804017489,-0.286749174,-2.513306124,1.06546907,-0.107585211,-0.515168373,-0.2424538,-0.153617489,-0.484021421,-1.28699216,-0.214679473,1.027975209,-0.778487228,-0.752897185,0.054961558,-2.394700382,-0.530858278,-2.376231633,1.037445853,0.730731941,-0.815766894,0.39534743,0.457298257,0.355924663,1.187141957,-0.303675962,-0.850971266,-2.205458382,-0.770676383,0.695743806,-1.988504547,0.098668172,0.540403843,-0.75162411,-0.099709844,-1.169893491,-1.300850879,-1.899790213,-0.372368881,-0.692547361,-0.074292605,0.447821924,-0.977102871,-0.473529839,-2.400197922,-0.384927457,1.274160961,-2.082646673,0.11395349,-0.219898821,0.723627888,0.328152005,-1.239945465,-0.259159406,-2.111964733,-1.755041886,-0.726910811,0.488764047,-1.616966179,-0.239018901,-1.593564563,-1.552585101,-0.301916233,-0.96942783,-1.285906187,-0.690351093,-0.483372597,-1.985586966,-1.442653095,-0.877310432,-1.156135475,0.112077903,1.274188927,-1.513219055,-0.936748574,0.797597282,-0.209610537,0.649143045,-0.630548039,-0.966531948,-0.329059777,-0.314847741,-0.374402583,-2.052604888,0.91984441,0.430937904,-1.025547718,-2.482908647,0.330597873,-2.479322272,-2.235861461,-0.405865188,-0.640175296,-1.270825111,-0.58590843,-0.337292573,-0.337572842,-1.108056748,-0.368892128,-1.25772526,-1.796370082,-1.850236399,-0.505009238,-1.661784393,-1.965398826,-0.384780517,0.534913175,-0.830801346,-1.757358043,0.276115436,-1.370027389,0.918887358,-1.13227249,-1.294992203,-0.994252273,0.711478137,-1.041570548,-0.173996308,-0.288615842,-0.791201121,-0.385221402,-0.39630717,1.234918993,-0.228407381,1.223098732,0.226816797,-0.407968238,-0.361113351,-1.707602161,-1.360626614,0.833865188,0.734768855,-0.399284249,-0.23079777,-1.22758267,-0.078826781,-0.310882466,-1.491210531,-0.535459905,-1.658103084,-0.071710848,-1.626075554,-0.123524486,0.193920693,0.256887757,-0.94160854,-0.083925235,-0.621570982,0.276570568,-0.18224156,-0.716006475,0.093034866,-0.425718837,-0.365283319,-2.165435255,0.534268676,1.007154678,0.713684832,-1.543182117,-0.719080563,-0.488412029,0.02586266,0.857092592,-0.034798506,1.434346158,0.190207051,0.248733322,0.559158541,0.570810041,-0.384780517,-1.529702944,0.721928982,1.357200201,-1.417991448,0.413697793,-0.757365753,-0.611567194,-1.708153885,0.446095084,-0.494952275,-0.825764705,-2.657832485,-0.282495546,-0.758646163,0.12009148,-1.272965676,0.46743784,0.565484249,0.106070264,-1.184497028,0.213254819,0.439673279,-0.88673193,-1.287716798,-1.063052113,-1.850872734,-0.927604492,-0.641124153,-2.380546635,0.722997203,0.704680416,1.007884925,-0.530688253,-0.449887326,1.017402233,-2.539574051,0.088834714,-0.401224114,-3.038639775,-2.066722769,-1.534794369,0.368455283,0.382469388,1.074729348,-0.40917197,1.208363153,0.272619195,1.305382526,-0.824395467,0.007174204,-1.364141557,-0.373239961,-1.027781108,1.030333448,-1.006215439,1.270434475,-0.21741002,-2.596956154,-1.347843175,-1.764338874,1.263391994,0.742365824,-0.691548459,-1.184497028,0.451839659,-1.922779732,-0.927098931,-1.422543494,-3.072613318,-0.200526261,-0.386692423,-0.288615842,0.2268965,-0.133188594,0.088377111,-1.742969305,-0.13868752,-1.696085719,-1.04611472,-0.022859294,0.397567336,-1.042704657,-1.729348209,-0.603306477,-0.584292776,-1.953337665,-1.072359918,-1.260543156,-1.776673832,-0.144332371,-0.318416232,0.304391686,0.722123289,-0.265007755,-0.505009238,-1.47490702,0.005982072,0.055150845,-1.65652952,-1.126703169,0.569679267,-0.283424482,0.03758476,-1.080281332,-2.456902453,0.089566443,0.155292884,-0.769380487,-0.280905088,-0.249102591,-1.477094725,-1.417991448,-1.250365844,-1.477532842,-0.616556578,-1.009228728,-1.072067733,0.360676925,-1.387094681,0.138891999,0.179985497,-0.14745647,1.209497515,0.942854763,0.330454164,-0.083272919,-0.491676805,-0.978964326,-2.140466244,-1.730476241,-0.472887784,-0.598018836,-0.86298696,-3.496607567,-0.83378951,-1.558269626,-0.748237147,0.538888162,0.782850764,0.053919842,-0.690151672,-0.165818485,-0.184163252,-1.578908707,-0.010353412,-0.048140375,-0.012173801,0.039605255,1.079667294,-0.781104459,-0.07278577,0.001998003,-1.090941782,-0.304896053,-0.802292628,1.160428357,-0.230671818,-0.442699795,0.733569095,-0.504346658,0.1670387,-0.203340924,1.220475876,-2.259525604,-0.193584749,-1.387895643,-1.347073648,-0.662230078,0.621704883,0.957163925,1.154519921,0.423566944,0.585728994,0.478839478,-0.174948803,0.586786165,0.427617913,-1.885191414,0.050027494,0.253866724,0.023814178,0.598781555,-0.083925235,-1.192373669,-0.674129175,-1.290984181,-1.534794369,-0.539911205,-0.247052096,-0.40107476,-1.36963392,0.321866084,-0.064645194,0.108046904,-0.667674385,-0.35140315,-0.017553159,-0.01065658,-0.308156926,-0.23041996,-0.194920592,-0.283955691,-1.461449035,-1.630150954,-2.486507931,-1.432966769,-2.452245868,0.184402723,-2.453407983,1.076059884,0.115736499,-1.020263322,-1.326517157,0.62882197,-0.85943792,-0.342912934,-0.80609194,-0.513662979,1.254846511,0.059117605,0.721248611,-1.77136878,-2.337176538,1.283929354,0.394673757,-2.590267165,-0.464419251,-0.846531488,0.761319716,-0.56124211,0.527033563,-1.666008264,-0.776963667,-3.013896244,-0.565105831,-1.003483944,-0.250514748,-0.595476153,1.086067261,0.596250743,1.209437844,1.376269278,-1.045545568,-2.475748712,0.225620481,-1.033948775,0.023423515,0.21993842,-1.238909374,0.163223681,-2.308603165,1.346071146,-0.390822831,-2.035616062,-1.805452796,-0.763998922,-1.394326533,-1.651823629,-0.141448364,-0.631863952,0.507720809,0.051738195,0.196224462,0.170586301,-0.372514008,-2.291645153,-1.704848097,0.550373207,-0.760783829,-0.468884256,0.185150884,0.437738669,0.949145069,0.209531324,0.870665554,-0.278259934,0.258279008,-0.893306896,0.073807927,-1.631172405,-0.570044983,-0.097502581,-1.418817553,-0.57234648,0.969603985,-1.011700917,0.605080702,-1.814005078,0.698184472,-0.699165253,-2.328929068,-0.474654428,-0.118783536,1.043698413,0.219697621,-0.059113265,-0.500050551,0.678845396,-1.098712294,0.051928093,-0.406165353,-0.550779939,-0.151986357,-1.97256218,-0.505506462,-0.657587005,0.859762708,-1.227241431,-2.057288737,-0.449103565,-0.58788667,0.118937924,-1.666537505,-1.214359897,-0.180084062,-0.416424948,-1.940027486,0.782667907,-1.553530281,0.547716702,-0.621757185,-2.289668868,-0.275490032,-0.926088574,-1.999521919,-0.564402225,-1.801203928,-0.958937307,-0.419766893,-0.501700716,-1.033948775,-0.025010163,-2.046393688,0.099302201,0.990730078,-2.577021939,-1.337123317,-1.055265484,0.621328893,0.062693069,0.261132737,-1.326894018,-0.729603718,0.453111762,0.942192369,0.328800023,-0.645500527,0.849381403,-0.880682304,0.634564223,-0.384486702,0.523248144,-1.130722343,-0.392746336,-0.991553216,-1.073529508,-2.273997636,-0.094420576,-0.059113265,-0.105582763,-1.786175091,-0.310064023,0.065600457,-1.734434403,-0.472887784,-0.455548608,-0.917541514,0.460205787,-0.848398466,0.899917418,-0.532560116,-0.099709844,0.105620482,-0.21109147,-0.333237474,-0.607887337,-1.138497222,-0.638658995,-0.846531488,-0.345593711,-0.863461118,-1.031140574,-2.191938573,-1.825729989,-0.376149054,-0.381260419,-0.825079852,-2.465104023,0.286005668,0.9449948,-1.286630038,-0.486295626,-0.33086797,-1.105334834,-2.237734121,-0.347149031,-0.515168373,-1.46793835,-1.210661793,-0.307068786,-1.043840053,0.058646195,0.107867371,-1.106241316,-0.596928323,-1.080575926,-0.148268017,-1.196666229,0.044399587,0.954356933,-0.343476711,-0.172212823,0.183820433,-1.310074335,-2.302585093,-0.767224384,-0.749717532,-0.661454734,0.022641731,-0.614890683,1.210898764,0.161693589,0.294011996,-2.082646673,0.24912314,0.488089097,-2.586275144,1.081771272,-0.726910811,-0.438660013,-1.997308712,-0.733760863,-0.908818717,-1.275468806,-0.567572358,1.188544396,0.269950798,-0.850971266,-0.847931394,-0.125336491,-1.131342113,-0.80833359,1.103201741,-1.179280192,-0.790539527,0.120446153,-0.554951682,-0.45082865,0.422649933,-0.811255269,-0.173520401,-0.068064731,0.590671389,-0.439590823,-0.217658621,-1.589145209,0.352486183,-1.117489344,-0.557742544,-0.802738857,0.223943232,0.106429944,-0.40977438,-1.913249367,-1.348613294,-1.431291727,-1.112001526,-1.784982485,-0.77414034,-1.326894018,0.226497919,-0.260066905,0.148161351,-0.475941222,0.199260611,0.499137584,0.287131921,-0.714166548,-0.635255702,-1.74239804,-1.135691297,0.439157749,-0.868930161,-2.556187852,-1.029739424,-1.304530059,-1.354795694,0.045642358,-0.756513056,-0.53204926,-0.27733578,-0.749505914,-0.981095955,0.109930059,0.311447426,-0.162048452,-0.841647189,0.01350835,-0.01399751,-0.570398715,-0.825764705,1.061464093,0.56104334,-0.451142622,-0.215299397,-0.930389656,-0.157941188,-0.001601281,-1.456287733,-0.706435075,-0.021836695,0.639113292,-1.085893516,-0.618596449,-0.967320903,-0.815540829,0.15237768,-0.581248088,-0.013693327,-3.79869432,0.070551656,0.104630249,0.243416656,0.03979747,-2.645075402,0.181988168,-1.468806783,-1.796973036,-0.967320903,-1.024154378,0.328512067,-1.213349966,0.194826378,-1.01252634,-0.99479296,-0.259288998,-1.355959161,0.493109618,0.45938495,-0.016434307,-0.243218716,-0.171737763,-1.280853849,0.359700363,0.504948387,-1.52924137,-2.409057338,-1.638351923,-2.264326381,-1.575519694,-0.665726585,0.079457921,-0.554603371,-1.351313392,0.457424847,0.566449528,-0.68458395,0.423174042,1.00755638,0.179567769,-0.394821948,-1.004302609,-0.461242124,-0.413547684,0.146348896,-0.399284249,0.527800728,-0.910805802,-1.417991448,0.493109618,-0.061875404,-0.778051688,0.680112598,0.690042366,0.696042984,0.355994713,-0.675307262,0.481623358,-1.626075554,-0.199182914,-1.59405681,0.386961637,-1.044692447,0.943789161,-0.619339253,-0.582679728,1.29491893,-0.949330586,-1.327271021,-0.144447904,-0.391858105,-1.232715273,0.669469053,-0.921303274,-0.349132035,0.066442957,0.228887026,-0.380821277,-0.303540488,0.640431823,0.073343394,0.976105614,-0.004309272,0.263671103,-1.313415716,-0.233446444,0.227613546,0.248343352,-0.241434821,-2.048718369,-0.211462047,0.606662937,0.985518243,-0.752897185,-1.281213885,-0.005816885,-0.073323664,-2.338212271,-0.44347855,-3.189317023,-1.555423324,-2.040990355,0.138543809,-0.404665428,-0.511992972,0.144792745,-0.939559359,0.290129076,-2.620039324,-0.592035679,-0.629233855,-0.704208128,-1.156135475,0.57964248,-0.582500661,0.066910705,-0.215423428,1.068634065,-0.981629573,-0.661842331,-0.944175935,-0.104472022,-2.203645145,0.675543135,-0.687363936,0.433080275,-0.728359936,-1.176357637,0.399111634,0.862425712,-0.675110818,0.65554915,-0.986176859,-0.544382407,-0.665142984,-0.479165471,0.500108399,0.429442018,-0.580354353,0.366100385,-1.00103196,0.361234533,-0.196866828,0.662584875,0.03130485,-1.941420244,0.855946071,-0.065605757,0.036428357,0.625350023,0.046215424,0.746213902,-0.164285194,-0.684980618,-0.568631306,1.099911444,0.560472564,-0.104361015,0.581600906,-0.325314714,-0.493149439,-1.071483621,0.098215048,1.271304297,-1.107753947,-0.962858368,-0.290619716,-0.072463172,-1.099312534,0.234597701,-1.250016743,0.611665939,0.84689778,-0.470643834,0.516708287,-0.078610401,1.249041768,0.438448461,0.494879152,-0.136736524,-0.168063685,-1.498343865,0.100749903,-1.099612789,-1.000759889,-1.494770838,-0.234078116,0.163563384,-0.083490311,-0.220148042,0.734433068,-0.499556032,-0.816897988,0.289155986,-0.602758181,0.241533416,-0.834710745,0.746213902,-0.208008664,-0.218280396,0.658814502,0.832300242,-2.432693778,1.01577401,0.725323912,0.743174674,0.939108417,0.240904881,0.282694656,1.119166268,-2.688247574,-0.75395932,0.82478929,0.470191112,-0.575008653,-0.017553159,-1.319757837,0.144446604,-0.563523413,-0.345311185,0.39399963,0.121332285,0.70448269,-0.779794987,1.309656268,-0.243346259,-0.457758903,-1.107451237,0.859805033,-0.347998409,-0.07278577,-1.506430162,0.40919149,0.654354376,-0.547489608,-2.521985658,-1.664422221,1.036382212,-1.464472142,-0.923063616,-0.235342659,-0.04103035,0.256346192,-0.656236827,0.082593298,1.323860291,0.780516827,-0.160520927,-0.855901432,-1.760842367,-0.125676608,0.448843831,1.067293605,-0.926341068,-0.059962341,0.299956433,0.160161152,0.196717437,0.324182744,1.156944088,-0.377023435,-1.127320453,-0.607152987,-1.458005209,0.739076112,-0.787018396,-0.491840324,-1.010876174,0.941880503,-1.084709384,-0.342631164,-1.731605546,-2.168928708,-2.429282746,-0.983232138,-1.154547921,-1.250016743,-0.862039317,-0.661260992,-0.642834367,-0.781759839,-0.60495317,-0.412338677,-0.689752948,-1.589635285,-0.633935321,-1.588655373,-0.422967383,-1.210326278,1.047248816,-0.675307262,-0.732928051,-0.906340401,0.409855456,0.375212065,-1.25842899,-0.383752541,-1.907843948,-0.837941766,0.407662692,-2.61319467,-0.603123678,-0.488575015,0.146521653,-1.451152934,0.044303926,-0.614336,-0.443322751,-0.523742016,0.129711607,-0.354534379,-0.23041996,-0.901402119,-0.937003774,-0.729188952,-2.016654554,-0.922308804,-1.466637114,-0.674914412,-0.245261357,-1.194022474,-0.159464775,0.322373312,-0.84629836,-0.476907406,-0.70623242,-1.093326284,-0.716620537,-0.744019511,-1.540378377,0.951310325,0.365753608,-0.63506697,-0.508993969,-0.276148837,-0.863935502,-0.741077714,-0.491022997,-0.49807394,-0.766578459,-1.667596827,-0.189708775,-0.274436846,-0.975510092,-1.609938038,-1.260895952,-0.251928903,0.21333561,0.130150685,0.6917462,-0.422204432,-0.422204432,0.232935454,-2.628315233,-0.186570571,0.995027972,-1.301585633,-0.272859144,-0.403317416,-0.574830954,-0.392006088,0.233727345,-0.40241975,-0.556346139,0.375898973,0.757998153,-1.992163534,-0.413094135,-0.923818998,-0.310473161,-1.408131056,-1.701553201,-1.796973036,-0.231427771,-0.133188594,-0.988861425,-2.129472475,0.044303926,-0.412791884,0.551295556,-1.010326724,-2.016654554,-0.444881841,0.686273612,-1.983404354,-0.171737763,-0.695951108,-0.199427025,-1.417991448,-0.474011651,-2.068303797,0.146089706,-1.666008264,0.124427578,-0.327532317,-0.643024571,-0.823028101,0.641695979,-0.337012383,0.503438405,-1.685239626,-0.854960477,-0.082512422,-0.034487931,0.676001022,-2.221005106,-0.407216641,0.707937266,-0.388165611,0.662378647,-0.731472295,-1.027781108,-0.855195633,-0.000100005,-2.270117903,-1.059583902,-2.183025858,0.299215308,-0.807436327,0.889823546,-1.288079314,0.121332285,0.327215237,0.837160941,0.024887716,-0.520371037,-0.79895224,-1.117183674,0.064194712,-1.414693836,-0.257605605,-0.383018919,-0.516843696,-0.676683455,0.069432775,-1.201309687,-1.134757735,0.045546815,0.713047842,-0.51902582,-0.238764932,-0.960765222,-1.25211318,-2.815078774,-0.284753033,-0.543004522,-0.785701162,-0.746126105,0.299808252,-0.920047781,-0.528310938,0.774819329,0.213254819,-1.300483705,-3.116770602,-0.205303633,-0.416880011,0.062223343,-1.669187917,-0.093651556,-0.146529793,0.1889661,0.930588037,-0.133188594,0.17462535,-0.913295223,0.244826762,-0.183562326,0.085076172,-0.790098707,-2.306593114,-0.082078111,0.150056596,-0.239781193,-1.651823629,-1.411817318,-1.911895271,-1.777856564,-2.475748712,-1.589145209,-0.333097936,-0.43186042,0.715055433,-1.028899676,0.347341523,-1.935860813,-0.291020974,-0.669430654,-1.773723107,1.310115014,0.848568481,0.955472983,-0.062620362,0.281563391,-0.548873691,-3.028255465,-0.330033013,-0.257346873,-0.611751542,-1.189741222,-0.943148186,-0.038740828,0.453937762,0.23791393,-0.317316878,-0.329893921,-0.621012583,0.419762413,-0.323378337,-0.784385661,-0.935218742,-2.519498095,-2.689719244,-0.294236841,-0.098605604,-0.643405089,-1.319009614,-1.036764885,-1.928266714,0.634299105,0.361931106,-0.524586539,0.323531725,-1.211333159,-1.79275997,-0.721752438,-0.950882177,-0.486295626,0.673046509,1.037020533,-1.202307525,-0.025625548,-0.721135217,-1.760842367,-0.564402225,-0.56141741,0.617830786,-0.302863394,0.339894944,-0.923315347,-3.476999095,0.655445313,0.925131537,-1.619993426,0.342312293,0.219376465,-0.709073331,-0.568454737,-2.193730688,0.10300775,-0.834250022,1.041653855,1.106712725,-2.488914671,0.995988765,-1.524637311,-0.422662133,0.629035235,-1.037046933,0.893390512,-0.466968241,-0.545244551,0.461656388,0.025960102,-0.194677579,0.149109423,-0.749929195,-1.206308864,-0.256054215,-0.817350784,-1.825109449,-0.657587005,-0.270235159,-0.429092039,0.269416264,0.263978346,-1.609437912,0.847540688,-1.0336676,-0.331007197,-0.929122711,-1.077633882,-0.132617525,0.301880792,0.123897637,-0.455864066,-0.783509621,-0.077853439,0.465242312,-0.262274269,-1.239945465,-0.78329073,1.349396947,0.244591883,-0.225646682,-0.858493633,-1.128247094,-0.181282097,0.570301351,0.074457911,-1.818308805,-0.028193734,-2.499817263,-0.966006324,-0.035627178,-0.718875329,0.503921847,-0.68458395,-0.372514008,-0.647982629,0.223623436,-0.356817811,0.286456322,-1.249318906,-0.151404454,0.107598011,0.626259235,-0.181521877,-0.926593625,-0.607152987,-0.662036186,-0.813282982,-0.982697664,0.061471322,0.004788517,-0.16735413,-0.040717833,0.857559317,1.307359373,0.194744077,-0.083925235,0.638532587,0.75485357,0.079180798,0.043251042,-0.018469516,-0.18825915,-1.138185064,0.77029339,0.093490343,0.632600681,-0.471925475,0.245139849,0.49445231,-0.618410834,-1.106241316,0.452921049,0.4896837,0.58911911,0.01813457,-1.312300681,-0.720723948,-0.071496002,-1.130102956,-0.540254435,-0.33673227,0.800565577,-1.515947569,0.695294873,-1.442229994,-0.302998777,-0.170788321,-0.356389271,1.105256831,1.463810804,0.362488015,-2.130313872,-0.21109147,0.360676925,0.57964248,-0.591854929,-0.503684516,-0.526447005,-1.529702944,0.403797051,-1.238909374,-0.508993969,0.296988632,-0.04103035,-1.533403226,-0.454287773,-2.469821012,-1.689022392,-1.56398665,-0.479165471,-1.652345413,-0.926593625,0.226258694,-0.002603386,0.421010319,1.030119292,0.491642804,0.29958594,-0.716620537,-1.37436579,-1.163791015,-0.740238788,1.102504703,-0.96942783,-0.069028586,-0.044997366,-0.484670666,-1.040437725,-0.912298711,-0.344322973,0.632547558,-0.266703666,0.304760404,0.56650628,0.590061853,0.695594184,-1.058718725,0.214546704,0.603769369,-0.535972506,1.030725948,-1.189741222,0.21760826,0.206770237,-0.136048845,1.133593258,0.736924803,0.22570028,-0.050030934,0.989392484,-1.053256587,1.196525139,1.366856667,0.720032509,-0.968110481,-1.591106956,-1.671845373,-0.439746042,-2.230264431,-0.429706573,0.627007378,-1.891800823,-1.026663789,-1.114436839,-1.189084192,-2.916921093,0.45938495,-0.341504879,-1.814005078,-1.509592578,-1.912572089,-0.40631547,-1.702650294,0.553885113,-0.307748735,-2.098012927,-1.729348209,1.029190754,-0.20138206,0.538246219,0.414623046,-0.449887326,-0.326838788,0.816293585,-0.102586589,-0.136851183,0.14202026,0.370390455,-1.677716753,-1.221118963,0.030917103,-0.904856354,-0.017553159,0.35473306,-1.241674672,0.431132855,-0.389198136,-0.784385661,-0.661648514,-2.238671767,-1.770781063,0.356484926,-0.09123848,0.425790475,-0.474011651,0.784768748,0.966223101,0.85420254,-0.480458087,-0.850502991,-1.514582381,-0.968637212,0.928772509,-0.331842968,-0.357675444,-0.155368087,-0.054984308,0.046883586,-1.65286747,0.922073977,0.76904284,-0.013794711,-1.281934346,0.596691345,-1.285544458,-0.096621039,0.488702707,0.087736114,-0.343476711,0.450055991,0.773712828,0.590172705,-0.309791358,0.04305949,-0.449103565,0.166192175,-1.579393791,1.393071345,1.002798649,-0.63412384,-1.7837913,-0.751836177,-0.948297528,-0.844900736,-1.080575926,-0.337012383,-0.969164222,-0.413396478,-1.035074268,-0.03573081,0.397029629,-0.307748735,-1.112001526,0.48974498,0.723336852,0.124868982,0.628928608,-0.650470906,1.20934833,1.312486344,0.181321057,0.116359801,-0.735428573,0.329231802,0.638954952,0.26918709,0.175548673,0.764956083,-0.5407695,0.173364899,0.07399368,1.126843349,-0.363555705,-0.419310515,-1.013627965,-1.072359918,0.169995907,-0.493804639,-0.536485371,-0.061769026,-1.080870607,-0.148384006,-2.468639677,0.819074737,0.139674982,0.852583865,-0.56528181,1.20414279,0.541917231,-0.225396086,-0.612489278,0.352626761,0.537603865,-0.462511764,-0.080667903,0.764071519,-0.391858105,-1.081755172,-0.567925216,-1.261248872,-0.76593295,-1.256319285,-0.536314387,0.164157586,-0.55582299,-1.21874809,-1.142250746,-1.303424883,-0.956331781,0.164836243,-0.823255866,-0.086538761,-0.980029573,-2.444148657,-1.430455257,-0.355675444,-1.098112414,-0.518689799,0.115380151,-0.511325749,-0.348140042,0.632069331,-2.169803982,0.704927519,-1.293897512,-0.830801346,-1.208985346,-1.413460029,-1.699909816,-1.060161102,-0.818710404,0.521409417,0.300474894,-2.33407576,0.432236859,0.792358831,-1.214696768,-0.34757363,-1.781413177,-1.562554327,-3.17485894,-2.248096908,-1.891800823,-0.446599652,-1.692819521,-1.872752628,-1.178629997,-2.225624052,-2.53577898,-1.143818882,-1.848964943,-0.816445397,-1.536652243,0.200979739,-2.021927636,0.4158114,-1.301218189,0.296319661,-0.40137349,-0.801400766,-0.790980541,-1.90851803,-1.011975982,-0.517179098,0.465179512,0.432561334,-2.343407088,-0.190676361,-0.248333162,1.196857551,1.1969784,0.442953553,0.875218706,-0.878513368,-0.265920581,-0.972596568,0.079180798,-0.855430844,-0.105805059,1.298664611,-2.490120217,-0.267356706,-1.306744082,-1.793961893,-0.900663476,-0.718054816,1.156157665,-1.152013065,1.007118152,0.711723566,-1.222136775,0.591059083,-0.151055475,-3.184474398,-1.007036345,0.047360571,-0.076989042,-2.591601389,-0.366004039,0.171260609,-0.006319929,-0.352113933,-1.280134165,-0.74675895,-0.857314527,-0.303269596,0.518615206,-0.336592244,-3.432688049,0.004489905,-0.545589616,-1.482805262,-0.349983099,-3.438899249,-0.404066087,-2.438404816,-0.652581219,0.543312175,-0.075262485,0.495062029,-0.480134776,-1.175385348,-1.560647748,-0.26266431,-0.164167346,1.163900529,1.161649684,0.003493889,-0.638280279,-1.25211318,-0.627546724,1.17677631,-0.180084062,-2.53451715,-0.094640404,-1.379914754,-1.793961893,-0.291957867,-1.151064149,-0.781541331,-0.702995517,1.060979647,0.401122359,-0.353109878,0.15469339,0.000699755,0.410717954,-0.957894282,1.272229405,0.270561346,0.014494446,-1.810942289,-0.525093596,-2.471003745,-0.04103035,-0.600750331,-0.005113049,0.239882667,-2.926206211,-0.731264503,1.113796424,-0.60477007,0.248811298,0.395078015,-0.084360349,0.139414056,-1.666537505,0.82307835,0.331962081,-0.955551446,0.291400152,0.278161899,-0.018673265,-0.453500557,-0.14387037,0.544705175,1.380150526,0.9960257,-0.355104749,-0.134217342,-0.83171983,-0.157589921,-0.141909246,-0.332679438,0.894413153,-0.714983875,-0.139262067,-3.036554268,1.156377926,0.264285495,0.416470987,-0.400776119,-0.127151786,0.370804648,0.321358599,0.230476599,0.143580729,0.194908672,-0.948297528,1.174801427,-1.104429174,-1.39070407,1.221802899,-1.105032857,0.036621184,0.29050309,0.006776984,-3.059737604,-0.914043259,-0.386545223,-0.330172124,-1.837594006,1.065193379,0.122129133,-0.670994376,-0.392302122,-2.024196068,-0.3013754,-0.016942721,-1.074114817,-2.143020523,-3.001750346,-1.164752091,-2.727233021,-1.624044065,-0.201015199,-1.526016304,-0.849333264,-1.603952982,-3.79423997,-1.076459484,-1.083822203,0.228091291,-0.806315879,-0.275358323,0.151174828,-0.697958738,0.542149857,-0.948813924,-0.653349711,-0.350976923,-1.376740148,0.989578368,-0.312384685,0.284802932,0.048694922,0.834342877,0.156576307,-1.999521919,0.928812012,0.565256989,-0.064645194,0.527210653,-0.355818168,0.037103088,-0.521549587,-0.748025842,0.464928271,0.94106139,-0.739191119,-0.823711551,0.92544867,-0.564402225,-0.969164222,0.848440065,0.220580269,0.518019684,0.420682074,0.383560273,-1.041570548,0.427096128,-0.513997315,-0.227151573,-0.043116291,-0.695149183,-1.400393286,-0.770244231,0.648097512,-0.034902052,-1.435064526,-1.506881324,-1.231001477,0.562582811,-0.753321904,-0.75395932,0.040085724,0.149109423,0.779095493,-0.921052049,-2.009169489,-0.139377017,0.175213018,-0.252958636,-1.196997191,-0.563874845,0.089566443,-0.590590592,-0.242963679,-0.319379159,-0.054667401,-1.325387426,0.131028262,0.20343052,-1.210661793,-0.640934309,-0.848398466,-0.032006796,-0.870600606,-1.076459484,-0.709886505,-0.567219624,-0.676290064,0.10020726,-1.125777957,-0.778269434,-0.740029167,-0.964693471,-0.022859294,-1.111393623,-1.649739209,0.212042158,-0.798507696,-0.46473752,-0.675307262,-0.192856859,0.584336275,-1.547872557,-0.159934038,-0.610645959,-1.461880348,-0.431244561,-0.739819589,-1.14790758,-0.878754128,1.005692583,-1.491210531,-1.8426318,-1.182537524,-1.7333019,-1.082345316,-1.787966671,-0.907083251,-0.523910863,-1.060161102,-2.80016549,-0.195042121,-2.08586211,-1.032824548,-0.345028739,-0.930389656,-0.755022584,-0.890135774,-0.971803442,-1.788564578,-2.438404816,0.250291683,-0.669040105,-1.236495996,0.308880784,0.382469388,-0.405115169,-1.30600553,-1.92004749,-0.679441534,-0.013693327,-1.091537375,-0.427710717,-1.654435278,-0.31992982,-0.209487225,-0.367591456,-0.015621381,-1.558269626,-0.442077227,-1.298649851,-0.479650006,-1.328025453,-1.826972225,0.399648223,-1.713687934,-0.255666743,-1.470981169,0.434441216,-2.095570924,-1.406497068,-1.828216006,-1.522801606,-1.039871794,-2.093946228,-1.085893516,-0.196136546,-1.143505058,0.35143122,-1.126703169,-0.861565832,-1.389499492,-0.2338254,-1.000759889,-0.398688124,-2.397995278,-2.475748712,-2.037915795,-1.729348209,-1.139746832,0.488395949,-0.813057477,-1.342086107,0.457108341,-0.527463265,0.195484543,-2.202739758,-0.497580397,-1.108056748,-1.652345413,-0.960765222,0.238623122,-0.731888009,-1.487662856,-0.237115709,-0.837479551,0.112971479,0.186562551,-0.340801595,-1.918684163,-1.685779146,-0.878994947,-0.855901432,-2.253794929,-0.656429598,-1.910543005,-0.345028739,-1.830708219,0.227613546,-1.167319487,-1.194682757,-1.150116132,-1.415929166,-0.115298624,-1.430873405,-0.871078389,-0.998314567,-0.421137278,-1.064500759,-1.28916765,0.418512947,-0.469523744,-1.347073648,-0.553037473,-0.633369977,0.744552969,-0.757792374,-0.896488105,0.426574071,-1.064500759,-1.260543156,0.290278698,-1.687399454,-2.202739758,-1.06363132,-1.744685062,-1.043272194,-0.187052731,1.013635205,-0.421899415,-2.016654554,-0.572878348,-0.515838166,-2.265289308,-0.956592029,-0.636577829,-0.046253385,-0.586986985,-1.611439915,-0.927857368,-1.669187917,-1.174414002,0.867982452,-0.073754189,-1.020540753,-0.308020843,-0.16511052,0.103097958,-1.451579828,0.21511138,0.123279016,-1.034792776,-1.826972225,-1.585233224,-1.133203733,-0.636766847,-1.120551196,-0.330589574,-1.715354138,-0.732303896,-0.624927942,-2.429282746,0.321503621,-0.400029906,-0.906092907,-0.470003629,-0.400776119,-0.277995803,-0.529668712,-0.351118978,0.758185577,-1.709258248,0.078071535,-1.623536837,-1.710917081,-0.164874643,0.664387559,0.337400377,-0.038636884,-0.71539279,-0.114289146,0.818060292,-0.349557476,-0.194191729,0.869702143,0.371908325,-0.170669704,0.60742588,-1.173443599,0.617615118,-0.991553216,0.461593362,-0.075478141,-1.326894018,-0.615815838,-0.137309951,0.105980324,-1.222815892,-1.093923299,-1.553057579,-0.161930867,-2.374081095,-0.055407007,-1.62455155,-1.374761125,0.482858155,-0.797619202,-2.074653025,-0.232310439,-0.273779167,0.224183011,0.530039843,0.082593298,-1.581336482,-1.580364665,-0.551647618,-2.022683208,-0.71621112,-1.73556819,-1.004302609,0.862130173,-0.532900831,-1.473160294,-0.266964831,-2.669310373,-0.676093426,-0.099930839,0.301584978,-0.728359936,0.175884215,-1.07031642,0.1670387,-0.662424008,-0.953214086,0.794439432,-0.364419139,-0.259677876,-1.328780455,-0.834480357,-1.066532395,-2.523231764,-0.072033203,-0.780231288,0.100478619,0.379052684,-0.310609577,-0.696954419,-0.138113302,0.098668172,-0.905350792,-0.646454453,-0.857786003,-0.804972996,-1.187771425,-0.267879445,-1.148853505,0.229682128,-0.543004522,0.51617131,-0.309927681,0.104450101,-2.257611727,-0.065071997,0.072599692,-0.273910668,-0.198450939,-1.373180722,-0.680428408,-2.147292209,-1.120857898,-0.744440475,-1.6321949,-0.644357016,-0.670407694,0.181321057,-0.870123051,-0.866073016,-1.377532856,-0.407517212,-1.881903019,"NB"
"54",0.24247548,-2.859454655,0.260362262,0.361234533,-2.697110261,0.436899174,1.933418162,-0.400776119,1.050786659,0.117694143,1.772474708,0.337757125,1.83517011,0.283146804,-0.515503213,-0.268402458,0.475612868,1.297681703,0.442760893,-0.094090923,0.641538047,1.714482378,-1.13103218,1.657827997,1.679075909,1.585104235,-0.598382604,0.199997742,-1.820776418,0.610145934,-0.88116493,-0.335892405,-3.973898409,0.866343899,1.715472201,0.741222804,-0.270235159,-0.746969987,-0.876108942,-1.106543659,-1.37634403,1.128915151,-0.209240646,-1.144760945,0.234914007,0.990730078,1.492409592,0.072134598,1.634676717,-2.915074371,1.557976183,-0.921805913,0.704284925,-1.641444709,1.417720351,0.359072069,1.690427864,0.230079442,0.992473693,1.765757667,1.523531379,1.680958254,0.051358292,0.317216603,0.601525191,-0.863698282,-2.181252808,0.171260609,-0.251928903,-1.361016554,-0.191887162,-1.067113622,-1.658628157,0.485076954,-3.280751229,0.478839478,0.493353878,-1.12639467,-2.48530673,-1.16219127,-0.87803202,-1.395536943,1.119917055,0.779691782,-0.929882685,-1.15518264,-1.610438413,0.891260062,-2.223773913,-0.76593295,-1.532939942,-0.120248573,-2.873514641,0.918647951,-1.291347884,-0.263184601,-0.284753033,-3.767922662,0.66808575,-1.455858825,-0.010353412,-0.633181599,-1.232029402,-0.231805962,-1.566378423,-1.394326533,-1.971125398,-1.857258452,-2.280823601,-1.691733155,-1.449021191,-0.275094957,-1.458435039,-0.466011608,-0.790098707,-1.435904862,-2.360214206,0.470565971,-2.229334631,0.068966205,-0.743178114,0.001698557,-3.313186504,0.600922237,-1.356347285,-0.209240646,-0.99398204,0.198522936,-2.240549702,1.136293356,-0.071066448,-1.522343206,0.879253234,-0.311155429,-0.363987329,-0.46235297,0.257429029,-0.439280457,-1.047824122,0.751699068,1.022055166,0.296319661,-1.767261998,0.497557997,-2.055725015,0.039028387,-2.862951162,1.484260103,0.52235886,-1.012251123,0.321938561,-0.248717802,1.076911862,-1.077633882,-1.732170678,0.939382063,-2.523231764,-0.412187654,0.495001073,-1.3919101,0.677779703,0.519567304,-1.507784259,0.455334055,-0.835171681,-0.619525041,-1.998045904,-1.228607085,-1.318261951,-0.625488532,-0.41794263,-1.413460029,-0.702591639,-2.835315552,-0.882372514,1.348073148,-3.005782609,0.220580269,-0.588607001,1.230867868,-0.417638909,-0.641314032,0.643011111,-2.638057829,-0.531708835,-1.129483952,-1.104429174,-1.304161532,-0.038636884,-0.992092445,-1.279055611,-4.853631545,0.260824618,-0.901894852,0.072413681,0.30453919,-0.737517128,-1.569736546,-0.503684516,-0.734385929,-1.049250859,1.417381122,-0.644357016,-1.773134005,1.01599126,0.062974799,0.097489621,-0.172569265,-1.334461213,-1.406905315,-0.084577977,-0.340379862,-1.658628157,1.103964606,1.233725763,-0.46648981,-2.318714475,1.084648582,-1.481924592,-2.403511012,-0.251414433,-0.832639159,-0.048140375,-2.404617819,-1.646101897,-0.484183693,-1.173766962,-1.117183674,-1.026943002,-0.07396952,-2.830217835,-1.148222789,-2.321767912,-2.533256911,-0.878513368,0.372459707,-0.932928373,-1.648178741,0.211151939,-1.16667702,0.710200935,-1.628620732,-1.5711792,-1.320881223,0.38601042,-0.012275031,-0.605685905,-0.405565113,-0.928869514,0.212365678,0.383423977,0.831778049,-1.054691102,1.03868534,0.230238324,-0.688955976,-1.505077897,-3.23653076,-1.796370082,0.412308307,0.28855669,-0.218031639,-0.574120474,-1.529702944,-0.444725822,0.484830664,-1.124237836,-1.495216768,-1.461017907,0.210909014,-1.4929891,-0.132960127,0.346917495,0.285554811,-0.691348799,0.105440513,-0.956331781,0.44603107,-0.848164903,-0.392450171,0.394471567,-0.430782916,-0.393783603,-3.213888283,0.697985457,0.836164687,0.724791186,-2.124438908,-0.773489933,-1.095716486,0.268269869,1.175418997,0.187557824,1.508888029,0.157174674,0.523485153,1.017293768,1.341767596,-0.700171796,-2.065933192,0.377065634,1.178839595,-0.823939471,0.315175637,-0.686966322,-0.448320418,-1.508688009,-0.250900228,-0.874669057,-0.895753081,-4.374058465,0.287056877,-0.911054465,0.74155632,-0.965480976,0.468752847,0.732752435,0.517066111,0.176890167,-0.237369259,0.186728499,-1.239599982,-1.831956659,-1.041570548,-1.606941032,0.018232768,-0.638280279,-2.902241931,1.299155703,1.150951702,1.497343665,-0.87251311,-0.317454231,1.675525234,-2.051048467,0.326133259,-0.863935502,-2.727233021,-1.499687049,-0.569868164,0.268040432,0.569170001,0.136364875,-0.869884359,1.158169675,0.250992154,1.734253936,-1.069150579,0.102646837,-1.132582808,0.016365354,-0.923567141,1.281739077,-1.92004749,1.541415998,-0.036041771,-4.086376393,-1.768433644,-2.175952442,1.689099009,0.472251102,-0.920298753,-0.970219074,1.305436738,-2.491327218,-0.14618251,-1.584257614,-2.700082032,-0.606419177,-1.508688009,-0.692947201,-0.563699113,-0.263705163,-0.441921645,-2.152442435,-0.668649709,-2.469821012,-1.814618763,-0.984034384,0.177309015,-0.505506462,-2.889572078,-0.346724613,-0.46968368,-2.591601389,-2.194627952,-1.46967597,-1.860466667,-0.131020262,-0.653157532,-0.381406843,-0.545244551,-0.46968368,-0.68995229,-2.291645153,0.174289385,-0.322411553,-2.168928708,-1.684700397,-0.606052474,-0.803408575,1.017655274,-1.474033275,-3.984593698,-1.14790758,0.700867304,-1.352859585,-0.296924654,-1.142564176,-1.259837937,-1.582309245,-0.905598102,-2.202739758,-0.780886095,-1.263369014,-0.451613764,0.873257962,-0.830571857,-0.330033013,0.605135303,-0.404965233,0.882320212,1.285396097,0.458120807,0.639851884,-0.285151943,-0.964693471,-2.774190004,-1.168605661,0.171934464,0.156576307,-0.523404406,-1.538047916,0.016857117,-0.551474022,-0.779576909,-0.111266812,0.417723006,-0.123637641,-0.891110433,-0.663782572,-0.249487527,-1.627601883,-0.089049817,-0.366148246,0.44871615,-0.501700716,1.541651456,-0.863935502,-0.023985363,0.458753079,-0.968373812,-0.340098805,-1.877317358,0.810885771,0.522773957,-0.8663108,1.335895404,0.196881708,0.045451263,0.148075118,1.496873735,-1.377532856,0.231508468,-1.024432891,-0.379358861,-0.703803761,1.459056786,0.318381001,0.854968367,0.25176988,0.145744014,0.117960798,-0.390231728,0.498044289,0.283899929,-1.139121832,0.155464103,0.166107483,-0.576253429,0.841610288,0.098215048,-1.592580795,-0.698159722,-1.829461336,-1.668657272,-0.435872771,-0.314847741,-0.145141386,-1.40283033,-0.101368494,-0.746126105,-0.272859144,-0.414152737,-1.418817553,-0.746969987,-0.187535124,-1.244100595,-0.801846598,-0.208254939,-0.541628533,-2.694147296,-2.545931352,-0.139032209,-1.680933914,-3.738069698,0.46699912,-4.011843341,-0.039468744,-0.122393648,-1.79275997,-1.984858899,-1.068277089,-0.5407695,-0.755235373,-2.175071773,-1.25456459,-0.605869173,0.472936823,1.739448113,-1.844527535,-0.823939471,-0.158644093,0.683753195,-2.737994078,-2.103734234,-0.42556578,0.922829309,-0.39988073,0.14660802,-1.099012369,-0.423425434,-1.885191414,-0.699970406,-1.186132886,-0.244239515,-1.270112607,1.410767437,0.341601914,1.421106332,1.70274609,-2.097198263,-2.724179583,1.435774763,-0.085993713,0.27543235,0.509524778,-2.121097217,0.716766046,-2.309609708,1.68337587,-0.31443681,-2.065933192,-2.024953356,-0.343758719,-0.796953349,-1.462743533,-0.830113036,-0.625675465,0.189048878,-0.246284244,-0.388018195,1.197310662,-0.341223506,-2.537042404,-0.507165663,0.363114168,-1.320506621,-0.291957867,-0.20138206,0.627007378,0.841092935,0.211556682,0.455587718,0.154779054,0.444108732,-0.760142049,-0.166526951,-2.562651998,-1.005668543,0.216722984,-0.918042265,-0.527124397,0.763139552,-1.013077001,-0.063792133,-1.202973304,0.608405952,-1.018877321,-2.149006005,-1.236495996,0.102917534,1.026579086,0.247406803,-0.189587893,0.166700176,0.740269288,-1.283376827,-0.490043085,-0.818256992,-0.113504701,0.350516017,-3.57912859,-0.738563044,-0.453500557,0.751746223,-1.507784259,-1.717580071,-0.228784431,-1.521427035,-0.748659891,-2.025711219,-2.432693778,0.059871397,0.2051425,-2.275943162,0.842299676,-2.255701507,0.158284979,-0.564929883,-2.375155786,-0.47674631,-1.732736129,-4.803621125,-0.923818998,-2.617295838,-1.459725639,-0.287415441,-0.531028331,-1.775492497,0.10327835,-2.350725468,-0.100262422,0.397500139,-4.068676816,-1.355959161,-0.942121492,0.674321076,-0.143062383,-0.23395175,-1.657578288,-2.716586532,-0.281832548,1.16055369,0.140891739,-0.318691259,0.919963977,-0.901894852,0.747635366,-0.1806829,0.372804166,-0.96233467,-0.64055473,-1.179280192,-1.497002483,-2.563949857,-0.823483682,-0.194556095,-0.598382604,-1.245142081,-0.846764669,-0.333656205,-1.214696768,-1.145703896,-0.097502581,-0.852611955,-0.285151943,-1.183843433,1.053091773,-0.6361999,-1.24897017,0.085627086,-0.55321134,0.101743984,-1.10714862,-1.424203934,-0.298540816,-1.246880305,-0.422356976,-0.565986035,-0.979763155,-1.12639467,-0.965218406,-0.678061543,-0.58554917,-1.128865332,-0.742967876,-0.459024125,0.973955684,-0.848865756,-0.917291232,-0.26188438,-1.777265023,-1.071191693,-1.680397001,-0.129767058,-0.857078872,-4.206394066,-0.209363928,-1.217058044,-0.768301854,0.188386461,-1.043840053,-0.486295626,-1.12639467,-0.62960916,-1.219086442,-0.617483277,0.494879152,-0.695550065,-1.136002678,-0.199793303,-1.995835958,-3.676950883,-0.449260268,-0.454602833,0.021174235,0.152120048,-0.63073592,0.755511465,-0.97418471,0.210828026,-2.152442435,0.580370343,0.923067716,-1.378326192,1.540987751,-0.820980552,-1.203639527,-3.146555163,-0.229413164,-1.584257614,-1.703748592,-0.342912934,1.534218554,-0.216416231,-0.73334437,-0.99479296,0.279070096,-1.191385689,-0.496922719,0.857941021,-0.998314567,-1.241328591,-1.440961763,-0.420832585,-1.450726221,-0.343053848,-1.614450454,-0.017756722,0.014198719,0.329087897,-2.617295838,-0.895998029,-0.697556889,0.090663035,-1.058718725,-0.011870173,-1.074114817,0.505973873,1.323753843,-0.2165404,-1.627601883,-1.947711771,-1.607939036,-2.168928708,-2.120263536,-1.550226053,-1.617470084,0.493842219,-0.396009949,-0.291556234,-0.935983365,0.311886761,0.610797648,0.178731788,-0.681811671,-0.393487131,-1.846426871,-1.558744798,1.016244658,-0.272071225,-3.299543728,-0.524417577,-1.286630038,-0.937769764,0.506275287,-0.710496819,-0.327393573,-0.300159594,-0.56563386,-0.887946259,0.002097798,-0.370918764,-0.44036716,-0.268664067,0.301067092,-0.159347493,-0.044265416,-0.59511344,1.745331513,0.710987099,-0.181881654,0.083789526,-0.997500787,-0.079151438,0.355854608,-1.618478657,-0.055407007,-0.147804195,1.021335198,-1.177006356,-0.794073099,-1.314904365,-1.023319305,-0.46808547,-1.070024832,-1.105334834,-3.79423997,-1.373180722,0.210017784,0.775832547,-0.022347864,-3.476999095,-0.114962019,-1.50733269,-1.397557553,-1.002393431,-2.095570924,0.059494572,-1.237529588,0.039605255,-1.169893491,-1.142250746,0.333969106,-1.714798428,-1.17409043,0.245687516,-0.14722472,-1.065080806,-0.014200349,-1.550226053,0.177309015,0.098577563,-2.586275144,-3.402197882,-1.863685209,-3.451438598,-2.103734234,-1.041003976,-0.705219762,-0.550606494,-2.318714475,0.266892458,1.122849513,-0.730849048,0.236730825,-1.37436579,1.02439149,-0.32075638,-0.514499029,-0.750564451,-0.616741849,-0.213440776,-0.42694414,0.946664736,-0.463624022,-1.218409852,0.891260062,-0.597837001,-1.299016353,1.260135723,0.61632013,0.353750672,0.090663035,-1.405681075,0.208963488,-1.606941032,-0.793409603,-1.821394274,0.366654977,-1.143191332,0.197128064,0.723724881,-0.8663108,1.59017354,-0.851674089,-1.987774353,0.802046428,-1.030019497,-1.351699716,0.440703544,-1.192044234,0.22872793,-0.351261054,-0.291690094,-0.845599304,-0.863698282,1.443761061,-0.345169952,1.39560092,-0.284620098,-0.272727781,-1.566857465,0.160246349,-0.244494877,-0.46029095,-1.170215708,-1.24098263,0.226418184,0.53579137,1.509904829,-0.903621329,-1.001304106,0.558929838,-0.048665172,-1.941420244,-0.802292628,-2.575707014,-1.145075163,-2.397995278,0.96740201,-0.076989042,-0.126243727,0.326205427,-1.297551151,-0.741707371,-4.122744037,-0.558266698,-0.397794602,-0.826221535,-1.328780455,0.343731538,-0.946492241,-0.580175702,0.036910354,1.330913778,-1.298283484,-0.516843696,-1.729348209,0.356904918,-0.840256046,0.671974615,-0.867500568,-0.199549103,-2.401301066,-1.366491734,0.844150054,1.017474537,-0.375566558,1.240632549,-0.970482961,-0.491022997,-0.587526699,0.065506802,0.107418397,0.510785623,-0.743809095,-0.077421147,-1.850236399,0.420156657,-0.568984538,0.518912834,-0.591132255,-2.539574051,0.442503956,-0.369615455,-0.336872317,0.067284747,-1.140998005,1.272229405,0.126985012,-1.601965898,-0.292091781,0.775832547,1.23436621,0.34458212,0.337329012,-0.138113302,-0.033039854,-0.922057327,0.559558643,1.013417443,-1.21874809,-1.070608092,-0.413698913,-0.648556297,-0.960765222,0.350938522,-1.74869998,1.29184631,1.332603458,0.066162202,0.188469287,-0.350408902,1.694275261,-0.502031076,-0.171737763,-1.05987246,-1.16219127,-0.783728559,-0.44519395,-2.204551353,-0.938791997,-2.479322272,-0.253473901,-0.185245828,-1.016387348,-0.141563564,0.091393428,-1.024154378,-0.619525041,0.36109516,-0.753109522,1.216750817,-1.202973304,0.860439698,-0.328504067,0.326638328,0.448843831,0.605517431,-2.335108285,0.553367738,0.496097698,0.098939948,-0.458549479,-0.039052727,-0.537683078,0.624654184,-2.922481812,-2.276917346,1.078613642,-0.250643225,-0.502361545,-0.066032971,-0.443166975,-0.386839644,-0.738981717,0.353048376,0.149195566,0.041045969,0.509464698,-0.504512262,1.458312651,-0.389493339,-0.644357016,-0.99398204,1.050052098,-1.434224895,0.270027137,-1.440961763,0.844236035,0.795568381,-0.618967782,-3.575550769,-2.659260037,0.469503504,-1.404865747,-0.756513056,-0.46904409,0.10858531,0.495488611,-2.154165088,-0.106027405,1.607596218,1.00686243,-0.459815703,-0.781978394,-0.79142175,-0.022756987,1.193194931,1.254447264,-1.198322133,-0.47176518,1.053789245,1.18692837,0.121509417,-0.097282123,0.159649818,-0.902881045,-1.168927463,-0.75438449,-1.603455841,1.524576949,-1.500135178,-0.77414034,-0.528141346,1.094503861,-0.495608658,-0.182001608,-1.760842367,-1.065951506,0.379805361,-0.763569645,-0.871556401,-1.597015392,-1.07089985,-1.788564578,-0.280640258,-1.141624179,-0.898450814,-0.510159179,-1.004848759,-2.423623421,-0.805420423,-1.196666229,-0.701986129,-0.88673193,1.364355454,-0.509326748,-0.832179389,-0.951141009,0.760057886,0.117871921,-1.084117843,0.37328621,-1.994365369,-0.239527031,-0.085993713,-0.682009436,-0.217285742,-0.398539148,0.138717919,-0.809456303,-0.470483745,-0.252572362,-0.869407146,-0.59384498,0.113864256,-0.13995196,-0.83632495,-1.246880305,-0.592035679,-0.940583424,-2.801811581,-1.094520671,-3.615628992,-1.046969056,-0.52306691,-1.543650172,0.091119593,-0.066353501,-0.593301846,-0.739819589,-0.963906586,-1.837594006,-1.169893491,0.109123427,-1.973281346,0.798587693,0.767047988,-0.459657337,-0.133645685,-0.122280635,-1.197328262,-1.348998576,-1.121164693,-1.48943512,-0.474493695,-2.821778966,-0.94803943,-0.076449172,-1.672377712,-0.698360748,-1.592089274,0.363044614,0.692697079,0.22872793,0.42637823,-0.446912298,-0.364995176,-0.006018072,-1.63989712,-0.363124268,0.718034896,-1.495216768,-0.253860524,-0.750140902,-0.601297527,-1.344001449,-0.052241112,-0.331842968,-0.991822795,-0.277863764,1.036417685,-2.396895773,-0.277863764,-2.505926017,-0.877550904,-1.319757837,-1.048394573,-2.365524893,-0.056252942,-0.736263472,-1.651823629,-3.327017984,0.313276717,0.05694728,0.321576124,-1.5711792,-1.511404172,-0.360826407,1.178593456,-1.138497222,-0.015621381,-1.342086107,-0.171619034,-0.656429598,-0.727531607,-1.424619475,-0.160168752,-1.199980783,-0.039989008,-0.82052611,-0.735637232,-0.394376811,0.281110527,-0.28621648,0.270332434,-2.692669099,-1.743540897,-0.58842687,0.332320774,0.513063119,0.448907666,-2.429282746,-0.366148246,-0.341927087,0.448460739,-0.280243143,-0.944690206,-0.616000971,-0.115747609,-3.267540997,-2.06909525,-2.052604888,0.085535288,-2.388142981,0.663975803,-0.727531607,-0.047615854,-0.724844267,1.015411823,-1.641961104,-0.407366915,-0.972596568,-0.862749965,0.453238883,-2.185691342,-0.44519395,-0.778051688,-0.266573109,-0.732095931,-0.382432409,-0.924574952,-1.049822125,-0.06049338,0.563437049,-1.271181554,0.186562551,-1.407313728,-0.352967539,-4.635629394,-0.721752438,-1.224175512,-0.593120867,-0.648556297,-0.028502361,-0.837479551,-0.061024702,0.810085415,0.098939948,-1.767847649,-2.432693778,0.11172025,-0.417487083,0.697985457,-2.364460497,0.195813464,0.00059982,-0.22589734,0.516410002,-0.8603831,0.501683966,-0.355247392,0.121509417,-1.119631656,-0.630548039,-0.702793558,-1.209990877,-0.272071225,-0.008233805,-0.658359355,-2.472187877,-0.955291469,-1.219086442,-1.648178741,-3.064011114,-2.130313872,-1.215708061,-0.523910863,0.001399021,-1.729912066,0.273608503,-0.141448364,-0.076017486,0.635994649,-3.597212266,0.869911659,0.355153788,0.683803666,-0.008939842,0.916650667,-0.371353579,-5.099466508,-0.46171805,0.254409633,-0.117995558,-1.790959789,-0.893062606,0.04305949,0.181487876,-0.712941808,-0.736263472,-0.769164667,-0.293029679,0.205061044,-0.852377406,-0.804525769,-1.117183674,-1.741827101,-1.486335715,-0.192735595,-0.623621118,-1.199648833,-0.267487365,-0.473690417,-1.915963073,0.646369989,0.604206671,0.262210407,0.67798278,-2.018158313,-2.728763243,-0.203463481,-0.790980541,0.032854337,-0.41143288,0.832735195,-0.780449509,-0.099157572,-0.292091781,-1.223835433,-0.140182031,-0.366004039,-0.384339827,0.294682512,1.144509383,-0.109368537,-3.170085661,-0.156069186,0.421272838,-1.873403458,-0.897714346,-0.036767724,-1.551169004,-1.160913315,-2.086667587,-0.208747671,-0.663976803,0.796831292,1.5264258,-2.512072318,0.68994205,-1.784982485,-0.604403971,0.393190077,-1.698815724,0.427161366,-0.563172104,-0.834480357,0.986674635,-0.174948803,-0.645881988,-0.597109992,-1.155817762,-2.018911042,-1.151064149,-0.736890104,-2.392509801,-0.853081219,-0.510992304,-0.635822114,0.042197049,0.345502767,-1.417991448,0.507178983,-0.949847515,-0.454917992,-0.927351679,-1.802416049,0.473248359,-0.80833359,-0.312931507,-1.082640519,-1.244447637,-0.419006379,-0.210597582,-0.944947441,-1.400799047,-1.530164732,1.194225453,-0.623994322,-0.013896105,-0.861802547,-0.950364712,-0.337713006,0.478219784,0.226737087,-1.64092858,0.392650011,-3.657380787,-0.485970423,-0.150241663,-1.381107834,1.234628093,-0.250643225,-1.229974607,-0.937514368,0.391501401,0.112167297,-0.234078116,-1.296088093,0.617615118,0.357674444,0.372184054,-0.45082865,-1.707050741,-0.721752438,-0.282230294,-0.015215166,-0.454287773,-0.173758326,0.364295831,-0.673932962,-0.702591639,0.501017683,1.292560438,-0.02040681,-0.620268535,0.229761604,0.625457032,-0.521549587,-0.054033889,0.048885398,-0.449103565,-1.469241282,0.144533151,-0.405865188,-0.259418607,-0.685377443,-0.045520515,0.363183716,-0.650662569,-0.929375971,0.096128027,0.178982656,0.48913201,-0.293431904,-0.58554917,-1.041003976,-0.619153501,-0.788337368,-0.170432512,-0.889162065,0.17075492,-2.055725015,0.284050486,-1.834458224,-0.492985706,-0.268664067,-1.049536451,1.137929151,1.87868612,0.689440319,-1.722606611,-0.863698282,-0.40661577,0.374730949,-0.913046002,-0.045311223,-0.055829885,-2.42249539,0.524136638,-0.956071602,-0.271546291,0.850321855,-0.005414633,-2.542112124,-0.106694739,-3.366795955,-1.282294771,-1.901797574,-1.218409852,-1.370421012,-1.538979449,0.048980622,-0.424189317,0.266892458,0.154179251,0.290428298,0.483413316,-0.788997506,-0.694948803,-0.904856354,-1.136625731,0.003693172,-1.383498274,0.145830448,0.876801183,-0.861565832,-1.244447637,-1.224515706,-0.515503213,0.680568398,-0.104805114,0.282091474,0.200325181,-0.035316345,0.516051943,-0.293431904,0.270027137,0.802136106,-1.272965676,1.152437375,-1.523260216,0.19004168,-0.138113302,-0.304896053,1.017763701,0.44372382,0.451776011,0.85526603,1.042606152,-1.104127469,1.305951608,1.752394746,0.479582604,-0.861092571,-0.507331735,-1.404051083,-1.072944542,-2.087473713,-1.443923474,0.50095709,-1.901128006,-0.821435201,-0.31992982,-1.847695102,-4.422848629,-0.546625528,0.278237614,-1.63475572,-1.343618087,-1.599487582,-0.807436327,-1.231001477,0.394269335,-0.248589573,-1.139434283,-1.532939942,1.704311633,0.256887757,0.785088054,-0.352825221,0.042580448,-0.212945726,0.208638865,0.180570024,0.115023677,0.074457911,1.159989568,-1.259133216,-2.991740252,-0.916290732,-1.254214021,-0.031077956,0.980729248,-0.15665381,0.69009252,-0.442855497,-1.564464547,-1.715910157,-1.199980783,-0.93623837,0.884717502,-0.144794585,-1.172797187,-0.037805715,0.827940277,0.434894452,0.760805829,-0.663200104,-0.991822795,-1.821394274,-1.445195469,1.353487038,-0.253860524,-0.21035073,0.021272135,0.21179945,0.69848292,-1.745257636,1.250503275,1.273489539,-0.452871231,-0.753746803,-0.816897988,-1.62455155,-0.322273517,1.385669166,-0.352540645,0.634670251,0.073900808,0.547369681,1.032935342,0.706951462,0.094400675,-0.14745647,0.868402161,-1.743540897,1.445529783,0.404664788,-0.438349935,-2.216407397,-0.315944382,-2.057288737,-0.619896719,-0.51902582,-0.515000995,-1.132582808,-0.219774234,-1.483686707,0.212365678,-0.06400533,-0.532389802,-0.714166548,1.112383693,0.360537475,-0.100151882,0.256500955,-0.323931205,1.264832693,0.599825023,-0.606969484,-0.525939262,-0.971539206,-0.246668096,0.262825697,-0.134903763,0.533565111,0.297508633,-0.583037958,-0.030871664,0.457551421,1.034713563,-0.078610401,-0.378920553,-1.254915283,-1.11078609,-0.547316732,-0.764643182,-0.56563386,-0.045415864,-1.037893554,-0.06240746,-2.036382052,-0.209980565,-0.732511904,0.13775994,-1.32915817,-0.268925744,0.383492127,-1.776673832,-0.116421463,0.632706917,0.263978346,-1.718137329,-0.877550904,0.781386969,-2.406835114,-2.111964733,-0.803408575,-1.38309947,-1.115656723,-1.199648833,-1.480605041,-0.423883694,-0.783728559,-0.8703618,-2.88598141,-1.201642189,-0.78987837,0.088560177,0.169489578,0.062786988,-0.504015532,-1.718694898,-1.548342813,-0.721135217,-0.66533748,-0.310064023,-0.528480559,0.132167964,0.767605092,0.289006195,-2.806766174,0.546038316,-1.46403971,-0.752048289,-1.187771425,-1.314531995,-0.223018559,1.088999568,-1.655481851,0.649299781,0.832735195,-2.463928243,0.074457911,0.549565452,-1.958995389,0.016266973,-1.881246636,-2.003221516,-1.417991448,-2.586275144,-2.685310714,-0.253473901,-1.820158944,-2.036382052,-1.526016304,-2.122766666,-2.346536981,-1.236151703,-2.633870803,-1.213013549,-2.761450978,0.477661731,-0.49446027,1.061567872,-0.676683455,0.825621765,-0.112385131,-0.187414504,-0.40661577,-1.413460029,-0.738563044,-1.117183674,0.782667907,-0.947265536,-3.130407177,-0.192008322,-1.056127677,0.540054274,1.433488013,-0.01349059,1.111034809,-0.699769057,-0.115523091,-1.189084192,1.482581336,-0.801846598,-0.392006088,1.446918983,-2.816749618,0.363322798,-1.028899676,-1.379914754,-1.129793406,-0.453500557,1.602755636,-0.835171681,1.202431617,0.388793574,-2.102096232,0.941997464,-0.861329174,-3.499913355,-0.132960127,-0.191402666,0.339894944,-2.744195648,0.013902905,0.455460894,-0.159230226,-0.881889305,-1.802416049,-1.143191332,-1.926205566,-0.901155844,-0.637334116,0.105260511,-4.358310108,0.308733919,-0.070207895,-0.679047056,-0.535972506,-0.967847219,-0.774574179,-0.448320418,0.044016885,1.112909593,0.451712359,1.010764198,-0.708666992,-2.61319467,-1.00758399,-0.299214988,-0.232058169,0.859508718,-1.371208724,-0.069778895,-1.148853505,-2.810082927,-2.15330339,1.497544996,-0.271546291,-0.570044983,0.047932654,-1.56398665,-0.063578982,-2.047942875,-1.574070769,0.393662396,-1.731605546,-0.14363945,0.243338259,-1.727095956,-0.461559383,-0.611198598,-3.259697819,-2.35598587,0.554229881,0.50675736,0.061283228,-1.715354138,0.072320662,-1.638866723,-0.485645325,-1.04611472,0.414028339,0.21066603,-0.926593625,-0.375420987,0.835774579,-1.071191693,0.185566287,-0.298001805,-0.188138442,-1.078221599,-2.80016549,0.076775839,0.418183881,-1.486335715,0.096218858,-0.457758903,0.020978406,-0.536656384,-0.999944117,-0.110708122,1.299237529,0.386825804,-0.494132401,0.007571266,-0.736054682,-0.295176754,-0.698159722,-1.415929166,0.428334922,-0.580533036,-0.35939292,-2.721135441,0.702651868,0.202287569,0.178564508,0.142714102,0.01498713,0.663924322,-0.208008664,-0.627546724,-0.029428811,-0.183922838,-0.978432128,1.16168098,-0.707043286,-1.531551374,1.768132539,-0.79628794,0.186894419,0.395818731,0.411314633,-1.940027486,-1.156771203,0.108764715,-1.092133323,-1.516858731,1.319139086,0.042388767,-0.603123678,-0.46808547,-3.201527187,-0.501370465,-0.877791433,-1.086189769,-1.951928221,-2.689719244,-0.758432647,-2.064355904,-2.324830702,-0.131134268,0.06803241,-1.381505844,-1.408949052,-2.701571235,-0.798507696,-1.557794679,0.13208034,-0.775008207,-0.119684843,-0.949330586,-1.976884953,0.758934921,-0.715801871,-0.733969175,-1.139121832,-2.423623421,0.663409362,-1.008954417,-0.244367188,1.057165099,0.605790289,-0.157824085,-3.07045582,0.906644355,0.148850947,0.325050109,0.696740716,-1.050393716,0.050502982,-0.461242124,-1.307113563,-0.048875168,-0.705422211,-0.680823431,-1.397962166,0.606989984,-0.99479296,-1.437587656,0.769320875,0.069339478,-1.803629642,0.220981215,-0.08762975,-1.737271284,0.329735309,-0.485807861,-0.082729648,-0.197110374,-0.923315347,-1.309703759,-0.868930161,0.529686631,0.646631927,-0.530178352,-1.414282398,-1.660731207,0.77020081,-1.099012369,-1.289530693,-0.589868831,0.169827159,-0.959981421,-1.149169012,-2.780620894,-0.686370196,0.280884018,-0.47320876,-1.260543156,-0.26918749,-0.201749055,-2.801811581,-0.341786331,-0.891354247,-1.10262031,-2.178599113,-1.201974802,-0.109256986,-0.646645347,-1.275468806,-0.882614206,-0.456179623,-0.973390324,-1.864330162,-0.686568865,-1.28916765,-0.857786003,0.188469287,-0.892330094,-0.45870767,-0.551647618,-0.488412029,-0.783947545,-1.942814944,-2.93935194,-0.201137471,-1.254214021,-0.270628318,-0.398390194,-0.467287322,0.548121409,-1.342086107,0.260516404,-2.009169489,-2.317698731,-0.337012383,-0.885276678,-1.109875481,-0.651621434,1.318443694,-1.239254619,-1.375552265,-1.210326278,-1.740686199,-0.929629296,-1.905152157,-1.987774353,-0.893062606,-1.06479074,-2.214574216,-0.951141009,-1.738977284,-0.912298711,-0.771108722,-1.71981097,-1.07939807,-4.84089252,-2.614559858,-2.404617819,-3.083471188,-0.590771114,-0.992092445,-0.926088574,0.382469388,-0.060280931,-0.485482816,-1.737839627,-1.484127722,-0.952954716,-0.566690757,-0.899187824,-0.380089802,-2.086667587,-1.47840965,-1.245142081,-0.891110433,-0.365715689,-4.84089252,-0.727945686,-2.147292209,-1.313043899,-2.116105526,-2.018911042,-0.285551011,-1.971843531,-0.503519049,-2.826833737,0.2758119,-3.57912859,-2.192834229,-2.053384007,-1.692276191,-1.74869998,-2.397995278,-1.146647738,-0.570752572,-1.028899676,-0.271152771,-0.4167283,-0.145951056,-2.002480501,0.063068692,-1.220102186,-0.95010608,-1.659153505,-2.173312757,-2.657832485,-1.522343206,-0.834941186,-0.591312875,-1.258781041,-1.511857584,-0.445818463,-0.725877005,0.033434776,-2.884190899,-1.356735559,-1.603455841,-0.98564081,-0.896733233,-0.961549638,-0.816219178,-0.68121861,-0.445818463,-0.837710632,-1.578423859,-0.376877651,-0.214059933,-2.084253099,-2.116935746,-0.340379862,-1.099012369,-2.087473713,-0.633181599,-1.876663976,-0.636955901,-2.432693778,-0.445506158,-2.093134869,-1.462743533,-1.067113622,-1.698269126,-1.103825856,-1.913249367,-4.382026635,-1.646620704,-0.544554777,-0.911800827,-1.796973036,0.376516786,-0.169365846,-2.254747764,-0.932674211,-1.32425897,-0.47545848,-1.262308381,-4.990832667,1.13356107,-1.045830103,-1.487662856,0.482796451,-0.826678573,-2.67800608,-1.379914754,-2.164563795,-0.939047719,-0.012578782,0.457108341,-0.15431736,-1.935860813,-0.086538761,-0.434173272,-0.996687669,-0.925583779,-0.595476153,-0.145488307,-0.261624538,-1.966827397,-0.617854197,-2.432693778,-0.934454703,0.957202322,-1.251064412,0.1783972,-0.69214768,-0.506003934,-0.38287226,-1.671313316,-0.457126891,-0.447850825,-0.496429744,-1.921412678,-1.505979204,-2.003221516,-1.068568167,-0.947523434,-0.555125883,-2.283763339,-0.174591511,-1.052396865,-2.610469873,0.069526063,-0.34757363,-1.714243027,-0.364707116,-0.336452237,-0.451456692,-0.091128933,-2.122766666,1.421202906,-1.101717104,-0.83171983,-1.435064526,-2.388142981,-0.618782099,0.347341523,-0.073108472,-0.731472295,-1.47185225,-1.003483944,0.239174368,-0.517011383,-0.692547361,0.794258682,0.017938145,-0.006521217,0.047074407,-1.360626614,-0.239018901,-1.031140574,0.255107227,0.186147562,-1.377929445,-0.513997315,-1.776673832,-0.179485582,-2.349676701,-2.339249077,-1.791559489,-0.402718882,-0.722781986,0.337614441,-1.749850066,-0.418094525,0.445134439,-1.901128006,-1.250016743,-0.181641788,-1.429201862,-0.231175723,1.116157468,-0.112944759,-2.103734234,-2.145581344,-2.327902901,-5.878135862,-1.814005078,-1.977607236,-1.002665948,0.632706917,-0.868930161,-1.659679129,-0.749505914,-1.794563397,-1.442229994,0.276646403,-0.108922407,-0.708463885,-0.150706617,-2.227477621,0.777947782,-0.411583789,-1.079692404,0.973502478,-1.264430773,-0.528310938,-1.399176987,-0.834941186,-0.672560547,-2.448767603,-0.516005684,-2.035616062,0.044782143,-0.040509543,0.09558287,-0.685377443,-0.014910613,0.164412136,-0.274042187,-0.844900736,0.017053755,-0.539568093,-2.156754645,-0.322411553,-1.075286463,-0.293297811,-0.735637232,0.065694103,-0.537854296,-0.316630394,-0.356103679,-0.273516217,0.60042864,-0.967584026,-0.225270812,-0.744019511,-1.406497068,-1.3919101,-1.482805262,0.047169805,-0.605136303,-1.712024501,-0.802515718,-0.317316878,-2.047942875,-0.952436179,-1.243406874,-0.589688472,-2.30058709,"NB"
"55",0.533799687,-1.52924137,0.436058973,0.583778644,-1.648178741,-0.012983928,1.736105805,0.128832872,0.349176904,0.790455363,1.671698842,-0.448163863,1.540366466,0.47548856,-0.53204926,-0.760569857,0.212931586,0.222022924,0.404331132,-0.343335737,-0.608989873,1.753884517,-1.464904762,1.636391382,1.080074861,1.639986516,-1.468806783,-0.055089966,-3.11903049,-0.03573081,-1.443499835,-0.821662603,-2.712058223,1.039887944,1.29759975,0.687983874,-0.168655366,-0.536143432,-0.532560116,-0.598382604,-1.083231187,1.65508027,-0.022245609,-0.743598724,-0.519530064,1.193407184,1.451098472,-0.025625548,1.57990611,-2.706052198,0.670134406,-1.745257636,-0.859201765,-2.404617819,0.68122641,-0.543348816,1.635962991,0.770524802,0.867100488,1.766441661,1.715184354,1.042852896,-0.312931507,-0.600567999,0.44775802,-0.935728426,-1.812166279,0.548988085,-0.012072581,-1.269044801,-0.590590592,-0.302186759,-1.397153105,-1.809719795,-3.059737604,0.425071638,0.647888274,-1.757937921,-2.040220829,-1.431710225,-1.078809661,-2.60775248,1.597061641,0.428204595,-0.797397202,-0.482562159,-0.937769764,0.804956856,-1.723166678,-1.671313316,-0.690351093,0.25905109,-2.946942109,1.364457667,-1.028899676,-0.869407146,-0.990744918,-2.43383338,-0.754171882,-1.811554097,0.741079834,-0.307612708,-0.201259758,-0.675503745,-0.20138206,-1.301218189,-1.343618087,-1.790360448,-2.167180456,-1.058718725,-1.067986095,-0.199915425,-1.271181554,-0.60166249,-0.949847515,-2.32995629,-2.188363949,0.527623742,-1.621004549,-0.804078741,-1.214696768,-0.923818998,-2.328929068,0.425202374,-0.833099141,0.118849134,-1.462311848,0.293490173,-1.952632695,1.58839812,-0.246156326,-1.424203934,0.952815507,0.218733843,-0.259288998,-0.641503947,1.056261348,-0.197475805,-1.982677873,0.0009995,-0.008939842,0.588730664,-0.852377406,1.177176982,-2.311625838,0.270637638,-2.3227878,1.888810557,0.014297305,-0.222768622,-0.628483667,-0.669430654,1.045492766,-0.878272665,-1.985586966,-1.897119985,-2.977892355,-0.894773888,0.795613512,-1.757358043,0.122306124,0.6943964,-0.611567194,0.759730485,-1.276185138,-1.116267224,-1.633730605,-0.909563411,-0.151055475,-0.395861372,0.14790263,-1.467504417,-0.874669057,-2.985781943,-0.688358664,1.693852588,-2.416874239,-0.166999541,-0.764643182,1.148861705,-0.850502991,-1.866914143,-0.155601732,-2.273026291,-1.519597208,-1.320506621,-4.000854219,-1.322005871,-0.723400224,-1.331806176,-1.260190484,-3.107781777,-1.195674002,-0.789437841,-1.351313392,-0.77283995,-1.658103084,-2.498599977,-1.795767491,-0.60531947,-2.479322272,1.516247484,-1.409767717,-2.542112124,0.800071473,0.072506691,0.451457712,-0.828737835,-1.23065907,-0.605502671,0.680213905,-0.678455632,-2.290656522,0.787320351,0.766629957,-0.619896719,-2.737994078,1.174832315,-1.831332244,-2.256656161,-0.139032209,-1.709258248,-0.157355811,-2.012905018,-1.208315554,-0.290352301,-0.908074577,-0.441144101,-0.734802856,-0.243856593,-1.954043132,-0.937003774,-1.852146619,-2.077044417,0.25533965,1.3638698,-0.77479117,-1.394326533,-0.180563104,-0.988323935,0.553540226,-1.533866726,-1.610438413,-2.409057338,0.502833774,-1.050965635,-0.56124211,-0.264356247,-1.100814712,-0.08872193,1.091319091,1.153952384,0.13993584,0.720470476,0.29334103,-0.696352312,-0.902634405,-1.7567785,-1.553057579,0.348400808,-0.32628431,-0.737517128,-1.123314901,-2.186581417,-1.344768614,-0.346300375,-1.540845121,-2.053384007,-1.684700397,-0.188742125,-1.14538948,0.254254546,0.299289446,0.293862932,-0.656236827,0.179149866,-0.933691247,0.839409688,-0.772406862,-1.150432037,-0.213069466,-0.767224384,0.222983539,-2.427015171,0.174457382,1.175326386,0.720227185,-1.280853849,-1.001304106,-0.152219213,-0.041551427,1.461517782,-0.241180239,1.811088128,0.618154202,0.607916036,1.275977137,0.919605233,-0.96942783,-1.753885817,1.160772985,1.390136969,-0.859674132,0.607916036,-1.261601917,-0.441299561,-1.944211592,-0.636955901,-0.311565013,-1.229632551,-2.154165088,-0.80609194,-0.616371342,0.152721087,-2.463928243,0.29884454,0.05770271,0.392312322,-1.671845373,0.413234845,0.310128261,-0.785920581,-1.331806176,-0.704410373,-1.98195192,-0.534435489,-1.328780455,-2.232126629,1.025611396,1.001477111,1.269872898,-1.306374738,-0.266573109,1.530762603,-2.818423259,0.529215489,-1.219086442,-1.406905315,-1.044692447,-1.120551196,0.436769958,0.586062958,0.789729278,-0.236608802,1.697851639,0.546906798,1.642582511,-0.99479296,0.179985497,-2.025711219,-0.115972176,-0.548354436,1.337865382,-1.356735559,1.628750224,-0.482076211,-2.686778066,-1.703748592,-1.790360448,1.335947987,0.187474922,-0.594750859,-0.963120319,0.607861586,-2.249044326,-1.430455257,-1.022206958,-2.432693778,-0.382432409,0.578072973,-0.85943792,-0.672168774,-0.379651173,-0.62511477,-1.206977313,-1.085893516,-1.982677873,-1.211669011,-1.107753947,-0.294908118,-1.53433044,-2.24243117,-0.46968368,-0.499391246,-2.348629032,-1.940723622,-1.091835304,-2.208184418,-0.698159722,-0.348848508,0.697139202,-0.383459028,-0.823028101,-1.033386504,-1.543182117,-0.917041013,-0.420527986,-1.024154378,-2.266253164,0.386554083,-0.913046002,-0.21815601,-1.193692495,-3.074775481,-1.968974089,-0.33785319,-0.932928373,-0.734594371,-1.564464547,-1.189741222,-1.732736129,-1.458865054,-1.40283033,-0.747181069,-0.603123678,-0.71621112,0.445839002,-1.144760945,-0.471124257,0.895761441,-0.766578459,0.824613943,0.690493663,0.284050486,-0.607520095,-1.030299649,-1.757937921,-2.791975436,-1.605445891,0.494208318,-0.530518257,-1.079986825,-3.335409641,-0.951141009,-0.993711879,-0.185968198,-0.778051688,0.663357852,-0.054773026,-0.697356025,-0.20911738,-0.40691616,-1.446893983,0.192189376,-0.801846598,-0.37164356,0.06325645,1.261127885,-1.528780009,0.229761604,-0.43912531,-0.18224156,0.130852808,-1.809109108,0.849808991,0.577848556,-1.256319285,0.873508484,0.108764715,0.346139642,-0.044056386,1.503299316,-2.204551353,0.087003044,-1.32915817,-0.368458383,-1.017769901,0.903043372,0.538888162,1.144159104,0.645164191,0.398440493,0.559615788,-0.374111801,0.249434885,0.959809886,-1.810330855,0.346281115,-0.268010173,-0.600750331,1.05462557,0.147384987,-2.194627952,-1.47840965,-2.116935746,-0.978432128,-0.662230078,-0.226775138,-0.244239515,-1.931021537,-0.396901877,-0.319516796,-0.260456086,-0.687761708,-1.23065907,-0.428784913,-0.344887546,-2.05494407,-0.153384307,-0.296790092,-1.28157405,-3.007804855,-1.894456868,-1.768433644,-1.432128898,-3.081290162,0.576838058,-3.31869616,-3.557851192,-1.049822125,-0.213564577,-1.513219055,-0.501535577,0.312033163,-0.851674089,-1.097512893,-0.682009436,-2.208184418,0.332679338,0.44519851,-1.198653643,-2.336141877,1.765860296,0.364087404,-2.358097803,-2.264326381,-0.514164525,0.117605242,0.562468857,-0.701784374,-0.674129175,-0.321169917,-0.880441079,-1.127320453,-1.694995801,0.85271175,-0.485970423,1.48702166,1.460264824,1.718884071,1.685732065,-2.26336438,-3.005782609,1.515720464,0.040949986,-0.137309951,-0.008838949,-1.93171143,0.704878103,-1.940027486,1.722713025,-0.605502671,-2.112791521,-1.547402522,-0.549046837,-0.95191791,-0.215795614,-1.002938539,-0.029222859,0.041909403,-0.047510983,-0.362836746,1.236981958,-0.251928903,-2.112791521,-1.357123984,-0.414001439,-1.171828351,-0.944947441,-0.494788246,0.921158863,-0.665142984,0.081026839,1.290306452,-0.176617854,0.440446077,-1.219424909,-0.929375971,-1.899121988,-0.735637232,-0.343899753,-1.162511015,-0.328642966,0.98972705,-0.990744918,0.515514613,-0.465215113,0.441604155,-0.89452924,-1.474033275,-1.439695138,-0.395267283,1.327817431,0.300104593,-0.073000893,-0.111378588,0.944333823,-1.296088093,-0.638469619,-0.249487527,-0.13079229,0.197374359,-0.916040763,-1.676112046,-0.749505914,1.135426262,-0.760142049,-2.567853571,-0.767439785,-1.32275634,-1.034792776,0.119736682,-2.769393831,-0.446287103,-0.00060018,-2.085057281,1.542100812,-1.86885652,0.803122034,-0.16735413,-1.485010334,-0.352540645,-1.586209786,-3.346709196,-1.613445934,-1.608938037,-2.766209115,-2.436116486,-3.493312671,-1.333701911,0.121509417,-2.403511012,-0.932166081,-0.036871475,-4.116590171,-0.132617525,-0.613966383,0.739744466,0.019410394,0.097035963,-1.197659442,-1.395940738,0.431457688,1.091352668,0.061941402,-0.702389762,1.247692995,-0.711718566,-0.081101601,0.013705647,-0.180203801,-1.239599982,-1.072944542,-0.863698282,-2.181252808,-1.776673832,-1.294627173,-0.135590654,-1.158999439,-0.837017551,-1.438008797,0.13374387,-0.700373226,-1.004575647,-0.854725376,-0.99912901,0.478405733,-1.656005548,1.232822617,-0.970746918,0.360607203,0.086636307,-0.798285499,0.365753608,-1.814618763,-1.62455155,-0.710903902,-1.650259907,-0.404515559,-0.787677664,-1.133825044,-1.836966062,-2.304587096,-1.101115419,-0.753321904,-0.801177925,-0.641124153,-0.90090963,1.639540256,-0.998585975,-0.37760678,-0.302457358,-0.960503887,-1.397557553,-1.258781041,-1.450726221,-0.558616288,-1.647659125,0.031110995,-0.293163736,-0.441299561,0.224902004,-0.592759007,-0.779576909,-1.384296359,-0.56528181,-1.254915283,-0.837479551,1.196948189,-0.590410103,-0.815993011,-0.057205474,-1.183190265,-2.682382454,-0.785701162,-0.524417577,-0.449103565,0.253944301,-0.829425199,1.01345374,-1.00103196,0.252624681,-1.599487582,0.575714084,0.306160294,-2.282782466,1.371358373,-1.065661189,-2.629701235,-2.501036032,-0.21183276,-1.733867991,-2.206366235,0.008364916,1.51312523,-0.573410499,-1.821394274,-0.697556889,-0.229287386,-1.741256487,-1.661257661,1.782567351,-1.187115687,-0.86298696,-0.592035679,-0.174472442,-1.28157405,-0.344746373,-1.415929166,-0.074723546,-0.232310439,0.003693172,-2.026469657,-0.040509543,-1.892464173,-0.256700335,-0.883823542,-0.707651867,-1.30933332,0.590228127,0.799577124,-0.635633274,-1.458005209,-1.570698084,-1.69936262,-0.692747261,-1.998045904,-1.796370082,-0.949072221,0.542963621,-0.143408583,-0.3213078,-1.062183932,0.355013565,0.826716073,0.265819826,-1.033386504,-0.263444848,-2.669310373,-2.215490386,-0.353109878,-1.823250136,-2.931818948,-1.177655496,-2.150722744,-0.626610657,-0.529668712,-0.09376138,-0.739191119,-0.318278746,-0.504015532,-1.119631656,0.21034196,0.331172504,-0.590771114,-0.088503399,0.249356958,0.395549443,-0.466330384,-0.856843273,1.505143495,0.056852812,-0.825308084,-1.479726306,-1.668657272,-0.736054682,0.000299955,-1.668657272,-0.316630394,-1.05010788,0.547196125,-2.156754645,-0.897959775,-1.701553201,-1.039306183,0.116448813,-0.673148494,-0.757365753,-0.929629296,-0.959981421,-0.349415642,0.95804669,-0.129539371,-0.543004522,0.480510736,0.287056877,-0.191160506,-0.844202656,-0.036560255,-0.200526261,-1.667067025,-0.612858349,-0.164638822,-1.04072081,-0.301240237,-2.336141877,-1.272608597,0.359560776,-0.332958417,-1.67932404,-0.795401415,-0.939047719,0.299511824,-0.378920553,-1.835084594,-2.229334631,-2.360214206,-1.698815724,-2.117766656,-0.583037958,0.563437049,-0.265529268,-1.07031642,0.561670818,0.578689859,-0.929629296,0.482487876,-1.667596827,0.872965607,0.120623442,-1.445195469,-1.531551374,-0.666700011,-0.824623543,-0.83632495,0.923901695,-0.788777412,-1.423373369,0.984958217,-1.586209786,-0.903621329,1.280461512,1.228792238,0.813770623,0.959618385,-1.078515587,0.841739585,-1.821394274,-0.478197104,-1.836338513,0.385602479,-0.823483682,-0.259807536,0.229841073,-0.498403104,1.735400736,-1.640412717,-1.654435278,0.207664365,-1.286268047,-1.225196441,0.700817687,-1.523260216,-0.291288568,-0.027988037,-0.387134151,-0.554255182,-0.796509694,0.838804753,-0.25334506,1.617029027,-0.077205071,0.815497548,-0.800732391,0.204083049,0.172944395,-0.832639159,-0.664559724,-1.385095081,-0.53034829,0.489928798,1.179608388,-0.672364641,-1.478848343,0.081211255,0.072878645,-0.982163476,-1.023319305,-0.950364712,-1.092133323,-2.273026291,0.494147311,-0.655851396,0.068219239,-0.083272919,-1.48722028,-0.693947501,-2.149006005,-0.367302647,-1.013627965,-0.479326957,-0.914542261,0.514618422,-0.358963275,0.191033497,0.384718035,1.463995869,-1.028060633,-0.637334116,-1.322381035,0.152463543,-2.229334631,0.630420351,-1.628620732,0.481870439,-3.417326764,-1.770781063,0.238544348,0.808883679,-0.947781399,0.97418221,-1.387094681,-0.955291469,-0.900417383,-0.089487167,0.076034686,0.60475303,-0.749505914,0.316415291,-0.599474705,0.219055205,-0.440988664,0.382332944,0.541160824,-1.966112856,0.584837877,-0.283690051,-0.808558032,-0.057735051,-2.587604048,0.899266641,-0.529668712,-2.080241862,-0.371933625,1.370368211,1.015266911,-0.128856622,-0.111378588,-1.81954185,-0.437265421,-1.095716486,-0.066674133,1.384542828,-2.111964733,-1.690105816,-0.566867015,-0.640744502,-2.05650657,-0.094970238,-2.922481812,0.903083904,1.535360709,-0.995333939,0.316561032,0.551756412,1.44757759,0.120712075,0.798497696,-0.527971783,-0.602210186,-0.510325749,-0.444257913,-1.137249172,-0.536656384,-1.223835433,-0.378774493,0.377819807,-1.14538948,-0.304218041,-0.150590359,-1.245837008,-0.369904933,-1.77136878,-1.5711792,0.262364265,-0.636010989,0.700371026,-1.135068826,0.021565778,0.340464258,-0.068278841,-2.272055888,0.290727431,0.707395194,0.507419831,-0.075154674,0.531392665,0.702255573,0.897393295,-2.063568193,-1.951224244,1.169722916,-0.116646182,-0.434636485,-0.129767058,-1.400393286,-0.713145827,-0.846065287,-1.337885222,-0.421289659,-0.447225042,0.059588791,-1.065080806,0.953201086,-0.808782524,-1.301218189,-0.568631306,0.695943268,-1.833206659,0.04859967,-1.417578651,0.309468026,0.696242386,-0.992631965,-2.213658884,-1.243753674,1.379798307,-1.838851077,-0.871795492,-0.45082865,-0.443166975,0.484830664,-2.114447151,-0.515838166,1.700393169,1.028189824,0.525379205,-0.671777155,-0.66533748,-0.69174816,0.331387905,1.895067881,-1.969690678,1.036098383,-0.197597644,-0.64055473,0.203593692,-0.096731189,1.219885523,-0.230168166,-0.733552595,-0.618225254,-1.457146102,0.502349805,-1.635781888,-0.542144307,-0.015113638,0.469503504,-1.021373508,0.972444197,-2.478129666,-1.196666229,-2.354931573,-2.264326381,-0.878754128,-1.199648833,-0.979496808,-0.779576909,-0.070529766,-2.451085101,-0.140182031,0.13076507,-1.228607085,-1.54458694,-1.202973304,-0.352398387,-0.284753033,-0.765502843,1.576728753,-0.232815171,-0.759073331,-1.327648166,0.805269782,0.619016131,-1.189084192,-1.132893223,-0.830113036,-0.765287858,0.045068963,-0.350692872,-0.651429587,-0.189104509,-0.137195239,-1.474470052,-0.15082289,-0.568278199,-0.778922958,-0.056464537,0.066536524,-0.474493695,-0.337152468,-0.572523738,-1.095118399,-0.557742544,-1.47185225,-0.913793852,-1.099012369,-0.502692124,-0.538710827,-0.730226189,0.042676274,0.2268965,-0.517011383,1.29790021,-1.29974976,-1.372391456,-1.398771883,-0.419158435,-2.081844426,1.085628361,1.60162749,-0.264486515,-0.77283995,-0.495444522,-0.735428573,-1.195343478,-0.331982331,-0.434018916,-0.396158549,-1.167319487,-1.027501661,0.031401763,-0.883339632,-1.47840965,-0.759928214,0.5873977,1.326225835,0.449737144,0.15435066,-0.477552047,-0.623621118,-0.170195377,-2.008424054,-0.869168625,1.168604661,-0.895998029,-0.186811622,-0.353537015,-0.427097408,-0.244878044,-0.034487931,0.016758784,-0.14329317,0.457488136,1.523465995,-1.638351923,-0.200159715,-1.821394274,-0.68458395,-0.604587004,-1.898454208,-2.67800608,0.236494036,-0.93828075,0.338398951,-1.419644341,0.380420767,-0.03469497,0.588675159,-1.088562953,-1.689563957,-0.927857368,0.586062958,-1.105032857,-0.18248157,-1.204639693,-1.570217199,-0.162401289,-0.460766424,-2.035616062,-0.3074767,-1.602462299,0.107687805,-1.475344178,-0.390527236,-1.202640359,-0.110373058,-0.408569923,-0.080993159,-2.22192719,-2.001000115,0.053351176,-0.25812327,0.274520842,-0.235848924,-1.136314156,-0.160168752,-0.412791884,0.420682074,-0.415970093,-1.752154215,-1.083526651,-0.253989432,-2.620039324,-1.222476276,-1.966827397,0.089200646,-1.379120157,0.768440165,-1.387895643,-0.312248026,-0.351261054,1.537963393,-1.334461213,-0.699165253,-1.53991185,0.034208171,0.277025492,-2.295609479,-1.084413569,-0.782415648,-1.139434283,-1.402017322,0.062035391,-1.789162843,-1.741256487,-0.764858028,0.315905031,-0.444101992,0.212608249,-1.303056763,-1.324634981,-2.95651156,-0.172569265,-2.125276078,-0.29021862,-0.792083928,0.390960422,-0.541113025,-0.184644252,0.686122566,0.166192175,-2.089087919,-3.203987212,-0.862276144,-1.043556083,0.502228777,-2.116935746,0.124250962,-0.21815601,-1.29974976,1.084073782,-0.702591639,0.308146246,-0.863461118,-0.902634405,-1.678787991,0.021272135,-0.159347493,-1.279415,0.206282194,-0.403018105,-0.474815186,-1.975441952,-1.115351613,-1.431291727,-2.475748712,-2.060423536,-1.54458694,-0.908818717,-1.251413879,0.217769135,-1.227241431,1.101674263,-0.314026048,-0.647791479,1.281461484,-2.228405695,1.019785508,0.952468358,0.858364965,0.016463726,-0.043220703,-1.283737773,-1.484127722,-0.275885263,-0.37760678,0.055056206,-1.564942673,-1.48456893,0.026934001,-0.146529793,0.043442558,0.458120807,-1.370421012,-0.703197516,0.653990465,-0.681021001,-1.46967597,-2.26144315,-1.920729851,-2.337176538,-0.538368127,-0.497415937,-0.848865756,-1.937941979,-1.318261951,-2.837020582,0.841524081,0.096218858,-0.535972506,0.099845335,-1.828216006,-2.193730688,-0.827364523,-1.305267523,-0.609357655,0.715788911,0.536610323,-1.127938118,-0.114849842,-0.988055298,-1.592580795,-1.211669011,-0.554603371,0.403529904,-0.158878505,0.567016903,-1.651302117,-2.475748712,0.639007735,0.832387248,-1.363750397,-0.748659891,0.128129328,-0.171975265,-1.358679194,-1.353633579,0.39904454,0.27140024,1.667706821,1.404085162,-1.915283956,-0.539739634,-2.318714475,-1.814618763,-0.219774234,-1.327648166,0.120534802,-0.615260642,-1.273680217,-0.155368087,0.589285541,0.349247428,0.002796087,-1.265493661,-1.910543005,-0.437575162,-1.363750397,-0.447225042,-1.770781063,-0.579461416,-1.254214021,-0.016027761,0.544705175,-1.717580071,1.047038253,-1.011700917,-0.461242124,-1.467504417,-2.343407088,1.008578166,-1.145075163,-0.59293992,-1.54928399,-1.708705914,0.408194713,-1.25351325,-0.126470664,-0.281302466,-0.610645959,1.666819635,-1.146647738,0.071855437,-0.254634218,-0.962072925,0.005087039,0.424286862,-1.103524333,-2.795243413,0.035946127,-3.435788826,-1.494770838,-0.553037473,-1.048965349,1.056643804,0.466058357,-1.663894098,-1.500583508,0.099483279,-0.26487742,-0.136048845,-1.194022474,-1.212004976,-0.035627178,0.080657903,-1.62455155,-2.299589584,-1.15327969,-1.242020872,0.05694728,-0.789217649,-1.904480339,-0.783071888,-0.349557476,-0.106583485,0.880829344,1.809746724,0.233410664,-0.046148656,0.286606494,0.908097257,-0.719491156,-0.430321484,0.320633173,-0.643976137,-0.872991808,0.254797245,0.382742221,0.138021298,-1.34822816,-0.288615842,0.432042123,-1.748125432,-0.897223669,0.153664848,0.234123055,0.573969423,-0.195042121,-0.992362169,-2.281802554,-0.815314815,-1.180907531,-0.308156926,0.114577905,0.358932394,-1.710917081,1.454747087,-1.142877705,0.045833416,0.137498513,-0.920800887,1.093934699,1.729990443,0.233252286,-1.889151815,-0.351829559,0.709069741,0.379463306,-0.665921194,-0.469843642,0.136975455,-2.402405428,-2.291645153,-1.489878677,-0.398092354,0.756262815,-0.109480101,-3.132698129,-0.127038233,-3.032396258,-2.380546635,-1.798784084,0.002397125,-0.469523744,-0.73168013,0.315540401,-0.2269006,0.182571526,0.131817425,0.333109446,-0.202483449,-1.612944052,-0.969691509,-1.142564176,-1.553530281,-1.125777957,-2.338212271,0.051643233,0.011434378,-1.343234872,-1.798180037,-1.443076375,-0.869407146,-0.410075721,-0.672168774,0.181654668,0.527505734,0.566279252,-0.228407381,-1.009228728,-0.371933625,0.42963726,-0.461083532,1.625114392,-1.065951506,-1.046399417,-0.204812595,-1.038458366,0.846726269,1.111528514,0.311667118,0.090845683,1.007410325,-1.732736129,1.445506221,1.767825319,1.058727355,0.010049336,0.072692685,0.262056525,-0.617483277,-1.913249367,-1.721487416,0.048980622,-2.00619108,-1.25772526,0.047455941,-1.452861605,-2.186581417,-0.717234976,-0.538710827,-1.673443242,-0.752260445,-2.074653025,-1.28916765,-1.71981097,0.762440007,-0.690151672,-0.777616337,-1.254915283,1.527815625,0.938873804,1.608797708,0.021859334,-0.360396145,-0.549739717,0.899917418,-0.451456692,-0.155251285,-0.061769026,1.25350555,-1.738408294,-2.394700382,-0.983232138,-1.022484928,-0.781541331,0.025667747,0.139240067,0.605953969,-0.526108481,-1.290984181,-1.695540612,0.677373426,-0.01136433,0.851218735,-0.381114017,-0.777616337,-0.587706668,1.144509383,0.590006422,0.398574757,-1.07939807,-0.787238104,-2.087473713,-1.293897512,1.517826882,-0.463147188,-0.627921396,-1.237184939,0.275584187,0.413168693,-1.041003976,1.284842862,0.51246428,-0.85943792,-1.340556469,0.853563902,-1.38230234,0.032176732,1.825758238,0.291624292,0.834473117,0.683803666,0.626152312,-0.279449388,-1.366099654,0.280581926,0.142193766,0.93562266,-2.043302495,1.366295715,0.468815424,-1.601965898,-2.347582459,-0.785701162,-1.678252228,0.025472796,-0.939559359,-0.4272507,-1.268333564,-0.833099141,-1.108056748,-0.397943467,0.319979839,-1.329914028,-0.697155202,0.976745928,0.582103882,1.084445749,0.75160475,-0.05794696,1.456939201,0.955203705,-0.28568407,0.10490041,-0.86654864,-0.243856593,0.354452476,-0.288749308,0.518972349,-0.43912531,-0.634312395,-0.676683455,0.276115436,1.031474838,0.172692008,-0.957633695,-1.614953093,-2.078641862,-0.547489608,-0.712533894,-1.231686643,-0.005615739,-1.156771203,-0.355960913,-1.310074335,0.865292131,-0.992092445,0.16509062,-0.793630719,1.594283665,0.800834986,-1.744112816,-0.049715592,0.668188283,0.820088154,-2.078641862,-0.6806259,0.340677667,-2.445301395,-1.976163192,-1.123314901,-1.042421009,-0.622688717,-1.15518264,-0.486295626,-0.62942149,-0.429860265,-1.394326533,-0.693147181,-1.980501594,-1.413460029,0.561670818,-1.030299649,-1.621510494,-2.011409131,-1.811554097,-1.969690678,-1.407313728,-1.798784084,-0.479488469,-1.226900309,-0.353679435,-0.229413164,0.804912144,-1.988504547,0.21985816,-0.891110433,-0.468884256,-1.437587656,-1.472288074,-1.498343865,-1.535722875,-1.284460055,0.143060843,-0.60477007,-2.184802057,-2.043302495,0.592331875,-2.345492594,-1.086782537,-1.47797115,-1.90851803,-3.162968193,-2.877060744,-2.538307427,-0.523910863,-1.313043899,-1.472288074,-2.265289308,-2.36765709,-2.825145973,-1.455001559,-2.416874239,-2.061208773,-0.231301739,0.013705647,-2.047942875,0.502894253,0.011829752,0.017938145,-0.593663902,-1.235807528,-0.296924654,-2.803460386,0.157174674,-0.267226064,1.032686139,-0.601479992,-1.825729989,-0.175306222,-0.618967782,-0.802515718,1.609677884,-0.325314714,1.305030074,-0.85943792,-0.26644257,-1.696631124,0.968997028,-0.009646377,-0.840256046,1.074148817,-2.632479014,-1.766676689,-0.786798737,-2.135377174,-1.241674672,1.21568396,1.646618084,-1.510950966,1.049176916,0.55910137,-2.266253164,0.223223548,-0.933691247,-3.051244984,-0.894040123,-0.300834859,-0.623621118,-3.015934981,-0.522729528,0.057985849,-0.97127504,-1.271894821,-1.546932707,-0.462988294,-1.296088093,-0.40137349,-0.328642966,-0.075154674,-2.694147296,0.45444573,-0.703803761,-1.146018411,-0.477552047,-0.876829663,-1.529702944,-0.783728559,-1.480165577,0.904177664,0.319471395,-0.213316991,-1.503727458,-1.657578288,-2.058854908,0.588008862,-0.251157298,1.732097925,-1.248273063,-0.478519789,-0.669625986,-2.174191878,-2.068303797,1.548391952,-0.926846246,-2.820099705,-0.272071225,-1.494770838,-2.062781101,-1.684700397,-1.071191693,-0.887946259,-0.887946259,0.585506289,0.147039743,-1.550697417,0.44404459,-0.879235824,-1.995100393,-1.747551215,0.861750065,0.830645694,-0.146066776,-1.900458886,-0.778487228,-3.246761028,-1.021095846,-1.350155315,0.31619664,-0.475619368,-3.490028595,-0.809905741,0.915090011,-1.033386504,-0.511492513,0.895924746,-0.293566016,-1.299382989,-1.912572089,0.721540255,0.632547558,-2.186581417,-0.646454453,-0.91030866,-1.017216651,-0.111825815,-1.202973304,-0.565105831,1.053161542,0.825227521,-1.123314901,0.039316862,-1.54458694,-0.80609194,-0.150241663,-0.970219074,0.587786665,-0.145257013,-0.445974651,-3.411247718,1.027080483,-0.525093596,-0.506667614,0.700916918,0.390080706,0.169742775,0.00608147,-1.538979449,-0.298945265,0.311886761,-1.6321949,1.353822821,-1.537117251,-1.543182117,1.782079435,-1.286268047,-0.32379296,-0.327809864,0.131729771,-2.05650657,-0.742127363,0.470565971,-0.260066905,-1.295357366,1.649734969,-0.040509543,-1.015558734,-0.638090975,-1.578908707,-1.433805344,-0.688557728,-1.221797389,-2.442997247,-2.409057338,-0.549739717,-1.616966179,-0.699165253,-0.170195377,-1.166034965,-1.137873003,-1.184823986,-2.521985658,-0.690949597,-0.773923491,0.446351101,-0.550259693,-0.69615169,-0.816671667,-1.063052113,1.343960808,-1.441807071,-0.723194102,-1.354795694,-0.990206415,1.183565995,-0.89452924,0.169827159,1.009744644,-0.197110374,-0.646645347,-1.423788566,0.564461173,-0.003205131,-0.662424008,1.044437654,-1.060449828,-0.01501212,-0.637901706,-1.800598418,0.157772684,0.1780625,-1.129174594,-0.752897185,0.984472608,-0.524924548,-0.342772039,0.750188921,0.98155399,-2.513306124,0.917090412,0.486799289,-1.083526651,0.623100182,-1.004575647,0.333611004,-0.110261394,-1.168605661,-1.057566319,-0.298675614,1.036275786,0.204572166,-1.931021537,-1.615959129,-1.395940738,0.967287982,-1.044124103,-0.903621329,-0.108476476,0.167377109,-0.619525041,-1.514582381,-3.191747158,-1.804236991,0.062974799,-1.437166692,-1.719252778,-0.643785751,-0.305710275,-1.425451076,0.283749349,-0.155718575,-1.140685065,-0.973125669,-1.188755839,-0.064325211,-1.393520406,-0.291422392,-0.570221834,-0.363124268,-0.02081514,-1.379914754,-0.811930717,-0.967847219,-1.966112856,0.147730112,-1.359457707,-1.056990614,-0.621198681,-1.198653643,0.293117275,-1.949817774,-1.432128898,-0.365859854,-1.113218441,-1.139121832,-1.686318957,-1.913249367,0.021370026,-1.56589961,-0.549393217,-0.824623543,-1.475781528,-0.541284831,-0.578569276,-1.077046511,-0.625301634,1.173132081,-1.11871296,-2.051048467,-1.974001029,-1.282655326,-1.476219069,-1.503277717,-1.469241282,-1.039588948,-1.357901287,-2.90589157,-2.18036746,-3.853754097,-1.163470861,-1.172797187,-1.766091723,-1.077340153,0.060059756,-1.082640519,-2.617295838,-1.796370082,0.592221262,-1.292075686,-0.888432404,0.325050109,-1.037611267,-0.063685552,-1.044408235,-1.274395269,-0.726910811,-0.361831071,-1.509140191,-0.574298047,-2.029509173,-0.139721943,-0.261494643,-0.154200681,0.36109516,-2.948848688,-1.247576442,-1.458435039,-3.160606917,-1.386694441,-2.460409178,-0.250386288,-1.191056579,0.020194707,-2.024953356,-0.308565283,-2.384880336,-1.704848097,-2.328929068,-2.587604048,-1.491210531,-2.230264431,-0.206655234,0.355714483,-1.481044698,-1.393520406,-0.852846559,-0.055301316,-1.998045904,-0.342349474,-1.960414835,-0.216043814,-1.779633289,-3.467337184,-3.11226609,-1.770193691,-1.322381035,-1.081755172,-1.60743991,-1.940027486,0.62738124,-1.175385348,0.137237018,-2.852498106,-0.930136139,-0.967057849,-1.036201029,-0.821890057,-1.180907531,-0.865360003,-1.170215708,-0.494296322,-0.08762975,-0.89037935,-0.138113302,-0.927351679,-2.451085101,-2.788718104,-0.297867098,-1.070608092,-1.635268673,-0.782853094,-2.847312268,-0.896978421,-1.689563957,0.281412459,-1.226559303,-1.618983325,-0.691548459,-1.746977327,0.241847536,-2.438404816,-0.683989243,-1.735001135,-0.540597782,-0.467287322,-1.553057579,-0.184644252,-1.389499492,-1.827593922,-1.555897146,-1.052683357,-0.159699379,-0.863935502,-1.328025453,0.800520669,-0.475136781,-0.396901877,0.169151883,-1.62049886,-3.275446176,-0.363843433,-2.391416307,-1.172151192,-0.189346172,1.284815192,-1.098112414,-3.07045582,-0.942378067,-0.308565283,-1.407313728,-2.224698554,-1.425035189,-1.125469743,-1.418817553,-1.811554097,-0.719080563,-0.953473523,-0.889162065,0.757248106,-0.226775138,-0.737308076,-1.218409852,0.261132737,-0.153500891,-1.633218441,-0.040093094,-0.288882793,-1.086782537,-1.971843531,-2.188363949,-2.144727008,-1.554003206,-0.512994641,-1.003483944,-2.530741186,-1.48943512,-1.905824426,-2.53577898,-0.57963994,-1.212004976,-1.241674672,-0.432322562,-0.730226189,-1.579393791,-1.144760945,-1.898454208,-3.249335032,-1.854699269,0.189379921,-2.034850658,-2.63108916,-0.613781625,0.46693643,0.367763241,-0.25489225,-1.733867991,-1.206643033,0.087278008,-0.200159715,-1.316395234,0.944839315,-0.467606505,-0.108030744,-0.722575991,-0.75098818,-0.032833157,-2.515778314,-0.203586052,-0.192129498,-1.67932404,-1.445195469,-0.747814582,-0.215547475,-1.684161459,-1.190727578,0.120446153,-0.697155202,-2.529485693,-0.866073016,-1.567336736,-2.351775337,-0.290619716,-1.920729851,-3.134994341,-0.503684516,-0.299754654,0.391433795,1.38017568,-0.03894875,-1.293897512,-2.742641646,-1.262308381,-2.064355904,-0.718259881,-0.877310432,-0.492821999,0.008166563,-0.685972977,-1.817692851,-1.415105443,-2.578338595,-1.903808973,0.624118594,0.698035215,-1.335981547,0.26918709,-1.0336676,1.069663967,-0.966269102,-2.772588722,1.209139434,-2.025711219,-0.687165109,-1.958995389,-1.240636789,-1.407722309,-2.80016549,-0.019794627,-1.623536837,0.026057534,-0.106027405,-0.325314714,-1.366099654,0.126632651,0.793218734,-1.949817774,-0.767009029,-0.838866835,-1.318261951,-1.602462299,0.055623904,-1.54975491,-0.525600909,-1.572623939,0.500654068,-1.506430162,0.133831348,-3.420380201,-0.614336,0.275660097,-1.910543005,-0.708057793,-1.528318861,-0.881889305,-1.964685304,-1.757358043,-0.906587956,-0.693947501,-1.974001029,-1.153913605,0.437803216,-1.471416615,-2.08586211,-1.582309245,-0.582679728,-2.926206211,"NB"
"56",-1.940027486,-2.877060744,0.071296882,-2.121931593,-0.932674211,0.849979975,1.203992804,0.090480353,0.818942477,0.629195154,1.540430755,0.321141026,1.580318014,-0.254505228,-0.006319929,-1.231001477,-0.54818141,1.333078167,-0.474172306,0.679453853,0.338969117,1.625232518,-0.53580161,1.554876124,1.586312571,1.662542565,0.058268908,0.931218752,-1.037611267,-0.192129498,-0.782634347,-0.368169323,-2.213658884,1.049527081,0.701363335,0.527623742,0.362348817,-1.663894098,-0.176140698,-1.197990733,-0.395861372,1.181236277,-1.835084594,-0.149196306,-0.861329174,0.836208023,1.386369358,0.907693885,1.576852735,-2.307597635,1.561843034,-0.698964066,0.49054128,-1.274395269,1.595886505,1.206868607,1.331996558,-1.623029866,1.314986312,1.690796677,1.590214317,1.7070908,-0.11272087,0.463985557,0.735679711,-1.445619827,-1.56398665,-0.678652734,-0.13547614,-2.224698554,-0.304624793,-0.481105022,-2.081844426,0.886078916,-2.288682188,1.288709095,-0.259159406,-1.825729989,-1.885850393,-1.094520671,-0.135247149,-1.396344697,1.585063249,-0.710089901,0.822946618,-1.929643177,0.259359755,-1.745830537,-2.060423536,-1.935860813,-0.701986129,-1.028340236,-2.704556312,1.530589491,-2.192834229,-1.24897017,-0.771757581,-2.173312757,-0.135934277,-2.080241862,0.61453678,0.277858984,-1.09422194,-0.554429261,-0.64055473,-1.218071729,-2.12611395,-2.22192719,-1.160274949,-2.121931593,-1.576003136,-0.043534002,-1.216045386,-1.37436579,-2.493745598,-2.590267165,-3.026191481,0.201061528,-2.47693848,-0.17697587,-0.657394011,-1.016387348,-0.224144052,1.12310976,-0.594388409,-1.093923299,-1.760842367,-0.489227224,-2.041760475,-0.017756722,-0.818256992,-2.452245868,0.1857324,-1.49744941,-1.439695138,-0.555997342,-1.422543494,-0.200526261,-2.284745175,0.249980205,-1.304161532,-2.415753791,-2.565249402,0.998939272,-1.472724089,-1.3919101,-2.548485631,1.733247198,-0.378628454,-1.983404353,1.154992622,-0.471444667,-1.816462082,-1.795165262,-1.210661792,-1.805452796,-2.401301066,-0.069671673,0.228170893,-1.424203934,1.018955618,-0.544382407,-1.137561039,-1.216045386,1.177639096,1.297162556,-1.055265484,-0.738563044,-2.20909475,0.064944689,-1.072359918,-0.49446027,-1.099012369,-2.07784282,-0.162989628,0.89543475,-1.917322692,1.008869913,0.301437038,1.072507847,0.207420591,-1.951928221,1.295959285,-1.814618763,-1.427533109,-1.42129997,-2.124438908,-0.081969563,1.062881479,-1.186132886,-2.439550948,-2.194627951,-2.679462744,0.513721427,-1.197328262,-0.514164525,-2.528231775,-1.341703478,-1.134757735,-2.354931573,-2.101278236,1.737620023,-2.267217949,-2.371935171,0.746972267,0.473061449,0.477351567,-0.747603366,-0.570575628,-2.116935746,-0.572701027,-0.556695057,-1.194022473,1.4162657,1.417574981,-1.801203928,-2.465104022,1.322582165,-2.409057338,-2.330984568,-0.975775379,-0.020100672,-0.425259735,-2.42249539,-0.893551245,-0.345028739,-0.908818717,-0.329754849,-1.330670457,-1.97833004,-2.292634762,0.212689093,-2.523231764,-1.599487582,-2.034850658,-2.185691342,-2.190149664,-0.733760863,-0.906092907,-0.798507696,1.54681755,-0.686370196,-1.466203744,-2.295609479,0.286681572,-1.096614286,-1.886509806,-1.95828642,-0.491186409,0.256346192,-1.831332244,1.685379916,-1.273680217,0.452157836,-1.610939039,-1.843263312,-2.249992643,-2.365524893,-2.561355822,-0.34757363,0.130852808,0.305939389,0.064850972,-1.86885652,-1.16667702,-1.191714907,-0.273516217,-1.777265023,-2.467459736,-0.089487167,-2.051826375,1.580215054,-0.277599737,-2.447610865,-2.36765709,0.957701353,-1.712024501,0.068686158,-0.465374361,-2.181252808,-1.755620423,-2.058854908,-1.239599982,-2.366590423,1.154677513,-1.463607464,1.251733868,-0.973390324,0.317289417,-2.307597635,1.018269536,1.798519899,0.474804586,1.24798012,-1.814005078,1.162087745,0.971233359,1.410084127,-2.404617819,-2.171556831,0.969793583,1.683895823,-2.191043718,-0.157941188,-0.852611955,-0.818937187,-2.062781101,0.930903444,-1.411817318,-2.012905018,-2.272055888,-0.541113025,-1.195343478,-0.841183259,-1.12639467,1.056191795,1.051415854,0.873967611,-0.220272676,-0.065819341,-0.35638927,-2.706052198,-2.427015171,-2.254747764,0.25595918,-1.344768614,-0.930389656,-1.755041886,0.501623413,1.609617896,1.195557495,-0.356532097,-2.402405428,0.70547093,0.421863254,-0.264356247,-0.271808723,-2.510840032,-0.910060182,-0.484833043,0.30498157,0.602127782,0.33153148,-1.662311402,0.346634709,0.794981486,1.783055029,-0.521718065,-0.241944181,-1.47840965,-0.289951312,-2.791975436,0.762579955,-2.3330443,1.265086718,-0.581963652,-1.984131362,-1.934475771,-2.636660205,1.405974432,0.480510736,-1.00731013,-1.899121988,1.581100164,-1.601965898,-0.240925721,-1.847060785,-1.435904862,-0.541456667,-1.367276355,-1.301953213,-0.697155202,-0.487434671,-0.818710404,-1.914605299,-1.744112816,-0.950623411,-1.767847649,-0.72815279,-2.323808729,-2.75986995,-2.898605563,-0.187776407,0.199997742,-2.337176538,-0.858021824,-0.317454231,-1.177006356,0.012620031,-2.737994077,-0.654311157,-0.52661631,-1.386294361,-0.264356247,-2.490120217,-0.592035679,-1.079103822,-1.535722875,-2.645075402,-0.115298624,-1.471416615,0.631537699,-2.474560358,-1.372786011,0.624814805,0.883478242,-0.86441011,-1.452861605,-1.770193691,-1.371208724,-2.069887329,-2.633870803,-1.227924025,-0.760997847,-1.522801606,-1.947010754,-2.38705425,-1.362577835,-0.657008134,0.549450005,-0.233572747,0.303801454,0.660727289,-0.428017513,-0.446912298,-0.94160854,-1.756199294,-2.514541455,-1.434644622,-0.772190388,-1.304898723,-0.17697587,-2.643667942,-1.409358301,-1.914605299,-1.698815724,-1.454145028,-0.598928505,0.20073433,-0.852611955,-0.810130536,-2.638057829,-2.45457145,-0.306796936,-1.998045903,-0.604220971,-0.345169952,1.164493658,-1.889151815,0.100749903,-0.363268059,-2.167180456,-1.451152933,-2.843869924,-0.629233855,-2.02798826,-0.717644812,0.89072674,0.543950874,1.416120118,0.445262578,1.46327855,-1.944211592,0.733232904,-0.264225996,-0.905103542,-1.000487891,1.566384263,1.308008443,1.26514316,-0.785262469,-1.050965635,0.702305118,-0.269580237,0.448779993,-0.029840842,-2.479322271,0.134618302,-0.585369588,-0.766793721,0.627434637,0.054772236,-1.438430116,-0.907330991,-0.540426094,-0.756939314,-0.3878708,0.081395638,-0.2269006,-0.308837615,0.427161366,-1.509592577,0.509224342,-2.554900022,-1.64092858,-1.138497222,-1.289530693,-1.04867992,0.57874592,-1.914605299,0.053351175,-0.973919845,-2.3892329,-1.431291727,-2.249044326,-2.446455463,0.757248106,-2.525728644,-2.141316945,-0.160990686,-1.612944052,-1.290620611,-0.038117322,-0.386250889,-0.330311255,-0.664171072,-0.122167634,-1.392714929,-0.071388596,0.540695057,-2.1680542,-2.024196067,-0.947781399,-2.029509173,-1.825729989,-1.588165777,-0.514499029,0.768903793,-2.24243117,-0.019386714,-2.121931593,-1.497896538,-1.769606665,0.104540179,-2.320749064,1.561612283,-1.036764885,1.695175145,1.29885562,1.316300989,1.768422604,-1.702650294,-1.729348209,-1.629130546,-0.817803785,-1.266202881,0.963784818,-1.964685304,0.103188158,-1.520511703,1.193437502,0.491459301,-2.142168372,-1.459725639,0.059306106,-2.229334631,-2.383795148,-2.452245868,-0.478358434,-2.806766174,-1.261248872,-0.367591456,1.165055245,-0.6361999,-2.642262461,-2.571772583,-2.126952524,-1.504627548,-1.416341282,-0.625862434,0.984734119,1.303591869,0.216078654,0.703592438,-1.77136878,-1.903808973,-0.609725572,-0.432784919,-2.758291418,-1.850872734,0.715544478,-0.899679466,-0.998585975,1.414444405,0.101472969,-0.584651584,-2.366590423,0.684661277,0.861581082,-1.997308712,-1.060738636,-2.129472475,0.956510945,-0.567395975,-0.020202707,0.54950773,0.047932654,-2.479322271,-0.648747593,-1.552112846,-1.825109449,-0.598018835,-2.510840032,0.052402679,-0.915790857,0.885377813,-1.73556819,-2.734907655,-0.386250889,-0.525600909,-0.802738857,-2.884190899,-0.50120538,0.602620541,0.293042679,-1.643511893,1.563708061,-2.142168372,0.883726217,0.316342413,-2.75986995,-0.397496938,-1.065951506,-2.570464538,-1.320132159,-2.273997636,-1.433805344,-1.589635285,-0.147456469,-0.499226488,0.500290322,-0.913544506,-1.787966671,-0.211709174,-2.330984568,-0.045311223,-0.632804952,-0.407517212,-0.807212137,-0.4272507,-1.585233224,-1.861752841,-0.866786537,0.78745686,-1.311929279,-1.133514341,1.076059884,-2.057288737,0.958928677,-0.868215109,-0.453185844,-0.968110481,-1.661257661,-1.3108159,-1.172474137,-2.363397232,-1.117489344,-0.362261951,-1.077046511,-1.095716486,-1.214359897,0.338969117,-1.344768614,-0.85566611,-0.877070019,-1.921412677,-1.014730805,-1.108662625,1.317238988,-1.003483944,-2.151582219,-2.266253164,-1.302688777,-0.496429743,-2.197324582,-1.409767717,-1.806061254,-1.131652143,-0.707246105,-1.237184939,-0.973655049,-1.941420244,-0.967057849,-1.373970611,-0.512994641,-0.471444667,-1.946310229,-2.565249402,1.009598909,-2.432693778,-1.875358493,-0.644166558,-2.024196067,-2.105374924,-2.402405428,-1.352472813,-0.98564081,-2.295609479,-1.925519459,-2.031794888,-0.295983097,0.578297339,-0.07709705,-1.670781543,-1.894456867,-0.977368581,-3.087847562,-0.797619202,-1.855338451,-1.368454443,-1.887169654,-0.894284652,-1.215033752,-2.929944533,-3.438899249,0.201960772,-1.876011022,-0.374838915,-1.605445891,1.131982588,-0.13547614,-0.299484785,-2.598299337,0.453493077,-0.225396086,-2.871746294,1.17788547,-0.727324632,-1.116878097,-2.279845606,-2.123602437,-2.401301066,-0.705827234,-0.484021421,1.501585405,-0.205180851,-1.618478657,-0.461242124,1.112515194,-1.296453657,-1.770193691,-2.291645153,-0.600932697,-0.636766847,-0.18224156,0.021076326,-0.612858349,-0.024292693,-2.3227878,-0.153151179,-0.906835573,-0.176259965,-2.439550948,-0.11171399,-2.238671767,-1.515947569,-1.695540611,1.186043022,-2.307597635,0.044016885,-0.206286434,-0.053400777,-1.517770724,-1.356347285,-1.904480339,-1.391105918,-2.124438908,-1.486335715,-1.717580071,0.739267116,-1.103524333,-0.249487527,-2.53577898,0.131203686,-1.281934346,-0.395712817,-0.551821244,-1.083526651,-1.627601883,-0.513830133,-0.174710594,-2.38705425,-1.368454443,-0.221644675,-2.24620476,-2.775793853,-0.29289564,-2.3892329,-1.605944023,-0.810355381,-0.083164241,-1.863040671,0.040757992,-0.436491487,-1.09422194,-1.457575563,-0.851674089,-1.093624747,-2.785471348,-1.161871628,1.019713371,-0.351829559,-0.641314032,-0.385368406,-1.824489294,-1.609938037,-0.76593295,-1.68848112,0.425790475,-1.681471115,0.876842793,-1.407313728,-0.58590843,-0.818483672,-2.27789248,0.09921165,-0.124769887,-1.098712294,-2.697110261,-1.315276874,-0.556695057,0.082317042,-0.672756491,-0.567395975,-0.46808547,-1.276185138,-1.744112816,-1.03817592,-2.414634597,0.082409136,-1.929643177,-0.037286585,-1.835084594,-0.508162506,-0.212945726,1.496784199,-1.406088988,0.402193094,0.842945546,-1.282655326,-0.765502843,1.413982483,0.272314595,0.48618451,-0.763998922,0.343873352,-1.989966535,-2.350725468,-0.930643238,-2.801811581,-2.61319467,-0.995333939,-2.094758246,0.175380859,1.716317274,-1.818925137,0.014691549,-1.480165577,0.405931666,0.326638328,-2.582298996,0.040757992,-0.111825815,0.414556985,-0.63111179,1.227884624,-2.884190899,-0.528819887,1.377732815,0.175884215,-0.42556578,1.479989601,1.171087977,0.814789427,0.954010319,-2.225624052,-0.177214619,-1.727095956,-2.512072318,-2.820099705,0.261902619,-0.590229647,0.359979478,-0.027371197,-1.339410775,1.672356372,-0.694147681,-2.299589584,0.798542696,-1.312300681,-1.810942289,0.447118757,-1.317141502,0.261902619,-0.174710594,-0.728567126,-0.697356025,-0.406765954,0.86141207,-0.800509699,0.760198168,-0.083599024,-0.14989309,-2.051826375,-2.838728525,0.091940874,-1.399176987,-1.134135845,-2.48410697,-1.176357637,0.710937982,0.814612318,-1.63475572,-0.621384814,0.425529139,0.492131981,-2.694147296,-2.054163734,-2.725705136,-2.143020523,-2.080241862,0.983425879,-1.246184653,0.514737961,1.086843305,-0.285417971,-0.084686808,-2.36765709,-0.567748771,-1.323507373,-2.304587096,-1.209990877,-2.617295838,-0.41143288,0.003593536,-0.767655233,1.534024473,-1.203972804,-1.320132159,-1.345920467,-1.905152157,-1.492544161,1.174616082,-1.505077897,0.020880478,-2.602339747,-1.789162843,1.061602463,0.620038709,0.047360571,-0.360969868,-1.295722663,-0.444413858,-1.131342113,0.463671121,-0.204444474,0.801149204,-0.84304027,-0.339536928,-1.713133149,-0.00471108,0.007868958,0.728031582,0.145484667,-2.122766666,-0.637901706,0.041909403,-1.254214021,-0.809456303,-0.29732845,0.195073241,-1.951224244,-2.338212271,-0.358963274,-0.368024825,-0.757579041,0.415547443,1.062846932,0.438061364,-1.448595387,-1.057854296,0.404931633,-0.212450922,-1.231001477,-1.165072655,-0.668844888,-0.363843433,-0.337713006,-2.364460497,-1.557319958,0.965842511,0.533916955,-0.278920567,0.043346805,-0.463147188,1.438673316,-0.286083351,1.241355291,-1.666008264,-0.58590843,-0.597655199,-0.925836145,-2.524479425,-1.125777957,-2.07784282,-1.267267655,-0.025215249,-0.527632742,-1.817692851,0.295352579,-1.678787991,-0.46203546,-1.648178741,0.228568808,1.030369136,-0.723194102,1.123077233,-0.766148073,0.680264555,0.162883863,0.176471143,-2.000260744,0.217769135,1.282266291,0.464174171,0.056474847,-0.016535969,-0.057523186,-0.168063685,-2.469821012,-0.096180558,0.716863707,-0.920298753,-1.077927697,-0.560190953,-0.240925721,-1.184497028,-0.414758155,0.347906614,-0.034902052,0.035367144,1.476934563,-0.674325426,1.438602141,0.089566443,-1.012251123,-0.73417753,1.080651963,-1.427950036,0.405931666,-1.949817774,1.0008892,1.164056649,-1.10262031,-1.943513024,-1.510497965,1.07708217,-1.773723107,-0.697958738,-1.316768298,-0.026960182,0.171007797,-1.914605299,-0.592397277,1.739219784,-1.209655587,1.189092642,-0.008334637,-2.046393688,0.297285809,0.638057214,1.558586626,-1.771956842,0.002397125,0.98252781,-1.187115687,0.565938614,-1.539445541,0.277025492,-0.157238776,-2.240549702,-1.597015392,-1.182211313,-0.318828801,-2.040220829,-1.136625731,0.265436464,-0.403467105,-0.803408575,1.512860931,-0.406765954,-2.252843001,1.530676051,-0.801177925,-0.864884944,0.27626717,0.508081863,-0.776311422,0.460899815,-1.290257173,0.206444902,0.312033163,-1.825109449,-1.8426318,-2.123602437,-0.131932671,-1.27833722,-2.449925681,1.485347527,-1.938636665,-1.346689107,-2.067512971,1.210213292,1.227181389,-1.21874809,1.504188502,-1.317514846,0.800520669,-1.054691102,-2.074653025,-0.120474153,-0.107028573,0.017545179,-2.513306124,-1.452006904,0.107867371,-0.588066704,-1.525556428,0.055434707,0.437996833,-0.084686808,-1.356347285,0.036042591,-0.517682411,0.250758718,-0.663782572,-2.368724895,-1.203972804,-0.865597618,-1.703199292,0.237677421,-0.213812224,-0.473529839,0.333539369,-0.648938926,-0.33785319,-1.32425897,-0.586447562,-1.694995801,1.571008886,0.337757125,0.240826286,-0.807212137,-0.229035877,-0.586088108,-1.187443502,-1.149169012,1.041583278,-2.338212271,-2.393604491,-1.325387426,0.039893564,-0.871556401,-1.889151815,-0.506335718,0.697139202,1.463486857,0.973917925,1.104130369,-2.165435255,-0.711107506,0.092123289,-2.474560358,-0.157941188,-1.063341675,-1.182537524,0.75367768,-1.33142746,-0.128629143,0.080196542,-0.220646671,0.907411427,0.990655814,0.445070363,1.56167522,-1.984858899,-0.288215548,-2.704556312,-1.74869998,0.099302201,-2.05494407,-2.138767008,0.576557183,-2.540842282,-2.66068963,-2.358097803,0.39386475,-0.679244275,0.340962142,-1.679860377,-2.374081095,-1.061027528,-0.13079229,-1.336361992,-1.308963018,-0.825993094,-2.039451893,-1.933092645,-0.245005798,-2.517016704,-0.230671818,-0.74675895,1.333631709,-0.253602759,-0.683592968,-0.581426931,-0.349557476,0.181654668,0.594320826,-1.937247776,-0.858257701,0.55795727,0.077146209,0.882609846,-2.428148316,-2.538307427,-2.308603165,-1.027781108,0.476979243,-0.876589365,-1.54928399,-0.893795654,-0.13090627,-2.121097217,-2.013653801,-2.084253099,-1.877971166,-2.05494407,0.054393484,-1.470545914,-0.30598183,-0.066353501,0.809684997,-2.047942875,-1.381107834,-2.653562016,-0.758219177,-0.256441837,-2.100460909,-1.971843531,-1.866914143,0.633715597,-0.871795492,-1.815232825,-1.843895224,-1.236151703,0.091575943,0.841437867,-0.969164221,0.05845757,-0.072355662,-0.752472647,-1.95828642,-0.739191119,-1.378326191,-1.123622452,-0.598018835,-0.293968457,-1.779040697,-0.146877196,1.042253555,0.921835332,0.121332285,-1.745830537,-0.525093596,0.40292856,0.843590998,-1.872752628,0.737594595,1.283541554,-1.38309947,0.689741387,1.175635056,0.407662692,-2.215490386,-1.207311706,-0.839098236,-0.591674212,0.625457032,-1.027222293,-0.796066235,-0.623434568,0.056380333,-0.981095955,1.167111705,-0.484833043,-2.049494465,-2.463928243,-1.576970722,0.992473693,-1.94911528,-0.577677931,-1.813391769,-0.384339826,-1.736135565,-0.550433078,-2.783851915,-1.646620704,-0.076017486,-0.182601596,0.028198654,0.262748806,0.306969861,-1.09302791,-2.3330443,-0.891842051,-0.362980497,1.026758185,-2.290656522,-0.718054816,-0.697958738,-0.83171983,-0.379797361,-0.088284915,-1.264076728,-1.538979449,-0.036871475,-1.238564249,-2.155890714,-1.906497147,-0.612120342,-1.847695102,-0.232688964,-0.676880208,-0.176737179,-1.951224244,-0.759500681,-2.116105526,0.865628817,-0.101700555,-0.47997316,0.283899929,-1.62455155,-2.149864006,-0.718670138,-2.278868566,-2.169803982,-0.514666323,0.870539944,-1.927579192,0.458057558,-0.777181176,-1.388697246,-1.51367329,-0.518018094,-1.11932533,0.019802627,1.197340862,-0.506999619,-1.900458886,-0.264225996,0.299437703,-1.794563397,-0.57874764,-0.593482857,-0.427710717,-1.712024501,-0.141333176,0.091393428,-0.48191428,1.510037379,1.27909883,-2.03408584,-0.270759405,0.337614441,-0.800732391,-1.346689107,-0.839329691,0.27528049,-0.042907501,-0.998314567,0.726775362,0.426051742,-0.529668712,-0.155718575,-0.14329317,-0.107807953,-0.750140902,-2.336141877,-0.076449172,-0.694748462,-1.217058044,-2.08505728,0.296617037,0.515813165,-1.863685209,0.979453307,-0.551821244,0.297805656,-0.294908118,-1.771956842,0.443659654,0.017741681,0.103188158,-0.746547957,-0.51266064,-0.748448496,-1.300483705,-1.011151013,-1.570698084,-1.348998576,0.482364419,-1.480165577,-0.262274269,-1.288441961,-2.363397232,0.270179797,0.59663628,-0.738772359,-1.4867779,0.379258016,-0.478519789,-2.257611727,0.592165951,-0.699567748,0.376310891,-2.135377174,-1.669187917,-1.307483181,-0.947265536,-0.361687486,-0.928110309,-0.819617845,-1.90851803,0.332751036,0.262133469,-1.417991448,-1.836966062,0.044686518,-1.031701583,0.169827159,-1.440961762,0.114667075,0.439286657,-0.840024376,-1.191385689,0.959503466,1.297463147,-0.247692424,-0.748448496,-0.500215445,0.141846724,0.074736346,-0.287415441,-0.793188535,-1.283016012,-0.824395467,0.915690552,-0.381992752,-0.18140198,-1.10835964,0.203104096,0.174457382,-1.319009614,-1.602958946,-0.589147591,-0.273647683,0.576163825,-0.434945413,0.106699619,-0.520707624,-1.269756545,0.059400343,0.253168264,-0.868930161,0.394875907,-0.622129693,1.509904829,-1.125469743,-0.632616681,-2.183025858,-1.803022662,0.623797102,1.168697896,-0.645500527,-1.94911528,-0.813508537,0.123544186,-1.264076728,-0.613781625,0.093490343,0.125398409,-2.309609708,-1.575036486,-1.218409852,0.464865451,-1.189412653,-0.576609364,-1.338647708,-2.030270498,-1.850872734,-0.928869514,-1.47797115,-0.814185509,-2.118598257,-0.842807955,-0.128970381,-0.231427771,-0.007830579,-0.32406947,-0.018367657,-0.94032731,-0.943661929,-0.771973961,-1.22894879,0.213416396,-0.635633274,-1.336742582,0.362835926,0.884098064,-1.625567294,-1.255617037,-1.178955041,-2.020418201,-0.119684843,0.648306706,0.320633173,-0.109591677,1.585022261,0.122571552,-1.491210531,-0.797619202,0.207258042,-1.760842367,0.887973558,-0.66067999,-0.901155844,-0.143754904,-0.401971219,1.057581939,1.138986183,0.359560776,1.375789376,-1.57987911,-1.603455841,0.694695981,1.505698305,-0.61452086,-1.103222901,-1.561600583,-1.901128006,-0.685972977,0.049171044,-2.212744389,-0.504346658,-2.461580824,-1.995100393,-0.787897517,-1.311929279,-2.221005106,-0.773706688,-0.3878708,-1.503277717,-1.989235274,-2.34028696,-0.675307262,-1.815232825,1.0445784,0.128569101,-2.53577898,-0.236482116,1.66729164,1.133818544,1.532751234,0.362557607,-0.39988073,-2.073061935,-0.752260445,-0.668844888,-0.387723427,-1.003756758,0.019410394,-1.848964943,-2.811745437,-0.376003398,-2.36765709,0.062974799,-0.925836145,-1.580850456,0.12009148,-1.101717104,-0.512493681,-1.791559489,-1.54975491,-1.013352445,-0.496265472,-0.3878708,-0.709479835,-1.533403226,1.571673738,-1.925519459,1.604767021,-0.369470748,-0.941864983,-0.698360748,0.69449627,1.457032376,-1.821394274,-0.951658876,-1.045830103,0.439930945,0.796335338,-1.897119985,1.583196601,1.227679565,0.629941105,-0.639606414,0.414887247,-1.660731207,-0.923063616,1.118480273,0.391501401,-0.204076489,0.051263294,-0.056887862,-2.614559858,-2.382711137,0.111541375,-0.816671667,0.747445954,-1.770193691,1.428227738,0.682541135,-0.063685552,-1.5711792,-0.4167283,-1.34822816,0.101472969,-0.543348815,-0.709073331,-1.389900857,-0.303405033,-1.457575563,-0.539053645,-1.8598242,-1.55353028,-1.142564176,1.358691894,0.606935484,0.564063027,0.762906425,-0.033556784,0.440639183,0.857898616,-2.012156795,-1.031701583,-1.355959161,0.317362227,-0.567925216,-0.257346873,0.64505927,-2.039451893,-0.851205485,-1.164752091,0.055623904,1.543533125,0.112792827,-0.755022584,-0.356103679,-0.146066776,-0.398986142,0.516708287,-1.922779732,-0.061449962,-1.331806176,0.989652712,-1.224515706,0.545053122,-1.170860453,-0.007125325,-1.034792776,-0.434173272,0.378641894,-0.821435201,0.296765691,0.817530608,0.370597573,-1.347073648,-0.149080223,0.495793201,-1.360236827,-0.349841204,-1.498791392,-0.657587005,-1.476219069,-1.935168053,-1.347073648,-0.709886505,-0.84629836,-2.270117903,-1.328402883,-2.036382052,-1.481484548,-0.014707629,0.175129086,-1.270825111,-1.215708061,-2.465104022,-0.261624538,-0.652197194,-1.24897017,-0.900417383,-0.058901108,0.301732896,0.696342071,-0.056358734,-1.753308283,0.502168257,-0.535972506,-0.850502991,-1.622523152,-1.56589961,-1.64713978,-2.32995629,-1.22894879,0.016266972,-1.724848764,-2.238671767,-0.005113049,1.086101015,-1.717023123,-0.770892529,-0.858021824,-1.983404353,1.141128847,-2.156754645,-2.111964733,-1.175061461,-1.86885652,-2.405725852,-1.114741671,-1.99289694,-2.253794929,-1.460586966,-2.280823601,-1.670781543,-1.002120988,-0.699769057,-2.168928708,-2.083449563,-2.00619108,1.026399955,-2.499817263,-1.13227249,-1.910543005,-2.061208773,-1.663894098,-0.025420377,1.479397562,-1.824489294,-2.005447862,-0.653349711,-0.902387827,-2.391416307,1.644303,-2.664990712,0.042292912,-2.116105526,-2.571772583,-0.69214768,1.429258061,-1.96254779,-0.550953415,1.260107361,-2.382711137,-0.016942721,-1.863685209,-1.385095081,-0.370484139,0.124339274,1.358332034,-2.117766656,0.195484543,0.249279025,-1.702101597,0.23174644,-1.861109547,-2.713565382,-1.335221091,0.282468505,0.590726783,-2.034850658,0.562240911,0.247406803,-2.415753791,0.310934624,-0.906092907,-1.221458119,0.001698557,-0.907330991,-0.701380985,-1.928266714,-2.074653025,-1.666008264,-0.2424538,-2.311625838,-1.720928288,-2.32995629,-1.066532395,-2.072267338,-1.082640519,0.995730181,-0.548700576,-0.012781334,-1.290257173,-2.991740252,-0.51266064,0.550834488,-1.417166025,0.76435094,-1.731040734,-1.045545568,-0.636010989,-2.318714475,-2.320749064,1.506917803,0.087461276,-2.490120217,-1.295722663,-2.657832485,-2.202739758,-1.055265484,-1.20330636,-0.874908894,-1.736135565,0.532861051,-1.063341675,-0.15665381,0.716424157,-0.402569305,-1.986315564,-1.801203928,-0.150241663,0.725517561,-2.295609479,-1.647659125,-1.431710225,-0.542316291,-0.324761081,-1.709258248,1.497723923,0.544124994,-2.312635429,-0.505838082,0.987941402,-1.915283956,-0.262794357,-0.648938926,-1.269044801,-1.069150579,-2.141316945,-0.09629066,1.019677301,-0.070100628,0.430742915,-1.324634981,0.544008918,-1.458435039,-1.826972225,0.010742097,1.081500039,-0.910060182,-0.407517212,0.960843359,-1.794563397,-0.554429261,-0.10491617,-0.788557365,-0.283424482,-1.86885652,-1.512765025,-1.391507928,0.726581957,1.169785005,-0.199671195,-2.316684017,-0.562996496,-1.481044698,-0.536656384,-2.48410697,0.769923019,-1.362968536,-2.083449563,1.648985495,-0.788557365,-1.371997056,1.626609631,-0.358676947,0.376173603,-0.233699065,0.203919956,-2.272055888,-0.43139849,-0.049085208,-0.511325749,-1.539445541,1.760440786,0.029655885,-0.236355445,-2.191938573,-1.280493942,-1.03732906,0.079734968,-0.393190747,0.53964629,-0.287682072,-0.48207621,-1.380312289,-2.131155977,-0.048035449,-0.995875211,-0.976306164,-2.402405428,0.873257962,-0.831949583,-0.724431471,1.644573369,-0.652773286,-0.451927983,-0.910805802,-0.635822114,1.4162657,-0.907083251,-0.757579041,-1.04867992,-1.881903019,0.789593079,-1.318635713,-0.95217701,1.030226376,0.559672929,-1.094520671,-2.54338358,0.006876304,0.269339878,-0.017349638,0.679453853,-1.260190484,0.043442558,0.280657458,-0.811480368,0.608786832,-0.605502671,-1.117795108,-0.550779939,1.397209573,0.180820431,-1.319757837,0.510065335,-0.749505914,-2.424752727,-0.429245637,0.275660097,-1.676112046,1.150287177,-1.205640861,0.657830835,-0.433710274,-1.025547718,-0.981362729,-1.746977326,0.22506171,1.037516723,0.122925347,-1.684161459,-1.182863841,1.743689046,-1.685779146,-0.575897621,-2.701571235,1.435988878,-1.159318164,-1.523260216,-1.623029866,-0.404965233,0.665261977,-1.601469743,-0.603123678,-0.312794773,-0.792304752,-2.127791803,0.231825752,-0.509992637,-1.884532869,-1.7837913,-0.770892529,-0.938536341,-2.006934851,-1.093624747,-1.759679576,-0.926846246,-1.304161532,-2.20183519,-1.352859585,-1.364141556,-1.7567785,-1.280493942,-0.938536341,-0.446287103,-0.254634218,-0.260585847,-0.18548656,-1.693907069,-1.660731207,-0.291690094,-0.905598102,-0.980562622,-1.121778567,-2.598299337,-0.01501212,-1.020263322,-2.380546634,-1.0820502,-1.132893223,-0.729188952,-0.895018597,-1.904480339,-1.484127721,0.871711688,-0.817803785,-1.676112046,-2.159350925,-0.530008443,0.467249841,-0.589147591,-1.305636458,0.044590883,-0.291957867,-0.669821355,-2.526979426,-2.018911042,-1.058142356,-1.528318861,-1.637837387,-1.298283484,-1.976163192,-1.929643177,-1.538047916,-2.131998792,-0.215423428,-0.811930717,-1.134135845,-0.49053292,-1.31378767,-0.554081132,-1.229632551,-1.314159763,-1.067695186,-0.807660567,-0.810130536,0.063913326,-0.417487083,-0.432630776,-0.456337438,-0.586088108,-0.184043038,-1.871452238,-0.846997905,-1.773723107,-2.488914671,-2.061994628,-1.530626732,-0.295848662,-1.362968536,-0.917291232,-2.249044326,0.66803448,-2.509609262,-1.800598418,-2.538307427,-2.461580824,-2.279845606,-0.179844627,-0.943918899,-0.365139237,-1.146647738,-0.832179389,-2.459238903,-0.870123051,-2.279845606,0.798272669,-1.346304713,-1.037046933,-1.92346396,-2.913231052,-2.577021939,0.047360571,-0.073108472,-0.213440776,-1.586698425,-2.152442435,-1.412638336,-1.222136775,-0.253731633,-1.922095971,-1.566378423,-0.689752947,-2.369793843,-1.296819355,-0.744440475,-0.438815088,0.090571698,1.398371142,-0.97127504,-0.664559724,1.037587587,0.090663035,-0.549220012,-0.937769764,0.047074407,-0.435563556,-0.874908894,-0.729396313,-1.191385689,-0.308837615,-1.499687048,0.756028079,-1.475781528,-0.837479551,-0.276148837,-0.995604539,-1.650259907,-1.48943512,-1.125161624,-0.758646163,-1.083231187,-0.327809864,-0.545934801,0.273380288,0.692196729,-1.354020801,-0.346159002,-1.657053766,-1.700457311,-1.436745905,-1.812778836,-0.86654864,-0.474815186,-0.953733027,0.135579294,-0.466649261,-0.917791858,0.21107097,-1.422543494,0.386418195,-0.974979728,-0.579104465,-0.422356976,-2.551046452,0.515932561,-0.443166975,-2.635264531,-2.475748712,0.361164849,0.7066062,-1.855338451,-1.293532881,-1.782007178,-0.402270217,-1.510045169,0.443595483,-0.358390701,0.661759707,-1.087672349,0.225460864,-0.82052611,-1.183516796,-0.728981634,-1.160913315,0.331316109,-1.77136878,0.081948583,-1.42129997,-0.647791479,-0.592397277,-0.086102699,-2.170680022,0.160161152,-1.081755172,-2.544656654,0.22154227,1.045879362,-0.283557258,0.426574071,-0.266573109,-1.421714306,0.65419843,-3.673006105,-2.035616062,-1.624044065,-1.669187917,-2.798522104,-2.285727976,-0.794294363,-1.740116236,0.242240047,-1.136937403,-0.937003773,-2.507152259,-0.425106748,-1.281213885,-0.094860281,1.363460645,-1.032543689,-0.233067633,-1.20764621,-2.857710976,1.291489054,-0.800064463,-1.304161532,0.628875291,-0.060280931,-0.932928373,-0.779576909,-0.289149816,-2.354931573,-1.781413177,-0.722575991,-1.907843948,0.899876757,-0.003807238,-0.703197516,-1.739546598,1.433511861,-3.288761952,-1.796973036,-1.161232651,-0.215671536,0.42963726,1.227181389,-0.150939176,-0.474975971,-1.920729851,-1.314904365,-2.567853571,-1.115046595,-2.083449563,0.136713823,1.031403539,-0.875868817,-1.625059293,-0.345593711,-2.748872196,-0.709479835,-1.540845121,0.966146994,-2.42249539,-0.336172282,-2.933696883,0.85045003,-0.116870952,-1.830708219,-0.760783829,-0.362693016,-1.469241282,-0.089815304,-0.687165109,0.238780652,-2.083449563,1.03425153,-1.849600469,-0.583396317,-2.147292209,0.414490919,-2.692669099,0.613562701,1.08200854,-2.509609262,-0.171856507,-0.070744405,-0.53580161,-1.123930097,-0.245900538,-0.869168625,-1.760260802,-1.996572064,-0.537683078,-1.697176827,-1.212004976,-2.989750202,-1.242367192,-0.775225292,-1.638351923,-3.338222583,-2.077044417,-0.617112494,-1.881246636,-0.363268059,-0.549913012,-0.035212756,-0.303811454,-0.527802248,-1.069441911,-3.038639775,-2.388142981,-1.667067025,-0.115074208,-1.524637311,"BL"
"57",-1.051824127,-2.887775132,0.640853386,-2.085057281,-1.087079053,0.695644061,1.509639676,0.797507196,0.370459499,1.027939435,1.650848534,0.157601861,1.67593701,0.16695408,0.355083679,-0.636766847,-0.221145549,1.173565142,-0.440988664,0.306749135,0.7626266,1.922656144,-0.612858349,1.881295435,1.30695349,1.507582358,-0.047196435,0.745597306,-1.173120341,-0.591854929,-1.047539019,-0.348706774,-2.466281186,0.85972038,1.267961174,0.897882332,0.170248976,-1.072944542,0.01960653,-0.644547511,-1.275110832,1.440995592,-1.634243031,-0.657201054,-0.376003398,0.75381886,-1.848964943,0.479892077,-1.901797574,-2.264326381,1.388691486,-0.878994947,0.277101293,-1.595042032,1.504366244,0.540869745,1.840771831,-1.975441952,1.022486898,1.845426611,1.811529416,1.448000751,-0.194556095,-0.221020806,0.475612868,-1.957577954,-1.695540612,-0.968110481,-0.128515422,-2.143873402,-1.072359918,-1.058718725,-2.131155977,-0.663200104,-1.461017907,0.715446688,0.072227634,-1.26655768,-1.821394274,-0.95972029,-0.480458087,-1.741256487,1.649927052,-0.235216133,0.604097364,-2.225624052,0.33203383,-1.495662898,-1.866914143,-1.941420244,-1.510950966,-0.550953415,-2.363397232,1.535942061,-1.98195192,-1.111393623,-0.565457819,-1.833206659,0.241297762,-1.798784084,1.021623247,0.260208096,-0.400477567,0.259205435,-0.113616727,-0.336312249,-2.254747764,-2.406835114,-0.956071602,-2.113618994,-2.08586211,0.744932854,-1.123007446,-0.268533254,-2.423623421,-2.494956986,-2.453407983,0.774911482,-2.149006005,-0.024190239,-1.899121988,-0.568454737,-0.149776925,1.711579252,-0.525939262,-1.322005871,-1.817077277,-0.406165353,-1.571660548,-0.761640177,-0.501370465,-1.872102222,0.136801042,-1.668126909,-1.295722663,-0.220771367,-1.698269126,-0.407366915,-1.54928399,0.151776435,1.157855565,-1.793360751,-2.25094186,0.928179776,-1.723727059,-1.312300681,-2.391416307,1.989133829,-0.532900831,-1.837594006,1.731372319,-0.081210055,-1.205974807,-1.693363147,-0.045625178,-1.630150954,-2.126952524,-0.234078116,0.37101168,-1.630661549,0.596195655,-0.832179389,-0.989399204,-1.490322432,0.354522629,0.27543235,-1.645583359,-0.861329174,-1.944211592,0.085076172,-1.077927698,-1.144132804,-1.335221091,-1.649739209,0.425659815,1.333394514,-1.999521919,0.594541577,-0.087084107,0.684812544,-0.099268002,-1.882559834,1.127102559,-1.921412678,-1.084117843,-0.432939085,-1.871452238,0.202042481,1.26807373,-1.224515706,-2.121931593,-1.568775931,-2.444148657,0.73462496,-1.871452238,-0.052557251,-2.347582459,-2.116105526,-0.476263179,-2.165435255,-1.947010755,2.009086135,-2.117766656,-1.921412678,0.434376452,0.563835444,0.963403299,-0.950364712,-0.903374507,-1.979777219,-0.246412178,-0.535630743,-0.243984217,0.803614634,0.994584218,-1.569256123,-2.395797475,1.09423606,-2.330984568,-2.281802554,-1.661257661,0.11395349,-0.406015259,-2.006934851,0.021076326,-0.292359662,-1.200977295,0.712410447,-1.354795694,-1.651823629,-2.27789248,0.331459695,-2.139616265,-1.744112816,-2.112791521,-2.161085531,-2.055725015,-1.4554301,-0.741917345,-0.8495671,0.578689859,-0.932420114,-1.532939942,-2.026469657,0.286306126,-1.085005285,-1.41551722,-1.283016012,-0.603672174,0.052687322,-1.409358301,2.036025039,-2.111964733,0.879834195,-1.664422221,-1.802416049,-1.232372279,-2.487710577,-2.429282746,-0.242963679,-0.981896489,0.07881118,-0.748237147,-1.991430664,-0.78526247,0.086085949,-0.242198958,-0.427557355,-2.22192719,-0.223768747,-2.073061935,1.928807588,-0.564050607,-2.001000115,-1.960414835,1.535812901,-1.604948007,0.287882053,0.003992021,-0.713145827,-0.6361999,-1.816462082,-1.48236483,-2.093946228,0.597241824,-1.697722827,0.807947996,-1.622523152,-0.746969987,-2.111138628,0.368662802,2.031524122,0.290278698,1.110968963,-1.857899272,0.226418184,0.724936503,0.620684009,-2.197324582,-2.089087919,0.647103242,1.77705184,-2.057288737,0.285855405,-1.310445049,-0.127719742,-1.975441952,0.832996076,-1.891800823,-1.768433644,-2.225624052,-0.422356976,-1.28699216,0.026739297,-0.981362729,1.087180528,0.264592549,0.238307988,-1.033948775,0.530157552,-1.136002678,-2.249992643,-0.216043814,-1.92346396,0.323893454,-1.200312844,-1.33408149,-1.907843948,1.028583166,1.323913511,1.067018417,-0.357675444,-2.482908647,1.095239942,-0.067957693,-0.570752572,-0.353109878,-2.521985658,-1.345536369,-0.22752815,-0.026343975,0.642958539,0.990210115,-1.49923912,0.243338259,0.573913093,2.087335304,-1.169249368,-0.023473356,-1.748125432,-0.444257913,-2.636660205,0.894740178,-1.932401799,1.229377359,-0.51902582,-1.931021537,-1.934475771,-2.509609262,1.281683564,0.1537506,-0.328920821,-1.912572089,1.772474708,-0.850268936,-0.688159639,-1.852784171,-1.4867779,-0.161930867,0.300993087,-1.627601883,-0.067422676,-1.274395269,-0.617668719,-0.403317416,-1.041287222,-0.628858691,-1.140372223,-0.407216641,-2.227477621,-1.809109108,-1.946310229,-0.185968198,-0.393635356,-2.288682188,-0.744440475,-0.469523744,-0.973919845,-0.575008653,-0.919546025,0.807056055,-0.405715139,-0.55809195,-0.11171399,-2.094758246,0.489806257,-0.280375497,-2.439550948,-2.571772583,-0.6267978,-1.503727458,0.334828029,-2.058071516,-1.811554097,-0.589147591,0.323025085,-0.980029573,-1.307483181,-1.273680217,-0.973655049,-1.693907069,-2.327902901,-0.847931394,-0.31814128,-0.969691509,-1.743540897,-2.170680022,-1.427533109,-0.798729943,1.032045044,0.329375687,-0.496758367,0.98286468,-0.230671818,-0.46140074,-1.099612789,-0.756939314,-1.948413279,-1.289530693,0.330166684,-0.885761527,-0.089487167,-2.251891979,-1.492544161,-1.140685065,-1.654435278,-0.740867917,1.094169099,0.039893564,-0.455548608,-0.647027245,-2.074653025,-1.681471115,0.057985849,-0.52306691,-0.32628431,0.460962885,1.661043158,-0.554255182,0.027906953,-0.291556234,-1.960414835,-1.605445891,-2.475748712,-0.686767574,-1.499687049,-0.605685905,1.125221762,-0.29881043,0.823517332,0.065038396,0.905715006,-1.782601531,0.133918818,-0.600932697,-0.83632495,-0.99398204,1.908890441,1.825210364,1.578875607,-1.406497068,0.105980324,0.983014364,-0.4547604,1.355190616,-0.016637641,-2.126952524,0.352415887,0.011533236,-1.358679194,0.554919061,0.133306367,-1.500135178,-1.1248536,0.271552691,-1.245837008,-0.75608698,0.564404305,-0.405415109,0.452984624,0.633821715,-0.925583779,-0.110596421,-2.526979426,0.037392119,-0.677077,-0.665921194,-1.692819521,0.608623616,-1.815847265,-0.076449172,0.081211255,-1.512765025,-1.150748043,-1.934475771,-1.873403458,0.651699991,-2.197324582,-1.677716753,0.101834306,-1.590125601,-1.564464547,0.637317296,-0.673344553,-0.380089802,-0.498567726,-0.400626832,-1.862396549,-0.338133616,1.430143768,-1.977607236,-1.951928221,-0.665142984,-1.854060495,-1.519597208,-1.646101897,-0.895263365,1.619368441,-1.735001135,-0.195163665,-1.768433644,-1.413049098,-1.940723622,-0.330172124,-1.648178741,1.346305353,-0.419462618,1.32561505,1.027617415,1.81319475,1.899522098,-1.795767491,-1.787369121,-1.003756758,-0.994252273,-0.557917231,1.18053016,-1.532014016,0.438706442,-1.526476392,1.229757503,0.21929616,-1.875358493,-1.08915713,-0.136736524,-2.038683549,-2.004705196,-1.659679129,-1.022206958,-2.036382052,-1.682546384,0.195237782,1.207705828,-1.038740892,-2.624168717,-2.902241931,-2.586275144,-1.64454709,-1.405681075,-0.340239323,0.470815799,0.94106139,-0.378628454,0.766537038,-1.974721231,-1.760260802,-0.321583624,-0.443011224,-2.260483917,-1.434644622,0.693846936,-1.558744798,-1.622523152,1.679504874,0.225301222,-2.521985658,-2.003963081,1.301770796,0.717156633,-1.871452238,-1.239254619,-1.722046857,1.262967864,-0.52087596,0.54499514,0.906038355,-0.562294372,-2.287696481,-0.740448454,-1.484127722,-2.131998792,-0.821890057,-0.54283242,-0.849099482,-0.122393648,0.678084303,-1.918684163,-2.376231633,-0.111155049,0.023618866,-1.105334834,-2.750435918,-0.640175296,1.016317046,0.565200166,-1.897119985,1.510567402,-2.196424897,1.061394901,0.53964629,-2.498599977,-0.32075638,-1.249318906,-2.487710577,-1.078809661,-2.247150386,-1.053256587,-1.317514846,-0.05847693,0.14202026,0.651282977,-0.885519073,-1.683084453,0.327287327,-1.958995389,-0.62064049,-0.887946259,-0.699769057,-0.882614206,0.140370453,-1.612442422,-1.099312534,-0.703399557,1.151963464,-1.514127733,-1.135380013,0.894413153,-1.922779732,1.069286459,-0.586447562,-0.083707749,-0.671581403,-1.520054351,-1.07557959,-1.252463014,-1.583282955,-1.307852935,-0.831949583,-0.711107506,-0.867500568,-0.847231196,0.921835332,-1.10262031,-0.449887326,-0.902141309,-2.221005106,-0.560891601,-0.425718837,0.739792188,-0.858021824,-1.028060633,-1.760260802,0.086911372,0.037777364,-2.162823151,-1.434644622,-1.302320927,-0.744229971,-0.968373812,-1.544118446,-1.47490702,-1.888490658,-0.391562203,-1.091239534,-0.852611955,0.000699755,-2.505926017,-2.249992643,0.732992699,-2.609110253,-1.036201029,-0.855901432,-1.847695102,-2.369793843,-1.87470639,-0.717439873,-1.652345413,-2.05494407,-1.555423324,-2.285727976,-1.010876174,0.02586266,-0.512493681,-1.134446742,-1.552112846,-0.531198414,-2.028748427,-0.274700038,-1.867561183,-0.979230532,-2.073857163,0.126720753,-1.508236032,-2.214574216,-3.218875825,0.23617823,-1.8598242,-0.058901108,-1.47490702,1.245450584,1.299837376,-0.115972176,-2.179482896,1.145241389,0.540462093,-2.369793843,1.197099235,-0.531368525,-1.527397202,-0.875148789,-1.432128898,-2.253794929,0.282920755,-1.09302791,1.921368597,0.072134598,-2.410170304,-0.594388409,0.87016302,-1.191056579,-1.47490702,-1.520054351,-0.003104815,-0.621198681,0.298028365,0.470565971,-0.6680644,1.360514908,-1.582309245,-0.133074354,-0.62064049,0.30652836,-2.129472475,0.139414056,-1.080870607,-1.066241909,-1.50733269,1.275781707,-1.629130546,-1.461017907,-1.317141502,-0.888675565,-1.487662856,-1.90851803,-1.385894441,-1.264784944,-2.116935746,-0.551474022,-1.31378767,-0.030459208,-0.845832268,-0.708666992,-2.412399959,-0.153500891,-1.438008797,-1.00731013,-0.196623342,-0.925079238,-0.789658081,-0.922560345,0.409390726,-1.906497147,-0.78329073,-0.605869173,-2.007679176,-1.933092645,-0.252443637,-2.467459736,-0.654503557,-1.540845121,-0.339677368,-1.876011022,-0.564050607,-1.089454351,-0.505009238,-1.488548595,-0.957112726,-1.597509342,-3.051244984,-0.219525106,0.70096653,-0.540426094,-0.295176754,-0.643976137,-1.554476354,-0.897223669,0.233410664,-1.969690678,0.367139994,-1.764338874,0.766676414,-1.188427593,-0.408419468,-0.795622972,-2.064355904,1.182555074,1.468841622,-1.267267655,-1.54975491,-1.111697528,-0.313341819,0.068406033,-0.647982629,0.152978565,-0.264095763,-2.072267338,-1.763172012,-1.104127469,-2.44184716,-1.025826619,-1.73556819,-0.008032172,-0.823939471,-0.988055298,-0.461876742,0.329231802,-2.015903521,0.366932158,0.16211885,-1.274752986,-1.276543497,0.11395349,-0.242326371,1.302559429,-0.623248053,0.824745456,-1.193032864,-2.278868566,-0.10325163,-2.455736273,-2.403511012,-0.385956642,-1.665479303,0.395886042,1.190887565,-1.424619475,0.001399021,-2.060423536,-0.1030299,1.325163361,-2.196424897,0.029655885,-0.323654733,-0.385662481,-0.478358434,0.537662278,-2.650725135,-0.529329095,0.588786165,-0.058582957,0.2038384,0.943127386,0.476109948,1.716658697,0.896414502,-1.669718843,-0.158878505,-0.790098707,-2.65498348,-1.922779732,-0.036041771,-0.666115842,0.009257021,-0.736054682,-1.710917081,1.631668961,-2.509609262,-2.058071516,0.708380561,-1.122085645,-1.326517157,0.171934464,-1.341703478,0.154522039,-0.393783603,-0.532560116,-0.878994947,0.268881443,1.085425727,-0.244622583,0.003892415,-1.69936262,-0.228658732,-2.140466244,-2.739540868,-0.364563117,-1.318261951,-0.286482792,-2.353878387,-0.384927457,0.914168482,0.885913995,-1.714243027,-1.028060633,0.656638786,0.477909793,-2.346536981,-2.179482896,-2.531998257,-2.342365963,-1.820776418,0.746071644,-0.903127745,-0.063472423,0.523307401,-0.593482857,-0.945977042,-2.303585593,-0.238257189,-0.526108481,-2.157619323,-1.159318164,-1.510497965,-0.964431107,-0.150474113,-0.285018955,1.588663613,-1.716466485,-1.968974089,-0.598200703,-0.24538916,-0.169010543,0.726581957,-1.138809478,-0.365571544,-2.306593114,-2.487710577,0.787274843,0.358583122,-0.022859294,-0.506667614,-1.302688777,-0.770028225,-0.040509543,-0.024805119,-0.629046255,0.30269383,-1.417991448,-0.573587946,-1.618478657,0.546269985,-0.856843273,1.79295875,-0.078394067,-1.286268047,0.15083089,-0.145835348,-1.358679194,0.502591819,-0.581426931,0.905310671,-2.093134869,-1.143191332,-0.073538903,-0.83149013,-0.473851021,0.224981861,-0.054984308,0.530039843,-1.347073648,-1.56303154,-0.232941394,-0.110596421,-1.496109227,-1.350541191,-0.554429261,-0.294371061,-0.133302847,-2.288682188,-1.712024501,0.726195035,1.184667653,-0.665532014,0.840489019,-0.875148789,1.823661802,-0.26175445,0.404397872,-0.916540763,0.303875252,0.104720311,0.175464769,-2.131998792,-1.89645354,-2.315670333,-1.325387426,0.139761942,-0.641693899,-1.373575589,-0.56141741,-1.805452796,0.008959741,-1.809719795,-0.736472305,0.305792092,-1.272608597,0.517900537,-0.562820919,-0.300834859,0.270408744,-0.083816486,-2.012905018,-0.217534313,1.453485611,0.744695442,0.793309208,0.085535288,0.474804586,0.901623695,-2.126952524,-0.617112494,0.791905953,-1.4554301,-0.050767117,0.089292108,-0.528819887,-0.670016763,-0.550433078,0.397164083,-0.870123051,0.226338442,0.371494589,-0.511492513,1.400246575,-0.277995803,-1.047253996,-1.866914143,0.98024158,-1.796370082,-0.148268017,-1.823250136,0.004191205,0.139848895,-1.3919101,-1.52924137,-1.849600469,1.026435783,-0.203095856,0.519210373,-0.274436846,0.037488444,0.651647873,-1.112001526,0.044016885,1.895143032,-1.89645354,0.525497464,-0.566338334,-1.744685062,0.268728585,0.642169626,1.417768803,-1.060161102,-0.051188037,1.070384267,-1.089454351,0.981066725,-1.899790213,-0.492167442,0.21760826,-1.971125398,-1.340938659,-0.803408575,-0.36658099,-1.930332119,-0.986713196,0.095401085,-1.155817762,-0.705624702,0.666649189,-0.867262501,-2.043302495,0.552504851,0.209288005,-1.284821392,0.730202089,0.362696776,0.422912022,0.098758772,-1.48722028,-0.242581245,-0.09123848,-1.674509909,-1.257373581,-2.044074398,0.687280002,-1.63989712,-0.933436891,1.530091629,-0.982964865,-0.905350792,-1.947711771,1.48577764,0.732464043,-1.087079053,1.174276193,-1.631683521,0.669571444,-0.671190013,-1.835711357,0.035946127,-0.193706116,-0.877070019,-2.32995629,-0.471444667,-0.341927087,-0.803185286,-1.270112607,-0.102254234,0.325122355,0.555263473,-0.548354436,0.369561554,-0.502857454,-0.576609364,-0.192735595,-2.121097217,-1.403644,-0.122280635,-1.585233224,0.909467507,-0.203586052,0.062599142,0.224981861,-0.476102188,-1.011151013,-1.304898723,-0.141678778,-0.549913013,1.496515545,0.573575045,0.25200308,-0.704208128,-0.675700267,-0.813734144,-1.668126909,-0.378190466,1.275614166,-1.866914143,-1.564942673,-0.309518767,0.212608249,-0.460766424,-1.717023123,-0.096180559,0.444429378,1.344456226,0.608623616,0.733136829,-1.958995389,-1.660731207,-0.175902205,-2.139616265,0.119115481,-1.04072081,-1.490322432,1.195043053,-0.754171882,-0.281965112,-0.12499649,0.616751979,0.722997203,1.354932685,0.346068898,1.36118166,-0.160990686,-0.828508819,-2.3892329,-0.337432698,0.494269322,-1.850872734,-2.409057338,0.669059385,-2.128631786,-2.089896,-2.173312757,-0.044788183,-0.958676448,0.207826847,-1.64506509,-2.268183666,-0.824167443,-0.371498559,-2.369793843,-1.143191332,-1.812778837,-2.278868566,-1.790959789,-0.628483667,-2.392509801,-0.424036494,-1.8598242,0.612479278,-0.701380986,-0.843505062,-0.74675895,-0.201504376,-0.322411553,0.039316862,-2.080241862,-0.31992982,0.743697699,-1.88981341,0.368455283,-2.215490386,-2.309609708,-2.001000115,-1.459295254,1.108727622,-0.545589616,-1.303424883,-1.148538097,-0.600021203,-1.48236483,-1.811554097,-2.076246651,-1.710363831,-2.099644249,0.469378434,-0.328781883,0.229682128,0.799307376,1.157447074,-1.714798428,-1.366491734,-2.657832485,-0.749929195,-0.440677864,-1.5945493,-1.838851077,-0.703399557,0.375212065,-0.686767574,-1.615959129,-1.955455562,-0.970482961,-1.170538028,0.443338761,-1.417991448,0.129184458,-1.052110455,-0.959981421,-2.040990355,-0.268402458,0.054204054,-1.002393431,-0.946749939,0.536610323,-1.422128814,-0.184764538,0.097761718,0.173280812,-0.4272507,-2.091514123,-0.127151786,-1.134135845,-0.124430078,-2.185691342,0.693147181,1.182524424,-1.606941032,1.123239859,-0.629984606,0.226338442,-2.039451894,-0.299484785,-0.656622406,-1.417991448,0.237125349,-0.820980552,-0.904856354,0.064382259,-0.2424538,-1.0336676,1.73849933,-1.450299691,-2.010662026,-2.176833888,-0.855430844,1.19872908,-1.974721231,-0.770244231,-0.875388741,-0.263314716,-1.49209942,-0.12284583,-2.430418465,-1.592089274,0.453429535,1.023170094,0.776982687,0.601031892,0.479025311,-0.723194102,-2.073857163,-0.706840508,-0.445818463,0.82478929,-2.275943162,-0.629984606,-0.353252237,0.348965301,0.034304804,0.771773501,-0.272859144,-0.741287556,0.016660441,-0.636010989,-0.794073099,-0.08762975,-1.941420244,-2.091514123,-0.425412746,-1.399987688,-0.899187824,-1.984858899,-1.481924592,-2.333044301,0.220098921,0.285780265,-0.180203801,0.244826762,-0.681613945,-1.708705914,-1.445619827,-2.102914898,-1.781413177,-0.432630776,0.742175412,-1.793961893,-1.445619827,-1.210997419,-1.178305058,-0.570575628,-0.915041513,-1.242713633,0.006280238,1.296096093,-0.561943495,-1.953337665,-0.123298216,0.292371062,-1.476656801,0.181821432,-1.146018411,-0.623061573,-1.844527535,-0.647027245,-0.59384498,-0.534776845,0.466560208,0.243730185,-2.176833888,-0.467127769,-0.326007187,-1.410996974,-1.472724089,-0.954771719,-0.057735051,-0.268533254,-0.697356025,-1.025826619,-0.018877056,-0.360682965,0.25278002,0.258433472,-1.579393791,-0.088831214,-1.017216651,-1.099012369,-1.540378377,-1.97833004,-2.196424897,-0.19650162,0.252391626,-1.845160246,1.032686139,-0.755874011,-0.389345726,-1.643511893,-1.559695821,0.05552931,-0.048980182,-0.910060182,-1.010876174,-0.655466114,-1.121164693,-0.720929562,0.526265808,-1.888490658,-0.48191428,1.215209436,-1.542246663,-0.728774358,-1.253863574,-0.966531948,0.388590191,0.441539852,-0.826678573,-0.566867015,0.254642218,-0.092883128,-1.796973036,0.909467507,-0.325314714,0.279901885,-1.901797574,-0.257993829,-1.073529508,0.040277847,-1.407313728,-1.578908707,-0.935728426,-1.215370849,0.395886042,-0.204689873,-1.944910649,-2.109488463,0.04018179,-1.368061593,0.218573123,-1.725410089,0.024107075,-0.212945726,0.307631748,-0.057841,0.775786514,1.454256702,0.667470334,-0.139262067,0.140978593,0.148506208,-0.10325163,-0.542316291,-0.913793852,-0.555300114,-0.283955691,0.522596079,-0.188500608,-0.820071874,-0.942891414,-0.318416232,-0.018571386,-1.10021357,-1.695540612,-0.497580397,-0.512827626,0.097580328,-0.110038105,-0.322411553,-0.94032731,-1.718694898,-0.299484785,-0.018978967,-0.600567999,0.558186195,-0.18224156,0.249045189,-1.890475442,-1.147592471,-1.965398826,-0.742967876,0.084065375,1.188696717,-0.282495546,-1.933783969,-0.900417383,-0.186811622,-0.850034936,-0.794958447,-0.342631164,-0.667674385,-2.212744389,-1.880590683,-1.018046641,-0.05847693,-1.84010973,-1.218409852,-0.986176859,-1.823869523,-2.045619993,-1.260543156,-1.810330855,-0.800287056,-2.018911042,-0.818710404,-0.245133569,-0.16511052,0.572560218,0.331459695,-0.085993713,-1.169571378,-0.956852344,-0.301916233,-1.689022392,-0.566690757,-0.231175723,-1.202973304,0.267963942,0.607207956,-1.777856564,-1.31378767,-0.996958635,-1.942117351,-0.405265128,0.14063113,0.948370625,0.128481162,-2.549765222,0.704976932,-1.141624179,0.275660097,0.159308783,-1.659679129,1.208900643,-0.673932962,0.41831552,-0.375566558,-0.452556716,0.706704859,0.501441733,-0.586986985,0.918328654,-0.994252273,-1.983404354,0.929206957,1.800669655,-1.388296364,-1.231686643,-1.222815892,-1.97833004,-1.094520671,-2.116935746,-1.716466485,0.118849134,-1.925519459,-1.777856564,-2.168928708,-1.072652187,-1.246532419,-0.501370465,-1.174414002,-1.526016304,-1.769606665,-2.345492594,-0.782196997,-1.682546384,0.508863701,-0.430321484,-2.312635429,-0.149196306,1.918773839,1.124150073,1.262741588,0.279750702,0.225780073,-1.65652952,-0.711718566,-1.211333159,-0.257088207,-0.400328324,-0.648173815,-2.013653801,-2.480516302,0.036717583,-1.133825044,0.746450953,-1.291711719,-0.530008443,0.329015936,-0.326977455,-0.15958207,-2.043302495,-2.177716111,-0.821662603,-0.035005609,-0.605136303,-0.716415808,-1.705948813,1.875104411,-2.188363949,0.607698219,-1.322005871,-1.822012512,-0.887946259,0.861665577,0.897515577,-1.415929166,-0.45413028,-1.227924025,0.607207956,0.083053555,-1.976884953,1.696294277,1.397555713,0.098849364,-0.672952473,1.317721045,-1.661784393,-0.222768622,0.704383813,0.106969221,-0.996416776,-1.061316504,1.302939926,-0.805868051,-2.302585093,-0.219774234,-0.998043234,0.385670481,-1.554949727,0.805627292,0.266049772,0.252313929,-1.542246663,-0.590771114,-1.577454867,-0.579997083,-1.209990877,-1.182211313,-1.676646662,-0.654695994,-1.495216768,-0.675307262,-1.945610194,-1.312300681,-1.332185036,0.00548493,-0.435718151,0.413896134,1.351625274,-0.796066235,-0.649896139,1.139146242,-1.928954708,-0.917041013,-1.531088946,0.011533236,0.162543929,-0.363843433,0.441861323,-1.858540503,-0.697556889,-1.165072655,0.114577905,1.38341522,-0.679047056,-0.687165109,-0.904609227,-0.758005753,-0.897959775,-0.297463084,-1.956869989,-0.642834367,-1.918684163,-0.304896053,-1.956869989,-0.899187824,-1.732170678,0.305423754,-0.623994322,-0.825536369,0.18223822,-0.451770861,0.529038753,0.344440406,0.164242443,-0.985105048,-0.829425199,0.066630082,-1.655481851,-0.737308076,-0.817350784,-1.316768299,-1.313043899,-0.562294372,-1.840739651,-0.938025224,-0.564226401,-2.114447151,-1.454573202,-1.77254525,-1.078221599,-0.958676448,-0.385221402,-1.906497147,-0.671972945,-2.45457145,-0.679836167,-1.226900309,-1.913927103,-1.210326278,-0.925583779,-0.99479296,0.00019998,0.030238183,-1.466203744,0.385330426,-0.512827626,-0.602392817,-1.880590683,-1.113827455,-1.946310229,-1.68848112,-1.122392817,1.104859401,-2.155890714,-1.894456868,-0.068921446,1.044859833,-1.290984181,-0.4272507,-1.271894821,-2.014403146,0.991769193,-1.979777219,-1.765507098,-0.531198414,-2.063568193,-2.438404816,-0.837941766,-1.204306193,-2.061994628,-0.442855497,-2.18036746,-1.655481851,-1.190398684,-1.04611472,-1.686318957,-1.265848208,-1.928954708,0.987792454,-1.983404354,-1.059583902,-1.860466667,-1.930332119,-1.872102222,-0.790319092,0.828595485,-1.430455257,-1.561124052,-0.801623657,-1.699909816,-2.048718369,0.403529904,-2.302585093,0.085168012,-2.27789248,-2.296603021,0.003792798,0.536493371,-1.058430499,0.013607003,1.657827997,-2.199126385,-0.543693227,-1.922779732,0.946936322,-0.525600909,1.013635205,1.841009845,-2.402405428,0.60497149,0.089292108,-1.555423324,0.952314031,-2.230264431,-1.989966535,-1.316022308,0.486430467,0.129535921,-2.102914898,0.31415359,-0.021325787,-1.87470639,0.014888613,-0.964955904,-0.809680997,-0.47096409,-0.438660013,0.190703001,-2.098012927,-2.07784282,-1.698269126,-0.285284948,-2.51825663,-1.760260802,-2.086667587,-0.643214812,-1.852784171,-0.501700716,0.985443591,-1.1858055,0.112167297,-0.684980618,-2.160217852,-0.646454453,0.748061411,-1.744112816,1.376824665,-1.446469084,-0.612489278,-0.485157877,-2.165435255,-2.028748427,1.413057998,0.040469933,-2.188363949,-1.602462299,-1.928954708,-1.894456868,-0.101479169,-1.243060193,-1.517314624,-0.923818998,1.128785789,-0.438660013,-0.878513368,-0.119234088,-0.163107338,-1.984131362,-2.084253099,-0.420680274,0.184652172,-2.230264431,-1.7567785,-0.647218249,-0.992631965,-1.371208724,-1.621510494,1.653856631,-0.240798487,-2.084253099,-0.169484308,1.185431981,-1.781413177,1.613967638,0.312984255,-0.480134776,-0.297867098,-2.07784282,0.08874321,1.067878129,-0.285284948,0.445070363,-1.708153885,0.674677664,-1.562077341,-1.394326533,0.437415869,1.078579635,-0.773489933,0.071576199,-0.064751877,-1.850872734,-0.773706688,-0.531708835,-1.740686199,0.928693499,-0.765502843,-1.324634981,-1.541312083,0.830384199,-0.298001805,0.502410314,-2.096384262,-0.751836177,-1.397557553,-0.0010005,-2.394700382,0.513601767,-1.722046857,-2.188363949,1.612333716,-1.153596597,-1.590616158,1.896824941,-0.188379871,0.477289523,1.001624035,0.610254583,-2.10701831,-0.755022584,-0.03759803,0.448652303,-0.425871918,1.931506919,-1.440961763,0.59404482,-2.168928708,-2.308603165,-0.322963887,-0.48191428,0.338755343,1.542015236,0.493292819,-1.18155921,-1.857258452,-2.005447862,0.080657903,-0.174234347,-0.756513056,-2.130313872,-1.731040734,-0.862513026,-1.388697246,1.432366549,0.148937113,-0.543865478,0.470690893,0.662378647,1.544237839,-1.604948007,-0.639037855,-0.064645194,-2.202739758,0.449545787,-0.58411342,-0.576431381,0.85420254,0.97731057,-0.756299996,-2.141316945,-1.271181554,0.442311209,-0.327671081,0.227693186,-0.687761708,0.319689331,0.073157521,-0.152102778,0.116893752,-1.021651248,-0.780013114,-0.957633695,1.427916036,-0.082621029,-0.378920553,1.00107296,-0.239654103,-1.564464547,0.288706548,0.212850762,-1.28880474,1.036843262,-0.628483667,-0.118445755,-0.318691259,-1.092729626,-1.342468882,-1.703748592,0.903002838,1.025862368,-0.064645194,-1.689563957,-1.274395269,1.628965992,-2.009915479,-1.347843175,-1.847695102,0.56184188,-0.201015199,-1.781413177,-1.516403047,-0.752684893,-0.188379871,-1.393520406,-1.116878098,-1.102018082,-0.474493695,-1.282655326,0.10282731,-0.055195636,-2.062781101,-1.485010334,0.149970527,-0.576431381,-1.538047916,-1.115961927,-1.556845462,-0.053928342,-1.092133323,-1.889151815,-0.186811622,-0.916290732,-1.442653095,-1.081165375,-0.613781625,-0.957633695,-0.943918899,-0.857786003,-1.443923474,-1.780819529,-1.500583508,-1.011700917,0.297731408,-0.606419177,-1.116572614,-2.447610865,0.285930539,-1.183516796,-2.239610294,-1.158999439,-1.570217199,-1.084413569,-0.926593625,-1.733867991,-0.603672174,0.511205552,-0.875868817,-1.693907069,-2.269150317,-1.078809661,-0.897468978,-1.177006356,-1.046969056,-1.107451237,-0.98564081,-1.459295254,-2.463928243,-1.557319958,-1.020818261,-1.297551151,-1.503277717,-1.059007034,-2.093134869,-1.813391769,-1.917322692,-1.535258514,-0.844900736,-1.493879572,-1.186132886,-0.016841017,-1.209320411,0.01498713,-1.422543494,-1.103524333,-0.779794987,-1.57358826,-0.295848662,-0.686370196,-1.285906187,-1.437166692,-0.657008134,-1.052110455,-0.697356025,-1.301953213,-0.715597309,-1.843895224,-2.459238903,-1.854699269,-1.469241282,0.185400146,-0.848865756,-0.177931209,-2.289668868,0.476296289,-2.369793843,-1.929643177,-2.175952442,-2.45457145,-2.306593114,-2.03714863,-0.656622406,-1.277978218,-0.737726224,-1.057278425,-1.042988385,-1.083526651,-2.249992643,0.206851555,-1.911895271,-0.688955976,-2.061208773,-3.005782609,-2.291645153,-0.568984538,-0.531879033,-1.37634403,-0.551300456,-2.48530673,-1.297551151,-1.024154378,-0.485807861,-1.569256123,-0.262404265,-1.645583359,-0.969955257,-0.377169239,-1.130102956,-0.550953415,-0.434482057,0.124515875,-1.989235274,-1.545524587,-0.581426931,-0.031181118,-1.121778567,-1.078809661,-0.782634347,-1.914605299,-0.663006024,-0.856843273,-0.667089646,-0.606419177,-1.495216768,0.138630868,-1.860466667,-1.348998576,-1.241328591,-1.176033436,-2.431555474,-1.417991448,-1.857258452,0.622349109,-1.666537505,-1.046399417,-0.893795654,0.14617611,-0.176140698,-2.025711219,-0.858021824,-1.461449035,-2.462753845,-1.242367192,-2.563949857,1.27865347,-1.258781041,-2.053384007,-0.230042293,-0.504512262,-0.934709317,-0.636577829,-1.735001135,-0.510159179,-1.424203934,-0.144679011,-0.314026048,-1.942117351,-0.280110807,-0.580711751,-2.574393816,-2.024196068,0.014100124,-0.784385661,-2.808423175,-0.925583779,-1.844527535,-1.304161532,-2.150722744,1.030583238,-0.604220971,-0.301916233,-0.280243143,-0.756513056,-0.078718585,-0.891110433,-0.513662979,-0.29961971,-0.089268468,-1.709258248,0.386825804,-1.409767717,0.310201594,-0.327393573,-0.171381617,-1.848329821,0.003992021,-1.54599374,-2.528231775,-0.443634374,0.331244309,-0.185005154,0.310201594,-1.165072655,-2.157619323,-0.157121756,-4.074541935,-2.272055888,-1.723166678,-2.162823151,-2.620039324,-1.468806783,-0.577143505,-1.512765025,-0.753534331,-1.071191693,-1.455001559,-2.247150386,-0.88746035,-0.698561813,-0.723812595,0.93212471,-0.956071602,0.032079894,-2.178599113,-2.244316185,0.217205959,-0.946492241,-1.34822816,-0.014200349,-0.57963994,-1.50237884,-1.008954417,-0.142831649,-2.503478035,-2.051826375,-1.389098289,-2.359155445,0.040565962,-2.089896,-1.292439786,-1.820158944,0.856413331,-2.924342278,-1.612944052,-0.532900831,-1.096913732,0.984248401,0.536844186,0.071762366,-1.440539376,-1.820776418,-0.694948803,-3.017977883,-1.057566319,-2.157619323,-0.192493112,0.689038753,-0.902881045,-0.897714346,-1.635268673,-2.181252808,-1.581822745,-1.709810887,0.801104322,-1.065661189,-0.433401727,-2.415753791,0.7260499,0.150056596,-0.676880208,0.062223343,-0.897223669,-1.795767491,-0.502526821,-0.794515675,-0.756299996,-2.221005106,0.267122159,-0.908322562,0.58828654,-1.932401799,-0.173163619,-2.175071773,0.180987334,0.789820068,-2.124438908,-0.201015199,-0.46505589,-0.389050567,-1.660731207,-0.409021424,-2.517016704,-1.398366942,-1.888490658,-0.947781399,-0.901402119,-0.72505073,-2.916921093,-0.8495671,0.575714084,-1.311929279,-3.223888367,-0.077745349,-0.777833989,-1.824489294,-0.573410499,-1.336742582,-0.296386513,-1.750425606,-1.307852935,-2.950758908,-2.973970782,-2.346536981,-1.315649522,-0.310746012,-2.05494407,"BL"
"58",-0.968637212,-2.748872196,0.333682635,-1.144132804,-0.772190388,0.748818378,1.209676507,0.492193112,0.501683966,1.122491563,1.398790952,0.132167964,1.454677047,0.650970102,0.655445313,-0.347290544,-0.268664067,1.317533606,-0.387281438,1.092963028,0.223543471,1.466929201,-0.903868212,1.28475985,1.331864574,1.414784632,0.242161557,1.096710481,-0.664948526,-0.468245176,-0.807660567,0.046883586,-2.110313205,1.294343532,0.750094461,0.689339942,-0.389345726,-0.400029906,-0.374984401,-0.857314527,-0.225145554,1.160020917,-1.673443242,-0.317866404,-0.737517128,0.341886127,1.383490434,0.566108947,1.128268174,-2.316684017,1.011673636,-0.375275437,0.29817681,-1.342086107,1.226624311,0.687933614,1.368766644,-1.617974244,1.331045887,1.313293468,1.342603673,1.351418197,-0.097502581,0.534444489,0.430157721,-2.179482896,-1.274037679,-1.254214021,0.071669287,-2.143020523,-0.550779939,-1.085005285,-2.145581344,0.239410524,-2.021172634,0.912965208,-0.290084957,-1.323507373,-1.789761467,-0.825308084,-0.46904409,-1.405681075,1.407958001,-0.774357236,1.044965349,-2.357041279,0.759356181,-1.592580795,-1.720928289,-2.499817263,-1.261955087,-0.759500681,-2.679462744,1.236343184,-2.414634597,-0.487109097,-0.473690417,-2.1680542,-0.084360349,-1.666537505,0.861581082,-0.309518767,-0.169247397,0.125133731,-0.625675465,-0.622875128,-2.647896278,-1.664422221,-0.984301943,-2.105374924,-2.357041279,0.474306857,-1.486335715,-0.024805119,-2.364460497,-2.63945741,-2.739540868,0.676407857,-1.544118446,0.226258694,-0.730641385,0.203348924,-0.053611769,1.376294529,-0.848164903,-0.728981634,-1.627601883,-0.338273859,-1.905824426,-0.498897053,-0.801846598,-2.285727976,-0.00080032,-0.996687669,-0.840951375,-0.063792133,-1.526476392,-0.241816817,-1.777856564,-0.213936071,0.33203383,-0.977634362,-1.784386715,1.279683064,-1.937941979,-1.573105983,-2.254747764,1.449292634,-0.647218249,-0.970746918,1.24118188,-0.453657951,-2.32995629,-1.011975982,-0.384780517,-2.029509173,-2.526979426,-0.29021862,0.314956715,-1.685239626,0.808482779,-0.732303896,-0.778705069,-1.38469564,0.913968037,0.382264715,-1.713687934,-0.474172306,-2.296603021,0.21929616,-0.813057477,-0.810130536,-1.065370955,-1.54975491,-0.055829885,0.99705933,-2.168928708,0.484029801,-0.00250313,0.969262617,-0.015621381,-1.854699269,0.383492127,-1.836966062,-1.329914028,-1.123930097,-2.224698554,-0.408419468,1.302341937,-0.210721031,-2.234926445,-1.877317358,-2.129472475,0.432496447,-0.4405225,0.24027595,-2.53577898,-1.847060785,-0.435099913,-1.933092645,-2.072267338,1.528509813,-2.346536981,-2.1086644,0.441089619,0.421075956,0.532156495,-0.651621434,-0.833099141,-1.990698332,-0.134102985,-0.642834367,-0.667479434,1.125189304,1.021263172,-1.840739651,-2.126952524,1.184453537,-2.308603165,-2.456902453,-1.033948775,0.28570512,-0.389640973,-2.140466244,-0.260845419,0.06803241,-0.579818495,0.144446604,-1.074993423,-2.254747764,-2.260483917,0.460521314,-2.488914671,-2.038683549,-2.100460909,-2.210005912,-1.861752841,-0.581426931,-0.794294363,-0.961288098,0.886573517,-0.903127745,-1.56398665,-1.878625402,0.494025285,-1.395940738,-1.791559489,-1.199316993,-0.214679473,-0.541628533,-2.290656522,1.434965471,-0.981362729,0.73457699,-2.06909525,-2.30058709,-2.417995945,-2.442997247,-2.38705425,-0.159112972,0.288331861,-0.271546291,0.270027137,-1.606941032,-0.867024491,-1.176033436,-0.664365379,-0.504181081,-1.900458886,-0.280640258,-2.00619108,1.281350425,0.168222632,-2.271086426,-1.826350914,1.330675937,-1.629130546,0.425071638,-0.51617323,-0.773273225,-0.30788478,-1.88321708,-0.893062606,-2.186581417,0.673199543,-1.253163049,-0.048770164,-0.834710745,0.702106922,-2.046393688,0.436899174,1.505387649,0.22617894,0.957509448,-1.673976434,0.064850972,0.672995492,0.681631125,-1.877971166,-2.012905018,0.774496726,1.419414775,-2.047167981,-0.074723546,-1.197328262,-0.142485648,-1.734434403,0.754430409,-1.148538097,-2.333044301,-2.330984568,-0.355818168,-1.007857925,-0.519698202,-0.720929562,0.664078758,0.862805563,0.882982108,-0.512827626,0.389132454,-0.622502341,-2.320749064,-0.659325632,-2.1086644,0.865881257,-0.654888468,-0.854725376,-1.635781888,1.012618576,1.361361095,1.137576559,-0.500545314,-2.038683549,0.794394248,0.809907471,-0.102365007,-0.149312403,-2.419118909,-1.159955919,-0.549739717,-0.20911738,0.594320826,0.688084386,-1.290620611,0.545111102,0.781524291,1.420478373,0.104269921,-0.059113265,-1.609437912,-1.108056748,-2.247150386,0.063819513,-2.157619323,1.205521604,-0.263705163,-2.002480501,-1.970407781,-2.424752727,1.118382236,0.132781111,-1.21773372,-1.980501594,1.356298964,-0.802515718,-0.336312249,-1.749274858,-1.412638337,-0.160873226,0.439028825,-1.359847191,-0.118108089,-0.284885985,-1.00731013,0.358303617,-1.023875943,-0.874189556,-0.548008415,-0.657008134,-1.99289694,-0.824395467,-2.38705425,-0.250900228,-0.150474113,-1.697722827,-1.332564039,-0.511159013,-0.409623743,-0.019488677,-1.314904365,0.081487817,-0.303540488,-0.809456303,-0.018062143,-2.318714475,0.112435429,-0.263835346,-1.510045169,-2.406835114,-0.281169989,-1.190069899,0.841825773,-0.486133011,-1.613948068,0.759215781,0.871293366,-1.050393716,-0.568631306,-0.86298696,-0.962072925,-0.966531948,-2.358097803,-0.998585975,-0.519193873,-0.099930839,-1.756199294,-2.08828049,-0.697155202,-0.633369977,0.910232417,0.003892415,0.243651812,0.620038709,-0.028399475,-0.066353501,-0.96942783,-1.082345316,-1.982677873,-0.804525769,0.325772339,-1.284460055,0.088010877,-2.234926445,-1.381904013,-1.120244589,-1.186460379,-1.149800325,0.832604729,-0.085231144,-0.701179352,-0.603855073,-2.121097217,-1.641444709,-0.496265472,-1.973281346,-0.967847219,-0.108810906,1.140809337,-0.905103543,-0.246540129,-0.232688964,-1.977607236,-1.018877321,-2.391416307,-0.858257701,-0.503684516,-0.470483745,1.081296567,0.485692414,1.233754883,0.553885113,1.338075284,-1.168283962,-0.137539414,0.413631671,0.434052565,-0.311565013,1.373588989,1.411718414,1.15684975,-0.360252765,-0.088940509,0.924695314,-0.528819887,1.132530507,-0.125903417,-2.162823151,-0.070100628,-0.155952302,-0.748659891,0.585840328,0.110825555,-0.88213088,-1.08975166,0.335328726,-0.693147181,-0.268271679,0.619285332,-0.513662979,-0.280507869,0.256191405,-0.982430534,0.688536568,-1.97256218,-0.71396232,-0.16511052,-0.520539316,-1.209320411,0.794846,-1.406497068,-0.086538761,-0.541972353,-1.26940061,-1.385095081,-1.305636458,-1.501929705,0.586341176,-2.08586211,-1.789761467,-0.001400981,-2.095570924,-1.375948069,0.027809701,0.020684591,-0.20567207,-0.442232832,-0.207270202,-1.385894441,-0.02306394,0.876717957,-2.295609479,-2.298593072,-0.915790857,-2.047167981,-1.607939036,-1.553057579,-0.385074419,0.739267116,-2.326877786,-0.035627178,-1.808498793,-1.423788566,-1.951928221,0.198358935,-2.136223556,1.322209071,-0.762497259,1.459916501,1.255188596,1.402930215,1.503921829,-1.226900309,-1.744112816,-1.18515105,-0.386250889,-0.834480357,0.900567771,-1.621004549,0.39904454,-1.658628157,0.865881257,0.442182691,-1.713133149,-1.316768299,0.297137231,-2.060423536,-1.86885652,-1.77254525,-0.365427421,-2.27789248,-1.330292171,0.067097744,1.326570896,-0.806315879,-2.835315552,-2.787093408,-2.811745437,-1.054691102,-1.165393322,-0.337993393,0.641853886,1.323993335,0.64306368,0.305055281,-1.399176987,-1.542246663,-0.701986129,-0.053822807,-2.466281186,-1.264430773,1.176622162,-0.633746837,-0.817350784,1.129594026,0.312033163,-1.337885222,-2.058854908,1.189579719,0.737833698,-2.241489994,-0.841415197,-1.358679194,0.919565364,-0.432014443,0.164157586,-0.095740272,-0.003305457,-2.26144315,-0.560366069,-1.190398684,-1.434224895,-0.741287556,0.30733763,0.327287327,-0.110596421,0.553252729,-1.508236032,-2.486507931,0.02849027,0.143147509,-0.617297868,-2.673648774,-1.189084192,0.893758783,0.360676925,-1.430037284,1.296861874,-2.251891979,1.268523825,0.421469682,-2.547207676,-0.881647788,-1.380709983,-2.606396547,-0.675896827,-2.244316185,-0.975775379,-1.47797115,-0.166999541,-0.058795047,0.042484612,-0.932420114,-1.646101897,0.447182702,-1.917322692,-0.691348799,-0.770244231,-0.445350042,-1.167319487,-0.200404064,-1.258781041,-1.316022308,-0.831030888,0.634405161,-1.059007034,-1.42129997,1.215950781,-2.032557956,0.850321855,-0.792525625,0.095219267,-0.476263179,-1.110482461,-0.643214812,-1.058430499,-1.855978042,-1.117489344,-0.819844834,-0.863224011,-1.568295969,-0.837479551,0.944061529,-0.994252273,-0.438039954,0.115023677,-2.234926445,-0.096180559,-0.973919845,0.591169824,-0.509659637,-1.121164693,-2.343407088,-0.663394222,-0.222893583,-1.612944052,-1.587187304,-0.926341068,-0.675503745,-0.084251552,-1.32275634,-0.853315933,-2.233992302,0.068966205,-0.4522423,-0.655851396,0.262364265,-1.271538124,-2.026469657,0.778407025,-2.53577898,-1.228265497,-0.679441534,-1.782007178,-2.423623421,-2.202739758,-0.434945413,-1.561600583,-2.343407088,-0.759286983,-1.714798428,-0.473851021,0.221382001,0.183487543,-1.200312844,-1.197990733,-0.6267978,-1.792159549,-0.703803761,-1.186460379,-0.882614206,-1.828838478,-0.24041688,-3.313186504,-2.537042404,-2.791975436,0.109482011,-1.783196239,0.105350516,-1.627601883,1.201439599,0.946004862,-0.187293898,-2.205458382,0.986935571,0.007472015,-2.795243413,1.22893855,-0.167945391,-0.123637641,0.059306106,-1.561124052,-2.017406151,0.100388174,-0.04940035,1.408104775,0.502228777,-0.657394011,-0.656044093,1.214230019,-0.504015532,-1.051824127,-1.344384958,0.392042088,-0.704814985,0.331459695,0.16135325,-0.847464541,0.273608503,-1.603455841,-0.339817827,-0.407667532,0.02508278,-1.805452796,-0.197841369,-2.249044326,-1.852146619,-1.152329571,1.321569156,-1.206643033,-0.476102188,-0.611567194,0.112435429,-0.754597143,-1.314159763,-1.444771291,-0.87562875,-1.655481851,-0.929882685,-1.797576355,-0.050241216,-0.480134776,-0.423578164,-2.141316945,0.13208034,-1.022484928,-0.24794867,-0.126697653,-1.215033752,-0.50385001,-0.55809195,-0.261234902,-2.086667587,-0.019692633,-0.308293026,-1.956869989,-1.770781063,-0.140066989,-2.73183073,-0.853315933,-0.848632083,-0.018265809,-1.30600553,0.229443664,-0.926341068,-0.851908473,-1.38230234,-0.805420423,-1.060161102,-3.172469452,-0.619710863,0.830776416,0.107867371,-0.226775138,-0.689752948,-1.811554097,-1.096015663,-0.21183276,-1.234432012,-0.081210055,-1.264076728,0.16109792,-0.691348799,-0.691348799,-0.536485371,-2.336141877,0.514558647,0.221301856,-1.020263322,-2.440698395,-0.967847219,-0.25334506,0.973426923,-0.401224114,-0.47997316,-0.670603216,-0.904362161,-1.849600469,-0.323516526,-2.124438908,-0.34052042,-2.292634762,-0.039364724,-0.688756832,-0.718464989,-0.151869949,1.171056974,-1.481924592,0.871711689,0.426574071,-0.343194782,-0.695349604,1.101707494,-0.044056386,0.906846273,-0.563699113,0.844579884,-1.715910157,-2.409057338,-0.087738914,-2.502256288,-2.787093408,-0.317591603,-1.539445541,0.171597593,1.365504747,-1.784982485,-0.282760868,-2.172434409,0.059494572,0.850364582,-2.574393816,0.43041785,0.019508466,0.216078654,0.056474847,0.998939272,-2.75986995,-0.231553819,1.182555074,0.310641477,-0.476424197,0.868276267,0.999749138,1.332999064,0.584169018,-2.093134869,-0.282362911,-1.175061461,-2.049494465,-1.836338513,0.150400801,-0.364131245,1.085459502,-0.586986985,-1.849600469,1.388417107,-2.352826309,-1.844527535,0.961531748,-0.752472647,-1.555897146,0.330813398,-0.581963652,-0.612673796,-0.559315833,-0.482238167,-0.342349474,0.110467453,1.149843915,-0.064111946,0.429767401,-1.159318164,-0.187655758,-2.472187877,-3.064011114,0.039028387,-1.083526651,-0.052241112,-2.737994078,-0.52306691,1.239909284,0.945694182,-1.492544161,-0.980829253,0.327863862,0.684005523,-2.3892329,-1.623536837,-2.748872196,-2.548485631,-1.804844709,0.665570413,-0.828279855,0.117338492,1.05200973,0.006180859,-0.214555534,-2.319731252,-0.022552405,-0.902634405,-2.410170304,-1.117489344,-2.656406968,-0.334075112,-0.576431381,-0.349415642,1.336473666,-1.64713978,-1.318635713,-1.738408294,-0.489879859,-0.321721565,1.007118152,-0.348990261,0.093490343,-2.245260026,-0.778922958,0.729720161,0.554172428,-0.319654452,-0.988055298,-0.752260445,-0.269973139,-0.592035679,0.028587457,0.013705647,0.019704583,-1.105939064,-0.497909399,-1.901128006,-0.052662653,-0.582142623,0.916290732,-0.10280822,-1.479726306,-0.199671195,-0.340379862,-1.264784944,-0.400179104,-0.204199135,0.798992579,-1.848329821,-1.090644119,-0.250643225,-0.075262485,-0.662424008,0.751085846,0.301658939,0.812795143,-2.018911042,-0.953214086,0.130940539,0.019802627,-1.741256487,-0.338975367,-0.499391246,-0.070529766,0.126896933,-0.71355399,-1.10473097,0.61453678,1.231218253,0.433015422,0.596305829,-0.675307262,1.174368901,-0.13250335,1.028583166,-1.787369121,-0.173639356,-0.036767724,-0.110596421,-1.673976434,-1.233401615,-2.200931439,-1.14538948,-0.290887203,-0.636577829,-1.233058385,-0.277995803,-1.504177402,0.016463726,-2.3227878,0.672025684,0.567980704,-0.741707371,0.350093333,-0.068814316,0.160757379,-0.082729648,0.491703965,-1.335601247,-0.010252377,1.187782445,0.493537034,-0.039572775,-0.34601765,0.481870439,0.286606494,-2.156754645,-0.969955257,0.906159585,-0.738144547,-0.848632083,-0.263184601,0.070458464,-0.559490796,-1.037611267,0.331244309,-0.27641248,0.767094426,0.891629119,0.016168581,1.338075284,0.283674051,-0.574298047,-1.031421039,1.109255449,-1.293897512,-0.217534313,-2.098012927,0.303137027,1.090244039,-1.10473097,-1.771956842,-1.899790213,1.214319096,-1.217058044,0.239725311,-0.598746505,0.232460018,-0.055195636,-1.142250746,-0.033453376,1.419269651,-2.240549702,1.221979703,-0.054561788,-2.189256408,-0.207516295,0.526797393,1.415489019,-0.855901432,-0.022654691,1.369148202,-1.528318861,0.393460001,-1.981226494,0.369699752,0.47865361,-1.993630885,-2.175071773,-1.579393791,-1.301585633,-2.310617265,-0.907330991,0.157260126,-0.537340729,-0.814862939,1.215031432,-0.62735944,-2.161085531,1.321489138,-0.184403723,-0.322825775,0.901664285,0.802270608,0.308366664,0.007472015,-1.485451933,-0.119008787,-0.227904868,-1.666008264,-1.385494681,-0.285551011,0.366100385,-1.609437912,-2.247150386,1.124897129,-1.999521919,-0.886246611,-1.882559834,1.119786524,0.493659119,-0.861092571,1.167671825,-1.545055654,0.60070289,-1.028060633,-1.300116665,0.00019998,0.28570512,-1.77136878,-2.95459033,-0.673540651,-0.389640973,-0.225270812,-1.206308864,-0.002202424,0.267887445,0.292072421,-0.852846559,0.113060792,-0.504677893,-0.555997342,-0.32573014,-2.226550407,-1.389900857,0.085443482,-1.519140275,0.887520818,0.244983318,0.153664848,0.315029694,-0.602758181,-0.825308084,-1.39070407,-0.298001805,-0.623807703,1.306412057,0.284502021,0.366100385,-0.608438453,-0.362405619,-0.400179104,-1.649218782,-0.356103679,1.153068908,-2.166307475,-2.395797475,-0.241180239,0.287657072,-0.99912901,-1.756199294,-0.449103565,0.630420351,0.833126491,0.538654776,0.937229968,-1.9618363,-1.127320453,0.034014879,-2.224698554,0.145830448,-0.644357016,-1.472724089,1.035991927,-1.48722028,-0.476424197,0.111183529,0.370666603,0.634617238,0.867184518,0.640642627,1.345316104,-0.483696956,-0.303675962,-2.479322272,-0.359106469,-0.008132983,-1.62049886,-1.448595387,0.521231297,-2.282782466,-2.515778314,-2.365524893,-0.021427947,-0.646645347,0.220018674,-1.995100393,-2.357041279,-0.833559334,-0.036560255,-1.608438412,-1.121164693,-0.867738691,-1.665479303,-2.303585593,-1.279415,-2.278868566,-0.408569923,-0.981095955,1.054242341,-0.951658876,-0.285151943,-0.902634405,-0.047091608,0.447374511,0.531098729,-1.294992203,-0.764643182,1.17040568,-1.920729851,0.834429705,-2.783851915,-2.162823151,-2.204551353,-1.247228313,0.879004147,-0.405865188,-1.464904762,-0.620454495,-0.510992304,-2.167180456,-1.925519459,-1.775492497,-2.30058709,-2.084253099,-0.117995558,-1.018600351,-0.344464087,0.198194906,1.113533741,-1.397557553,-1.397153105,-1.017493237,-0.286882392,-0.054878662,-1.733867991,-1.877317358,-0.527971783,0.197620594,-0.631863952,-1.710917081,-1.96254779,-1.212341054,-0.187173308,0.878630401,-1.166355941,-0.460607908,-0.679244275,-0.835171681,-2.303585593,-0.477390848,-0.685575915,-0.872034641,-0.655273528,0.330813398,-1.46967597,-0.158409737,0.670645915,0.506335559,0.3074847,-2.064355904,-0.068600092,-0.236735505,-0.017960325,-2.025711219,0.568773726,-0.137883707,-1.942117351,0.630899367,0.258047267,0.136103083,-2.18213894,-0.224269185,-1.059583902,-1.100514096,0.24027595,-0.333795821,-0.95581149,-0.174472442,-0.611935925,-0.925836145,1.202671959,-1.588655373,-1.988504547,0.043538302,-1.115961927,0.172187042,-2.089087919,-0.294908118,-1.465337569,0.051168287,-2.173312757,-0.204935332,-1.596028226,-0.933436891,0.377134218,0.251225535,0.160331539,-0.136163425,0.37939488,-0.24679608,-2.137918471,-0.709073331,0.279372645,0.993622075,-2.478129666,-0.746337009,-0.079692769,0.164072722,0.168898537,0.192024332,-0.08762975,-0.889892258,-0.110931561,-0.668649709,-1.123007446,-1.250016743,-2.143873402,-2.163693094,-0.356674944,-0.794073099,0.094036642,-1.283737773,-0.872034641,-2.45457145,0.008761506,0.658038003,-0.279713903,0.810752423,-1.056702886,-2.040990355,-1.868208641,-2.557477343,-2.260483917,-0.575008653,1.315952366,-1.799993274,-0.83171983,-1.247924692,-1.222136775,-0.662811981,-0.345028739,-1.127629238,0.395414772,1.169195007,-0.02583076,-2.409057338,-0.204935332,0.422715462,-1.00184862,0.109750864,-1.218071729,-0.250386288,-1.559695821,-0.232815171,-0.403766552,-0.420832585,0.486000002,1.021659248,-2.092324168,-0.131932671,0.153579088,-0.607887337,-0.530688253,-0.917541514,0.457298257,-0.594388409,-0.153617489,0.323459364,0.138108402,-0.041238748,0.013113639,0.569396373,-0.045625178,-0.27628065,-0.852377406,-1.085893516,-0.500380366,-1.431291727,-2.050271164,0.22218309,0.445710937,-1.628111178,0.916090712,-1.093923299,0.18015254,-1.600973834,-0.678849876,0.431457688,0.745122742,-0.657394011,-0.749505914,-1.366099654,-0.611198598,-0.679441534,-0.37164356,-0.694748462,-0.55321134,1.184637068,-1.368061593,-0.567572358,-1.317141502,-1.37081479,0.892940218,0.756732122,-0.482886255,-0.668844888,0.202369252,-0.088066479,-1.87470639,0.655601065,-0.183802653,0.048218572,-2.214574216,-0.702793558,-1.019154367,-0.387428746,-0.894284652,-1.127938118,-0.747603366,-1.364532869,0.207989304,-0.222393832,-0.942121492,-1.077340153,-0.099047154,-0.499720844,0.472562852,-1.609437912,0.282091474,0.008464078,-0.228030473,0.069899127,0.568207346,1.031296581,0.226099179,-0.962596485,-0.163813885,0.197456444,-0.411885676,-0.578034374,-0.978698192,-0.611014351,-0.240544066,0.137411356,-0.329754849,-0.819164021,-0.407667532,-0.249230886,0.021761492,-0.840719545,-1.650780876,-0.670994376,-0.310064023,0.232222215,0.280053045,-0.444257913,0.215353286,-1.34822816,-0.326145739,0.016168581,-0.338414121,0.619662091,-0.553733125,0.546559496,-1.619488248,-1.142564176,-1.611439915,-1.271181554,0.608569204,0.667572929,-0.732095931,-2.121097217,-1.039588948,-0.111602177,-0.509326748,-0.446599652,0.041237908,-0.455548608,-2.394700382,-2.102914898,-0.909563411,0.320415442,0.093854576,-0.131476363,-0.785701162,-1.840739651,-2.195526021,-1.323131786,-1.283376827,-0.71539279,-2.327902901,-1.432547746,-0.054033889,-0.590049223,0.466811038,0.558186195,0.176471143,-1.008131936,-0.66533748,-0.840719545,-1.052396865,-0.134903763,0.099302201,-0.794958447,0.556525303,0.801014551,-1.214359897,-1.375948069,-0.609909582,-2.096384262,0.034401427,0.337971113,0.30498157,-0.003305457,1.363230422,0.400050475,-1.442229994,-0.188138442,0.385058298,-1.876011022,1.195980954,-0.063046302,0.209044627,-0.308973808,-0.170906952,1.339831487,0.380899154,0.147557564,1.246831124,-0.846997905,-1.205640861,1.079123612,1.393964867,-0.533753128,-0.575008653,-1.211333159,-1.514582381,-0.704612659,-1.608938037,-2.307597635,-0.248333162,-2.18036746,-2.10701831,-1.768433644,-1.475344178,-2.045619993,-0.34969933,-0.208870892,-1.356347285,-1.576003136,-2.407945609,-0.379943571,-1.432966769,0.912764522,-0.176737179,-2.487710577,0.137585663,1.410181772,1.307711005,1.407297248,0.36852446,0.198604927,-2.474560358,-0.809456303,-0.980829253,-0.551300456,-0.769164667,-0.377023435,-1.796973036,-2.692669099,-0.735428573,-1.760842367,0.244748475,-0.977634362,-1.223155624,0.199424465,-0.314573768,-0.255408512,-1.142564176,-2.230264431,-1.113522901,-0.467446901,-0.353394616,-0.48240015,-1.487662856,1.413131015,-2.413516654,1.080074861,0.702948986,-1.435484605,-1.229974607,0.589230067,0.635994649,-1.165072655,0.060906935,-0.725463782,0.568773726,1.014360736,-1.755620423,1.333816155,1.314932615,1.176437154,-0.665726585,1.268158138,-1.747551215,-0.862039317,0.728079867,0.442503956,-0.849099482,-0.023780529,0.869618324,-0.743598724,-2.284745175,-0.310200384,-1.187443502,1.229260362,-1.527397202,0.926834946,0.681378197,0.479644506,-1.498343865,-0.477874524,-0.893062606,-0.252958636,-0.906092907,-0.522729528,-0.995875211,-0.410829471,-1.46403971,-0.262794357,-1.799388496,-1.351699716,-0.958937307,0.703542957,-0.02081514,0.250992154,0.488764047,-0.777398733,0.39386475,0.937973943,-2.220083872,-1.020263322,-1.381904013,-0.481105022,-0.21418381,-0.437265421,0.56155676,-2.107841016,-0.890622985,-1.033105487,-0.011263192,1.100809872,-0.386545223,-1.122700084,-0.346300375,-0.092224944,-0.160873226,0.102105223,-1.752731082,-0.55582299,-1.291711719,0.111451925,-1.820158944,0.277858984,-1.629130546,0.232142935,-0.374548006,-0.573942933,0.020488666,-0.919546025,0.299956433,0.247250627,-0.136278018,-0.597837001,0.03237038,0.559558643,-1.247924692,-0.504843552,-1.088562953,-1.375552265,-1.784982485,-1.170538028,-1.740686199,-0.812155967,-0.191644884,-1.391105918,-2.252843001,-1.431710225,-1.651302117,-0.2749633,-0.019080888,-1.624044065,-0.964168812,-2.27789248,-0.863935502,-0.433247489,-1.426699776,-0.853550702,-0.303811454,-0.423578164,0.024399887,0.26589648,-1.314159763,0.362905494,-1.601469743,-0.835632829,-2.126952524,-1.74869998,-1.951224244,-2.065144237,-0.765287858,0.619016131,-2.296603021,-1.948413279,0.000299955,0.904258636,-1.381107834,-0.571460662,-0.676093426,-1.523719037,0.396827915,-1.834458224,-1.770193691,-0.812381269,-2.213658884,-2.346536981,-0.575186383,-1.646101897,-2.076246651,-0.473048259,-2.147292209,-1.797576355,-0.71621112,-0.590771114,-2.262403303,-0.603123678,-1.968258013,0.684913376,-1.969690678,-1.105636904,-1.745257636,-2.016654554,-1.646620704,-0.030665414,1.333473585,-1.448595387,-1.644029357,-0.643405089,-1.705398304,-2.106196279,0.934994717,-2.473373414,0.15315018,-2.32995629,-2.225624052,-0.162871933,0.251069954,-0.095410185,-0.571637763,1.370647586,-2.519498095,-0.654695994,-2.020418201,-0.763355076,-0.428784913,0.916650667,1.368817527,-2.391416307,0.559615788,0.151690513,-1.641444709,0.961264098,-1.545524587,-2.907721396,-1.10473097,0.576276229,0.724984937,-2.047942875,0.109213085,-0.012072581,-2.3227878,0.154779054,-0.199060881,-0.808558032,0.240983469,-0.176021444,0.010841023,-1.970407781,-2.200028505,-1.884532869,-0.203095856,-2.567853571,-1.274752986,-2.624168717,-0.978698192,-1.746403768,-0.612489278,1.117957295,-1.115961927,0.703394497,-0.834019739,-2.649309706,-1.33484108,0.41693244,-1.36963392,1.362974556,0.255726901,-0.89086668,-0.200037563,-2.461580825,-2.33407576,1.281628049,0.075014704,-2.425883309,-1.154547921,-2.058071516,-2.373007557,-0.020100672,-0.457284857,-1.510045169,-1.497002483,0.740936844,0.044973366,-1.05641524,0.81181871,0.169489578,-1.5847453,-1.965398826,-0.58411342,0.394067063,-2.051826375,-1.461449035,-0.468245176,-0.412036654,-0.72649716,-1.413460029,1.038897669,0.298473634,-1.988504547,-0.284221401,1.144955016,-1.544118446,1.012436926,-0.315807236,-0.550606494,-0.331842968,-1.921412678,-0.329337748,1.188392052,-0.079476202,0.494635264,-1.378723096,0.484522715,-1.337123317,-1.205307027,-0.100372974,0.95612664,-0.398539148,-0.108922407,0.641485397,-1.854060495,-0.457758903,0.136190355,-0.805644212,0.45082081,-0.83149013,-1.23031678,-1.28916765,0.502047206,0.993622075,0.567073623,-2.226550407,-0.515838166,-0.852377406,-0.167708844,-2.523231764,0.578689859,-1.612442422,-2.36765709,1.250932723,-0.992362169,-1.25281297,1.393071345,-0.03853295,0.440252934,0.692096629,0.51962678,-2.098828256,-0.525939262,0.244748475,0.203022473,-0.26188438,1.26226058,-0.165228479,0.379531726,-2.33407576,-2.290656522,-0.703197516,1.01808891,0.163563384,1.364815329,0.721637451,-0.41581852,-1.567336736,-2.280823601,-0.083599024,-0.333097936,-0.49807394,-2.231195097,-0.374257181,-0.356246464,-1.296819355,1.437557655,-0.136965855,-0.414001439,0.046788162,0.106969221,1.143394431,-1.026943002,-0.444101992,-0.218778094,-2.094758246,0.808794604,-1.227241431,-0.673344553,1.106944149,0.652168924,-0.923818998,-2.219163485,-0.49446027,0.519507824,-0.156069186,0.716473006,-0.948555693,0.707543061,-0.072248164,-0.517346841,0.387029546,-0.404066087,0.029267498,-0.260066905,1.286915917,0.223223548,-0.764428383,0.829250264,-0.40917197,-2.24620476,0.302546054,0.729430893,-0.669821355,1.173874357,-0.363987329,-0.045729852,-0.41536394,-0.876829663,-1.388697246,-1.857899272,0.69629223,0.306233918,0.127161146,-1.599487582,-1.0336676,1.298664611,-1.811554097,-1.129483952,-2.44184716,0.575151622,-0.972596568,-1.814618763,-1.296453657,-0.045206593,-0.348848508,-0.927857368,-0.510992304,-0.62008261,-0.423272727,-2.316684017,-0.076557123,-0.269580237,-1.465337569,-1.347458337,-0.789217649,-0.598746505,-1.152329571,-0.865597618,-2.197324582,-0.183081846,-1.280134165,-1.922779732,-0.867738691,-0.958154936,-1.085005285,-0.95010608,-0.702591639,-0.478842578,-0.267487365,-1.296819355,-1.256670593,-1.528780009,-1.188099455,-0.609541597,-0.141102841,-1.221458119,-0.936748574,-2.582298996,0.607207956,-0.854020406,-2.560061323,-1.403237082,-1.07557959,-0.544037758,-1.133514341,-1.528780009,-0.424800844,0.464362749,-0.764858028,-1.352472813,-2.364460497,-0.662036186,-0.136507245,-0.292225713,-0.562294372,-0.26918749,-1.149484619,-0.971010944,-2.257611727,-1.682008605,-0.278788405,-1.279055611,-1.253863574,-0.902634405,-1.96254779,-1.537582475,-1.240636789,-1.810330855,0.258279008,-1.008954417,-1.246184653,0.384649968,-1.174737679,0.577287295,-1.232715273,-1.302320927,-0.878754128,-0.796509694,-0.531028331,-0.412187654,-0.660486398,-0.879717752,-0.525600909,0.136364875,-0.528480559,-1.313043899,-0.731472295,-1.875358493,-2.63945741,-1.822631133,-0.97418471,0.072134598,-0.742757681,-0.503519049,-1.949817774,0.6354651,-2.442997247,-1.576970722,-1.244794799,-2.438404816,-2.686778066,-1.303056763,-0.702793558,-0.033556784,-0.849800991,-0.701784374,-0.453343188,-1.07089985,-1.702101597,-0.017044435,-1.332564039,-1.182863841,-1.982677873,-3.393229212,-2.685310714,0.387233247,-0.178289696,0.303875252,-0.786359562,-1.953337665,-1.459725639,-0.864172778,-0.342631164,-1.108056748,-0.619710863,-1.229632551,-1.45328923,-0.532560116,-0.747814582,-0.318003832,-0.6361999,0.611665939,-1.698815724,-0.918292735,0.298251024,0.539063165,-0.870600606,-1.001304106,-0.393042588,-0.76507292,-1.299382989,0.456411676,0.281638849,-0.387723427,-1.310445049,0.68077091,-1.579393791,-0.960765222,-0.502361545,-1.322381035,-1.949817774,-1.750425606,-2.20909475,0.984622051,-1.335221091,-1.009228728,-0.430629082,0.107777592,0.703592438,-1.515947569,-0.828279855,-1.053830146,-2.303585593,-1.046969056,-2.698595042,1.343412956,-0.81712436,-1.342851803,-0.181881654,-0.434018916,-1.062762636,0.079180798,-1.013627965,0.303506208,-1.03732906,-0.690949597,-0.887703275,-2.48530673,0.05921186,-0.074831311,-2.73183073,-2.436116486,0.013607003,0.450884518,-3.034473102,-1.213013549,-2.073061935,-0.732719956,-2.565249403,0.556754556,-0.340660997,0.284351532,-0.292761618,-0.457600863,0.004489905,-1.087079053,-0.150357882,0.081395638,0.463796907,-1.45328923,-0.044788183,-0.843272639,-0.137539414,-0.602758181,-0.137080541,-1.595535007,-0.054984308,-1.285544458,-2.952672784,-0.361831071,0.379189577,-0.15455076,-0.383605774,-0.927857368,-1.901128006,0.029655885,-3.669076827,-1.935168053,-1.505528449,-1.89645354,-2.035616062,-1.657578288,-0.550953415,-1.480605041,-0.256571077,-1.240291067,-0.984837274,-2.305589602,-0.544554777,-0.931912113,-0.48694635,1.239069641,-1.049822125,0.14384057,-1.643511893,-2.689719244,0.681681703,-1.022206958,0.001199281,-0.044788183,-0.21815601,-0.379797361,-1.480605041,-0.553733125,-2.221005106,-1.730476241,-0.812832024,-2.105374924,0.831995662,-2.320749064,-0.513830133,-1.893792195,1.186195724,-3.223888367,-1.23065907,-0.553907114,-1.647659125,0.716668376,0.847283575,-0.22589734,-1.361406646,-0.828737835,-0.846997905,-3.278095185,-1.019708691,-2.767800206,-0.596746686,-0.169010543,-1.088562953,-1.745830537,-1.152329571,-1.775492497,-1.452861605,-1.74869998,0.925646827,-1.739546598,-0.42694414,-2.636660205,0.665107724,-0.524079739,-1.72878467,0.192189376,-0.487434671,-1.142877705,0.286831711,-0.852611955,-0.189950584,-2.66068963,0.824526259,-1.156771203,-0.211585603,-2.269150317,-0.025112701,-2.385966702,-0.009141658,1.05106635,-2.158484749,-0.01349059,-0.544210068,-0.413094135,-1.5711792,-0.223268559,-1.23065907,-1.711470638,-1.64506509,-0.29410264,-1.234088428,-1.696085719,-2.882403588,-0.963120319,1.187111447,-1.152329571,-2.842153186,-0.412640792,-0.56951462,-2.775793853,-0.297732408,-0.319792126,-0.135705182,-0.47096409,-1.058430499,-1.831956659,-4.803621125,-2.463928243,-1.12639467,-0.454602833,-1.30600553,"BL"
"59",-2.683845512,-2.117766656,-0.523235644,-2.174191878,-0.448946887,0.543021722,1.338730944,0.194250128,0.599275965,0.637370165,1.527772222,0.28735702,1.661460941,0.043538302,0.953355276,-0.438194933,-0.439435628,1.069938428,-0.573233084,0.831212032,-0.527971783,1.664531975,-1.111393623,1.462769173,1.378110968,1.458870804,-0.540254434,0.511325499,-1.206308864,-1.191056579,-0.795622972,-1.254214021,-2.321767912,0.603605332,1.373538348,0.506034163,0.083329608,-0.326422901,-0.227026079,-1.013627965,-0.238130294,0.889494909,-1.571660548,0.053825087,-0.393487131,0.444365257,1.385669166,1.270715145,0.979903825,-1.9618363,0.589063627,-0.687960654,0.010841023,-1.006762635,1.346903634,0.506576609,1.550600443,-1.857258451,0.99061868,1.189823169,1.473411982,1.551490952,-0.517179098,-0.530688253,0.035174075,-0.727324632,-1.551169004,-0.726083681,-0.670212209,-1.89578754,0.241533416,-0.108922407,-2.043302495,0.906523184,-1.199980783,1.153605397,1.035388459,-1.340556469,-2.017406151,-0.972332123,-0.712126147,-1.260895952,1.387593517,0.057230633,-0.234963128,-1.513219055,0.732560183,-1.170215708,-1.611941043,-1.069441911,-0.451299644,-0.160520927,-2.715074816,1.424168014,-1.611941043,-0.430167721,-1.029739424,-1.577454867,-0.497909398,-1.877317358,-0.055724149,-0.363843433,-1.100814712,-1.380709983,-1.339410775,-0.652005237,-1.817077277,-2.32585372,-0.456653145,-2.194627951,-1.305267522,0.425725147,-0.619339253,-1.015558734,-2.016654554,-2.429282746,-2.977892355,0.122571552,-2.284745175,0.275356423,-0.618225254,0.146521653,0.231429131,1.248238463,-1.407313728,-1.010052112,-2.07544952,-0.731472295,-1.831956659,0.170333317,-0.453343188,-2.258568208,0.11520193,-0.91030866,-0.648173815,-0.42159449,-0.084795652,-0.06592615,-1.842000686,-0.025010163,-0.2714151,-0.010757657,-2.200931439,1.520606699,-1.966112856,-0.942121492,-2.440698395,1.543768085,-0.545417069,-2.339249077,1.316193733,-0.226524259,-1.158362293,-1.824489294,-0.551474022,-2.050271164,-2.24620476,-0.26487742,-0.254505228,-1.715910157,0.37973696,-0.960503887,-0.652005237,-1.46967597,0.61020026,0.127425288,-1.725971729,-1.449447176,-2.268183666,-0.370049703,-1.343234872,-1.425867136,-1.657053766,-1.789162843,-0.098826354,0.515634045,-2.131155977,0.13496786,-0.08349031,1.032686139,-0.222268934,-2.098828255,0.690694174,-1.924148657,-1.558269626,-0.899187824,-1.751001477,0.07278567,0.504344668,-0.885276678,-2.043302495,-1.667596827,-2.103734234,-0.051503843,-1.432547746,0.004191205,-2.096384262,-0.633369977,-0.546798284,-0.900663476,-1.77136878,1.702144706,-2.293625352,-1.494325105,0.385262401,-0.09805394,0.695045378,-0.805420423,-0.428477882,-1.11932533,-0.845366394,-0.410527902,-0.649130295,1.196253084,1.128138728,-0.382139283,-2.343407088,1.399432674,-1.762006511,-1.955455562,-0.559490796,0.007868958,-0.480619782,-1.74239804,-0.70623242,0.048980622,-0.716620537,0.178146185,-0.989937272,-1.765507098,-2.392509801,0.796290239,-2.009915479,-1.54271428,-1.706499625,-1.924148657,-1.671845373,-0.114737677,-1.072652187,-0.983766897,0.916290732,-0.582858827,-0.717234976,-1.835084594,0.75315985,-0.84769794,-1.131962268,-1.515037237,-0.735219957,-0.530518257,-2.011409131,1.520934514,-0.781541331,-0.011667805,-0.435408984,-1.902467591,-2.099644249,-2.353878387,-2.375155786,-1.107451237,1.165086435,0.588342066,0.210017784,-1.735001135,-1.030860187,-0.296386513,-1.084413569,-0.609173747,-1.934475771,-0.753321904,-2.085862109,1.581634968,0.072506691,-1.740116236,-2.258568208,1.512288041,-1.733867991,0.645321551,-0.30598183,-1.412638336,-1.406905315,-1.552112846,0.044399587,-1.831956659,0.821144539,0.343731538,1.150287177,-0.860146721,0.942036448,-1.866914143,0.486430467,1.690851987,-0.052662653,1.077490792,-1.342468882,-0.427710717,0.350445582,0.656431328,-1.728221448,-1.900458886,-0.232310439,0.903448624,-2.366590423,-0.151986357,0.01498713,0.018330957,-1.360236827,1.127588397,0.086544601,-1.391105918,-2.007679175,-0.099157572,-0.5642264,0.636841344,-0.80609194,0.810352271,0.769645152,0.629141851,-0.695550065,0.813149973,-0.098936748,-1.984858899,-1.111697528,-2.406835114,0.449354394,-0.864647499,-1.219424909,-0.943405024,1.319620228,1.603299108,1.371561362,0.256500955,-1.715354138,1.123304901,0.604315967,-0.14317777,-0.193948893,-2.187472286,-0.99398204,-0.567925216,0.014790085,0.661862891,0.303137027,-1.440961762,0.006478966,0.610471844,1.637597678,-0.646072773,-0.230168166,-1.701553201,-0.771108722,-2.520741103,0.399916409,-1.856618042,1.437153811,-0.263705163,-1.682546384,-1.579393791,-2.086667587,0.917689753,0.710102621,-0.854725376,-1.458005209,1.565674095,-1.211669011,-0.452085129,-1.613445934,-1.226900309,-0.153034636,0.208638865,-1.081755172,-0.787677664,-0.179724931,-1.184497028,-1.100514096,-1.559220196,-0.761854379,-0.880923588,-0.417638909,-1.338266392,-1.664422221,-1.843263312,-0.096951526,-0.064965279,-1.612442421,-1.118100965,-0.451613764,-1.045261113,-0.615630738,-2.975929646,-0.551994901,-0.624367665,-1.335601247,-0.89037935,-2.089087919,-0.468884256,-0.621198681,-1.391507928,-1.073529508,0.080842388,-0.76035593,-0.003205131,-1.329536027,-1.516858731,0.299289445,0.103639035,-0.939303506,-1.204973305,-0.788777412,-1.191056579,-2.695627681,-2.274969926,-0.924574951,-0.694347901,-1.49744941,-1.302688777,-1.928266714,-1.32425897,-0.200159715,0.414358775,0.132255579,0.412043423,0.086452888,-0.220521991,-0.447694342,-1.125161624,-0.722988023,-1.79275997,-0.809456303,0.049551779,-1.098712294,-0.035109177,-2.028748427,0.254409633,-1.692819521,-1.741256487,-0.770028225,0.168560642,-0.536314387,-0.508827621,-1.236495996,-2.401301066,-1.0336676,0.027809701,-0.862039317,-1.09302791,0.11172025,0.735488021,-1.282655326,0.127425288,-0.963906586,-2.018911042,-0.447381451,-2.587604048,0.065600457,-0.723606388,-0.295714244,0.502470819,0.490112582,0.997870719,0.757388783,1.309251317,-0.859910398,-0.685377443,-0.047406122,-1.485893726,-0.599110539,1.536974741,1.521000064,1.156566682,-0.027885203,-0.121264087,0.6452691,-0.079584479,1.088225196,0.4602689,-1.511404172,-0.162989628,-0.471604911,-0.269711187,0.759870813,-0.259548233,-0.897468978,-1.843895224,-0.230545881,-0.416880011,-0.180203801,0.566336014,-0.335612606,-0.333795821,-0.032110054,-1.139121832,-0.196623342,-2.280823601,-0.790760009,-0.113616727,-0.838404193,-1.176357637,0.520340216,-0.712533894,0.074365082,-0.044369948,-0.915541013,-1.349384007,-0.904362161,-1.189084192,0.411314633,-0.978432128,-1.023319305,-1.201974802,-2.191043718,-1.055840197,-0.320480784,-0.350692872,-0.485807861,-0.69254736,-0.727738625,-1.633730605,0.14106544,1.054973832,-2.302585093,-1.823869523,0.629088544,-1.7333019,-1.32425897,-1.698815724,0.035077527,0.532156494,-2.072267338,0.151260794,-2.055725015,-0.810805224,-1.763755273,-0.038221213,-1.427950036,0.677627369,-1.17409043,1.594912934,0.216159218,1.529940056,1.698547088,-1.787966671,-1.774902352,-1.403643999,-0.1537341,-0.785262469,0.344156919,-1.451579828,0.283899929,-1.251763468,0.525911261,0.518436587,-2.036382052,-1.427116356,0.306675549,-2.136223556,-1.981226494,-1.528318861,-0.845133538,-2.127791803,-1.585721386,-0.421746941,1.381633516,-0.52915933,-2.225624052,-2.569158202,-1.832581464,-0.164049512,-0.960503887,-0.197597644,0.860143571,1.083261736,1.534110736,0.661346868,-1.46793835,-1.463607464,-0.756939314,-0.20567207,-2.00619108,-1.783196239,0.285780265,-0.293163736,-1.020818261,0.492987466,0.137847067,-1.270112607,-2.087473713,0.323676433,-0.382579004,-1.461880348,-0.290619716,-1.148538097,1.082482907,-0.085340047,0.373217361,0.577231151,0.850236396,-0.726083681,-0.053400777,-1.033948775,-0.284354282,-0.423883694,-1.770193691,0.224902004,-0.100041354,0.12398598,-1.651823629,-2.590267165,-0.083055575,0.20057069,-0.115298624,-2.321767912,-0.271152771,1.082787738,-0.362980497,-1.146333025,1.018522358,-2.156754645,0.730442965,0.332751036,-1.849600469,0.358513253,-0.953733027,-1.885850393,-1.0744076,-1.532939941,-0.742757681,-0.543348815,-0.148036079,0.50071468,0.033047854,-0.963906586,-1.856618042,0.138282588,-2.077044417,-1.030579878,-0.737726224,-0.593482857,-0.290486,0.089475006,-0.690351093,-1.092133323,-0.166999541,0.74036468,-0.334913452,-0.473529839,0.842945546,-0.978432128,0.998497251,-0.550606494,-0.602210186,-0.701179352,-0.899187824,-0.566867015,-0.2646168,-1.347073648,-1.304898723,-0.771541248,-1.071191693,-0.769380487,-1.457146102,0.388454579,-1.196997191,-0.776963667,-1.115351613,-2.388142981,0.632706917,-0.293163736,1.418616333,-0.170906952,-1.458865054,-2.031032402,-1.034511363,-0.177334015,-0.944947441,-0.368747525,-0.898205264,-0.621943422,0.347765371,-1.218409852,-0.63111179,-2.409057338,-0.939047719,-0.690351093,-1.019985968,0.529980983,-1.928266714,-2.214574216,0.211313856,-1.974001029,-0.946492241,-0.262404265,-1.146018411,-2.042531188,-1.175709339,-0.413245295,-0.937769764,-1.558744798,-1.552585101,-1.783196239,-0.107585211,-0.291690094,0.066442957,-1.671845373,-1.256319285,-1.006762635,-0.597655199,-0.370773868,-1.288441961,-1.454573202,-2.538307427,-0.103473408,-1.206643033,-1.715354138,-1.926892143,0.277631737,-1.816462082,-0.100483539,-1.77136878,1.165491818,0.186645528,-0.600750331,-1.593072558,0.85143216,-0.27641248,-1.825729989,1.383314927,0.479582604,-0.159934038,0.609548157,-1.33484108,-1.160274949,-0.181881654,0.707592345,1.602856301,0.040565962,-1.203972804,-0.495280412,0.856328391,-0.496594042,-1.009777575,-1.62964062,0.939733784,-1.066241909,-0.589508146,-0.734802856,-0.925836145,0.279145741,-1.922095971,-0.244622583,-0.161695739,0.53555726,-1.453717037,0.047741996,0.011137744,-0.499226488,-0.751200112,1.568678416,-0.653349711,0.517662201,0.020194707,0.824876951,-0.803408575,-0.787238104,-1.121471583,-1.119019098,-2.337176538,-0.997229674,-0.748025842,-0.183682482,-0.675700267,-0.567395975,-1.004029646,-0.694147681,-0.111490376,0.225620481,0.450502207,-0.571283593,-0.428017513,-0.008233805,0.988239231,-1.015006705,0.742032578,-0.505174952,-1.502828177,-1.703199292,-0.88746035,-2.545931352,-1.22894879,-1.215708061,-0.640175296,-1.39070407,-0.628483667,-0.613412213,-0.716006475,-0.717030121,-0.456495279,-0.969164221,-2.492535677,-0.853081218,1.085155484,0.197456444,-0.757365753,-0.192493112,-1.125469743,-1.083231187,-0.124203603,-0.351261054,-0.3063893,-1.214696768,-0.540254434,-0.65027928,-0.791201121,-0.575186383,-2.42249539,0.265743165,0.57526414,-1.662838689,-2.680921534,-0.88746035,-0.564050607,1.377203161,-0.151288114,0.380215674,-0.241180239,0.445710937,-1.225536982,-0.699769057,-1.64092858,0.001598721,-1.004575647,-0.153267736,-0.667869373,-0.752260445,-0.550953415,1.19939233,-1.535258514,0.481808675,0.107508208,-0.614336,-1.058718725,1.142692968,-0.313068259,0.505069087,-0.949072221,0.186147562,-0.892086043,-2.946942109,0.243181445,-2.351775337,-2.282782466,-0.614151174,-1.008680181,0.232697764,1.505720491,-0.869645724,0.001399021,-1.079692404,0.448843831,0.418644543,-1.854699269,0.198686911,-0.03386707,0.225780073,-0.0329365,0.542324291,-2.573082341,0.054961558,0.912925074,0.016266972,-0.607887337,0.620737765,0.767326579,1.277065261,0.550027106,-1.325387426,-0.176737179,-0.829425199,-1.45328923,-1.351313392,0.465367901,-0.131932671,0.421928834,0.165005835,-0.813959801,1.488580155,-1.476656801,-1.789162843,0.230635417,-0.509992637,-1.297917251,0.024790169,-0.62008261,-0.91904452,-0.951141009,-0.483859176,-0.335472736,0.341886126,0.297062934,-0.2390189,0.446607051,-0.773489933,0.169151883,-1.468806783,-1.717023123,0.683702722,-0.865360003,-0.228910146,-1.701005106,-0.472085795,0.992621945,0.591335914,-1.246880305,-0.582858827,0.017250353,0.897189459,-2.482908647,-0.852142912,-3.399199379,-1.9618363,-1.21402314,0.57593898,-1.339792527,-0.043638457,1.012691226,-0.244494877,-0.551300456,-2.051048467,-0.207147178,-1.876663976,-2.385966702,-1.124237836,-2.053384007,-0.952695414,-0.438660013,-0.159112972,1.346331373,-0.880441079,-1.307483181,-0.045101974,-0.310064023,-1.142250746,1.253619744,-0.633935321,0.614590868,-1.915963073,-0.968373812,0.591834019,0.318453731,-0.523573197,-0.806539868,-0.722988023,-0.103140759,-0.549566452,-0.265007755,0.001199281,0.369215975,-1.349384007,-0.917041013,-2.273997636,-0.371933625,-0.792083928,0.693347161,-0.667284521,-1.802416049,-0.625488532,-0.771541248,-0.8495671,-0.283424482,0.737833698,0.32995102,-1.545524587,-0.75098818,-0.126470664,-0.01349059,-0.081969563,0.083973434,0.752500406,0.761739972,-0.645500527,-0.505838082,0.083605584,-0.201015199,-0.900663476,-0.279713903,-0.697356025,-0.243091189,-0.248846049,-1.89578754,-1.261248872,-0.165700456,1.382838396,-0.195285223,0.384377656,-0.910060182,1.578648754,0.044877759,0.837637059,-0.836786631,-0.701179352,-0.452871231,-0.196258223,-1.836338513,-0.608438453,-1.823869523,-0.856843273,0.129799438,-0.138802403,-1.493434237,-0.074939087,-1.647659125,-0.178170186,-1.180256278,-1.191714907,0.341033248,-0.248846049,0.360119006,-0.379797361,-0.004510155,0.593492577,0.554402221,-1.588655373,0.656898048,0.731117112,0.036813973,0.290129076,-0.747392195,0.004688989,-0.329754849,-2.149006005,1.247922702,0.7834905,-0.498238508,-0.737099068,-0.091896015,0.767883527,-0.480619782,-0.532900831,0.417261918,-0.095520202,0.612045579,1.065296772,-0.541284831,1.323940119,-0.105249411,-0.928110309,-0.913793852,0.934169942,-1.021651248,-0.235089622,-0.818030363,0.960269339,0.915210148,-0.916540763,-2.158484749,-2.104554242,0.961531748,0.004091618,0.237756264,-0.903374507,0.122748465,0.196717437,-1.530626732,-0.098605604,1.535683724,-0.373821103,1.117728406,0.210017784,-1.587676421,0.580650149,0.67813506,1.509440766,-0.785262469,-0.37164356,1.316917487,-1.40853997,0.176722578,-1.293168383,1.737936663,-0.053084371,-2.091514123,-1.636809109,-1.35751256,-0.304082494,-1.757358043,-1.120244589,0.159138221,-0.207516295,-0.800287056,1.393245148,-0.379066634,-1.791559489,1.26624313,-0.251671635,-1.144132804,0.202532597,-0.312794773,0.373561559,-0.346866066,-1.1858055,-0.251414433,-0.928869514,-1.134757735,-1.397153104,-0.50120538,0.524255044,-1.284460055,-0.967584026,1.306357898,-2.220083871,-0.899679466,-1.398366942,-0.62511477,1.060183262,-0.998314567,0.266279666,-1.535258514,0.09567375,-0.926341068,-2.001740034,-0.122732765,0.156832794,-1.0761661,-2.198225078,-0.381260419,0.159223506,-0.47176518,-1.189412653,0.050122609,-0.341645595,-0.414909567,-0.986981472,-0.258641204,-1.361016554,-0.854020406,-0.453028525,-0.981362729,-0.452556716,0.357394685,-1.530164732,0.368731965,0.612804428,-0.380528623,0.538246219,-0.474654427,-0.134560493,-0.608071008,-0.810355381,-0.677470701,1.421564975,-0.097943644,0.17302851,-0.396455814,-0.956592029,-0.455864066,-1.159636991,-1.033386504,0.814213709,-1.623029866,-2.27789248,-0.453815369,0.046406373,-0.376586149,-2.163693094,-0.888675565,1.388292364,1.311651631,-0.011768984,0.794936326,-1.78557861,-0.470483744,0.238229189,-2.128631786,0.071483102,-1.109875481,-0.83149013,1.157006975,-2.05494407,-0.506667614,-0.143754904,0.30032679,0.1434941,0.656483196,0.163053786,1.29850086,-2.291645153,-0.266442569,-1.272608597,-0.867500568,-0.126584152,-1.654958428,-0.135590654,0.143753964,-2.423623421,-2.009915479,-2.018158313,-0.426790895,-0.791642427,0.172102857,-1.701553201,-2.045619993,-0.623248053,-0.046881986,-0.417031744,-0.762711644,0.404598066,-1.159955919,-1.54975491,-0.404515559,-1.723166678,-0.084577976,-0.145488307,0.644429514,-0.216416231,-0.213069466,-0.688955976,-0.270628318,0.094855531,0.05552931,-1.497896538,-0.652389188,1.257011075,-0.50071029,0.504405056,-2.491327218,-1.385494681,-1.77254525,-0.790098707,0.776476788,-0.179007056,-1.039871794,-0.450044152,-0.717849793,-1.190069899,-1.232029402,-1.827593922,-1.77254525,-2.249044326,-0.562118918,-1.123007446,-1.181233317,0.056758334,0.810352271,-1.604450371,-1.349384007,-1.888490658,-0.780886095,-0.126470664,-1.304161532,-1.554003206,-0.687562802,-0.384486702,-0.526955006,-0.867976872,-1.032824548,-1.472288074,0.487290841,0.777304489,-1.031982206,-0.823939471,-0.332261116,-1.601469743,-2.363397232,-1.39513331,-0.474011651,-0.464896692,-0.427557355,0.200079612,-1.545055654,-0.895508193,0.923663486,1.249930389,0.634882272,-2.060423536,0.273836666,0.274140802,0.239410524,-1.955455562,0.369354221,0.860058947,-1.593564563,0.974748301,-0.087848091,0.116448813,-1.790959789,-0.463465052,-0.329198753,0.05287704,0.5691134,-0.455390917,-0.394821948,-0.424800844,-0.857078872,-0.99398204,0.725130226,-1.461017907,-2.141316945,-1.878625402,-1.291347884,0.536610323,-1.771956842,-0.463147188,-1.369240607,0.540986187,-1.142564176,-0.236482116,-1.059295426,-0.355532739,0.4065978,-0.004108428,0.238071572,0.643168811,0.121597972,-0.080993159,-2.020418201,-0.619339253,-0.162401289,1.000705407,-1.096614286,-1.086486109,-0.46140074,-0.209733864,-0.121715759,0.5132427,-0.845832268,-0.531879033,-0.150590359,-0.234078116,-1.283737773,-0.796066235,-1.683622811,-2.039451893,-0.096400774,-0.459024125,0.498712556,-1.736135565,-1.095716486,-1.862396549,0.445070363,-0.094200795,-0.224018934,-1.039871794,-1.377929445,-2.18213894,-0.743178114,-2.015153052,-1.828216006,-0.217410019,1.153416081,-1.347458337,0.080196542,-0.470483744,-1.275110832,-0.316355933,-0.19007151,-0.900417383,0.02264173,1.116255724,-0.172450437,-1.740686199,-0.820980552,0.168982992,-1.642477767,-0.431860419,-1.326894018,-0.491513313,-1.197659442,-0.083272919,-0.247820539,-0.688955976,0.468189485,1.51312523,-1.917322692,0.137237018,0.282468505,-0.747181069,-1.341703478,-1.332185035,0.005783245,-0.809007067,-0.268010173,0.312399075,-0.369760183,-0.686568865,0.04018179,0.491398126,-0.124316835,0.094309679,-1.749850066,-1.24098263,0.074086543,-1.338266392,-2.037148629,0.857559317,0.462664262,-1.468372472,1.100277568,-1.016663706,0.048694922,-1.200312843,-0.597291695,0.507540233,0.478901426,-0.465374361,-0.903868212,-1.041570548,-0.608989873,-0.402270217,-0.063046302,-0.953733027,-0.785262469,0.997096225,-0.88140633,0.325844534,-0.570575628,-1.481484548,1.12865641,0.435994313,-0.511826124,-0.914542261,-0.161930867,-0.998585975,-1.765507098,0.097943074,0.096400494,-0.302457358,-2.025711219,-0.580354353,-0.596383512,-0.155484903,-0.520202786,-0.703803761,0.042676274,-1.588165777,0.177225259,-0.01501212,-1.844527535,-1.474907019,0.345927395,-0.895018597,-0.029840842,-1.427950036,0.244905043,0.321866084,-0.636577829,-0.7271177,0.575601617,0.647835958,-0.381114017,-0.506003933,-0.283690051,0.2051425,0.13155444,0.27307592,-0.498897053,-0.730226189,-0.539739634,0.463293668,-0.582679728,-0.498732376,-0.264356247,-0.189587893,-0.151869949,-0.891598119,-1.928266714,-0.164992575,-0.089924708,-0.086647807,0.029752958,-0.606969484,-0.16735413,-0.271546291,-0.75395932,-0.571460662,-0.748871329,0.185981518,-0.459815703,0.602948913,-1.690647968,-1.375156617,-1.043840053,-1.130722343,1.367875776,0.885913995,-0.633935321,-1.62049886,-0.727324632,-0.111378588,-0.752684893,-0.539225098,-0.006018072,-0.205549243,-2.097198263,-1.400393285,-1.566378423,0.279221382,-0.503684516,-0.196623342,-0.362549307,-1.738408294,-1.937941979,-1.993630885,-1.419644341,-0.046462874,-1.911218909,-1.157089218,-0.233446444,-0.123750807,0.821804213,0.828901102,0.579474436,-0.48694635,0.046501834,-0.487109097,-1.583282955,-0.166881372,0.457488136,-1.063052113,0.185400146,0.398373354,-1.057854296,-1.166998202,-0.759714425,-2.327902901,-0.489553488,0.201470376,0.084984324,-0.111378588,1.251562248,0.171850257,-1.557794679,0.177643967,-0.010252376,-1.475781528,1.129658657,0.158370336,-0.319654452,-0.558441478,-0.313615454,1.464342774,0.296245303,0.431847349,1.229494342,-1.102319151,-1.331806176,0.721151377,1.383615777,-0.630548039,-1.346689107,-1.815232825,-1.760260802,-0.125223145,-1.612944052,-2.190149664,0.404864928,-1.902467591,-0.200281882,-1.69936262,-0.719696516,-1.484127721,-0.319654452,-0.13056437,-1.03423003,-1.610438413,-2.001000115,-0.52087596,-1.119019098,0.826803565,-0.014910613,-2.42249539,0.004390348,1.606192652,1.350356254,1.554686012,0.132430787,-0.098715973,-1.756199294,0.081579987,-0.068492996,-0.343617705,-0.32075638,-0.085557888,-1.769606665,-2.140466244,-0.694948803,-0.853315933,0.169573984,-0.11945944,-1.653912403,0.338256358,-0.804972996,-0.257734996,-1.115961927,-2.053384007,-0.69214768,-0.253731633,-0.052241112,0.072041553,-1.143191332,1.686269316,-1.906497147,0.77246655,0.631058988,-1.030019497,-0.839329691,1.112679546,0.89146511,-1.129793406,-0.463147188,-1.057278425,0.426704611,0.327215237,-1.643511893,1.407860139,1.631199404,0.758653983,-0.761211911,0.946354261,-1.736703263,-0.296386513,0.675899287,0.315686269,-0.009949331,-0.05794696,0.907572841,-1.906497147,-1.828838477,-0.016637641,-0.378044513,1.239504027,-1.061316504,1.094671199,0.395953348,0.639007734,-1.33484108,-0.341082849,-0.829425199,0.01242252,-0.104472022,-0.388165611,-0.905103542,-0.447068658,-1.696631124,-0.474493695,-1.873403458,-1.499687048,-0.695951108,0.949996264,-0.082838278,-0.185606948,0.75588721,-0.248333162,1.095273387,0.662430208,-1.387895642,-0.918042265,-1.512311202,-0.173996308,-0.361831071,-0.88673193,0.434894452,-1.708705914,-1.141311043,-0.623807702,-0.216664585,0.832735195,-0.757792374,-1.177980224,0.16220388,-0.327393573,-0.601297527,-0.47674631,-1.782007178,-1.034792776,-1.352859585,-0.263705163,-2.326877786,0.625189487,-0.686966321,0.005385472,-0.479004011,-0.557917231,0.503680156,-0.775008207,-0.614890683,1.066330115,-0.244750305,-0.611198598,-0.230168166,-0.072570693,-1.263369014,-0.805868051,-1.015282681,-1.023875943,-1.292804018,-1.595535007,-1.255266099,-0.712533894,-0.40241975,-0.75395932,-0.581248088,-1.585721386,-0.851908473,-0.257346873,0.069992372,-1.256670593,-0.939047719,-2.116935746,-0.666115842,-0.737517128,-1.260190484,-0.295445463,-0.186570571,-0.834019739,0.742651375,0.001798382,-1.32425897,0.62738124,0.624386425,0.002197584,-2.057288737,-1.597015392,-2.272055888,-1.580364665,-1.569256123,0.059683002,-1.279414999,-1.771956842,-0.13056437,1.108694624,-1.558269626,-0.502692124,-0.3315643,-1.287716798,-0.105360516,-1.527857925,-1.363750397,-1.51367329,-2.281802554,-1.825109449,-0.304760414,-1.337123317,-1.84010973,-0.93828075,-2.262403303,-1.240291067,-0.775659602,-0.862749965,-1.809109108,-1.497002483,-1.59405681,0.207583113,-1.585721386,-1.339410775,-1.678787991,-2.03408584,-2.090704734,0.069526063,1.071172573,-1.30600553,-1.984858899,-0.576965426,-0.881647788,-1.581822745,1.483421072,-2.081844426,0.744742929,-0.968900682,-1.929643177,-0.491186409,-0.540082805,-1.374761125,-0.68995229,1.567844787,-2.123602437,-1.39070407,-1.710917081,-0.1537341,-0.181521877,-0.006319929,1.427148355,-1.887829938,0.519091368,0.293117275,-0.785701162,1.42055085,-0.695349604,-1.583770166,-0.621570982,0.657934425,0.318817301,-2.068303797,0.123102197,0.415415439,-1.731605546,0.16509062,0.086911372,-1.268333563,-0.715188311,-0.578212642,-0.082946921,-1.045830103,-2.049494465,-0.991822794,-0.767870727,-1.715910157,-1.045261113,-1.990698332,-0.654311157,-2.045619993,-0.583037958,0.883106164,-1.059295426,0.390892779,-0.525093596,-2.014403146,-0.971803442,0.101021114,-1.503277717,0.93562266,-2.074653025,-1.784982485,-0.798952239,-2.287696481,-2.299589584,1.324099758,-0.131248287,-0.89086668,-0.83149013,-1.868208641,-1.648178741,-0.278392026,-0.398390194,-1.790959789,-1.444347293,0.0329511,-0.651429587,-0.91130319,0.516529327,-0.152918106,-1.092133323,-2.059638914,-0.333377032,0.70911895,-1.643511893,-1.842000686,-0.567043304,0.107598011,-0.151171788,-1.028060633,0.693946861,0.17008027,-2.098012927,-0.036975236,0.120712075,-1.346304713,0.760899283,-0.424036494,-0.663588378,-0.298945265,-1.949817774,-0.220896079,0.872464228,-0.103140759,0.693097179,-0.980029573,0.585394918,-1.025547718,-1.044692447,0.009257021,0.872631383,-0.445506158,0.008166563,0.673403552,-2.009915479,-1.033386504,-0.589147591,-1.119938075,-0.011465478,-1.068859331,-1.721487416,-0.748448496,0.531039931,0.691545899,0.24137632,-2.187472286,-0.243856593,-1.233401615,-0.109926479,-2.268183666,0.364087404,-1.236151703,-1.826972225,1.499131854,-0.461242124,-1.654958428,1.532859198,-0.05245186,0.314080546,0.617776874,-0.261364764,-1.964685304,-0.435563556,0.098668172,-0.221020806,-1.97833004,1.32818844,-1.288079314,0.59360305,-1.970407781,-1.35208619,-0.850034936,0.301215087,-0.018877056,1.16518,-0.336872317,-0.225145554,-0.592216462,-1.364532869,0.05230778,-0.474172306,-0.584292776,-1.730476241,-0.231679882,-0.744651023,-1.486335715,1.664948302,-0.640364995,-0.704208128,-0.33785319,-0.68319685,1.2986919,-0.26097523,-0.60531947,-0.326422901,-2.099644249,0.034014879,-0.764858028,-1.000487891,0.509765062,0.717498271,-0.53580161,-2.225624052,0.011829752,0.46649749,-0.407968238,0.409457129,-1.188427593,0.752029108,-0.157238776,-0.328504067,-0.331424995,-0.628483667,-1.020540753,-0.798507696,0.87070742,-0.005615739,-1.090346544,0.439544422,-0.627546723,-0.339677368,0.447694112,-0.040093094,-0.826221535,1.415610415,0.311007898,0.05259245,0.120712075,-0.484670666,-0.343476711,-1.603952982,0.479768299,-0.334913452,0.082409136,-1.420057991,-0.766363243,1.689800569,-1.532014015,-1.166355941,-2.183025858,0.393055088,-0.181282097,-1.20330636,-0.973919845,0.75424228,-0.729396313,-1.057278425,-0.906340401,-0.609725572,-0.95217701,-1.936554054,-0.886246611,0.1780625,-1.601965898,-1.389900857,-0.37164356,-1.373180722,-1.212677245,-0.828050943,-1.999521919,-0.130222587,-1.038740892,-1.22758267,-0.851674089,-0.894773888,-1.409358301,-0.34658318,-1.287354413,-0.476907406,-0.493968507,-1.380312289,-0.667479434,-2.295609479,-0.412791883,-0.130222587,-0.594569617,-0.419462618,-0.920549789,-1.941420244,0.65300204,-0.902141309,-2.024953356,-1.379120157,-0.684782264,-0.140987693,-0.825764705,-1.216382824,-0.515838166,0.557327457,-0.906340401,-1.582309245,-2.163693094,-1.048394573,-0.877550904,-1.419644341,-0.683791086,-0.520034563,-1.144760945,-1.126703169,-2.026469657,-1.673976434,0.270485048,-0.794958447,-1.364141556,-1.106543659,-2.420243136,-1.458005209,-1.46793835,-1.617974243,-0.239272933,-0.556520583,-0.995063413,0.480758092,-1.208985346,0.65419843,-0.767009029,-1.527397202,-1.458005209,-0.616741849,0.184569029,-0.344322973,-0.700776208,-0.564753966,-0.068385913,0.1919418,-0.151404454,-1.078221599,-0.417183501,-1.045545568,-2.003221516,-1.448169765,-0.966269102,-0.850034936,-1.11108981,-0.205794913,-1.634243031,0.83633802,-2.082646673,-1.250016743,-2.176833888,-1.117489344,-1.912572089,-1.30379314,-0.796731497,0.062786988,-0.615075645,-0.544554777,-2.038683549,-0.991014278,-1.360236827,-0.077961541,-1.292075686,-0.499556032,-1.93171143,-3.074775481,-2.293625352,-0.141448364,-0.288615842,-0.050030934,-1.016663706,-1.7837913,-2.130313872,-1.601469743,-0.0329365,-1.795165262,-0.721546655,-1.292439786,-1.227241431,-0.065605757,-0.832179389,-0.616000971,-1.518683549,0.091575943,-1.568775931,-0.562996496,0.075014704,0.295575835,-0.070100628,-1.220102186,-1.22758267,-0.460607908,-0.575897621,-0.729188952,-0.500380366,-0.366004039,-1.668657272,0.247328718,-1.264784944,-1.066241909,-0.986444992,-0.721958262,-2.421368629,-0.196745077,-1.305636458,0.956088202,-0.539568093,-1.510045169,-1.211669011,0.695294873,0.311447426,-1.870153537,-0.619710862,-1.209655587,-2.243373233,-0.783509621,-1.386694441,1.478486047,-0.802069588,-1.042704657,0.261440761,-1.203972804,-0.702389762,-0.081643989,-1.558269626,-0.563347743,-0.473690417,-0.257864404,-0.412640792,-1.693363147,-0.331982331,-0.177334015,-2.430418465,-1.850236399,0.050502982,0.606281248,-1.696631124,-1.301585633,-1.854699269,-1.388697246,-1.930332119,0.424744723,-0.680823431,0.052971885,-0.059007181,-0.621943422,-0.341082849,-1.274395269,0.043921187,-0.807436327,-0.164049512,-1.259133216,-0.204567166,-2.164563795,0.13208034,-0.828508818,-0.057311367,-1.247924692,-0.291823972,-1.436325295,-2.515778313,-1.196997191,0.403596697,-0.395712817,0.453238883,-0.888189302,-1.901128006,-0.14618251,-3.725543438,-2.077044417,-1.400799047,-1.397557553,-2.053384007,-1.800598418,-0.581248088,-1.393923388,-0.243601393,-1.080281332,-0.529498889,-1.937247776,-0.463147188,-0.085448962,-0.138917299,0.908419837,-0.072355662,0.050693114,-0.983766897,-2.147292209,0.10399959,-1.636295367,-0.097171912,-0.205794913,-0.158761292,-0.024907636,-1.661257661,-0.350550877,-1.307852935,-2.214574216,0.161438346,-2.321767912,0.693846936,-1.196666229,-0.390675023,-1.907170321,0.761132878,-2.798522104,-1.830708219,-0.768086267,-1.106846094,0.516410002,1.475929377,-0.201137471,-0.970482961,0.046119936,-1.113827454,-3.137295838,-1.7418271,-2.142168372,0.051643233,0.181154209,-1.011700917,-1.431710225,-1.995835958,-1.893792195,-1.449021191,-1.503277717,1.080516204,-1.675577715,-0.159699379,-1.804844709,0.268805017,0.235309248,-0.458865885,0.980841753,-0.006621876,-1.359457707,0.131992709,-0.888432404,-1.054691102,-2.586275144,0.399379964,-1.41551722,-0.463306108,-1.773723107,-0.50385001,-1.761424269,0.430417849,1.391679833,-1.120551196,0.326638328,-0.363555705,-0.972861083,-1.652345413,-0.766793721,-1.112305616,-0.42159449,-1.403643999,-0.155017722,-1.340938659,-0.340379861,-1.352859585,-1.053543325,1.467874348,-0.832869124,-2.968117107,-0.508661301,-0.558791128,-2.111138628,-1.238564249,-1.681471115,-1.036764885,-0.422204432,-1.400799047,-2.831914188,-4.66704559,-2.354931573,-1.220102186,-0.435099913,-1.444771291,"BL"
"60",-1.20764621,-2.478129666,0.09430968,0.273456365,-1.113218441,-0.283690051,1.105985043,0.801283839,0.381582168,0.71481082,1.480194456,-0.546107438,1.416023052,0.647574335,-0.503353609,-0.967320903,-0.221270307,0.350375142,-0.024907636,-0.151869949,-0.178648311,1.678628098,-0.937769764,1.227122764,1.428659165,1.440664168,-0.270759405,0.129096573,-0.57963994,0.054014588,-0.65508098,-0.209240646,-2.503478035,0.931258159,1.734765748,-0.008334637,-0.420832585,-0.528141346,-1.140998005,-1.306374738,-0.252829862,1.011673636,0.130062884,-0.568101692,-0.804972996,-0.63111179,1.625035633,-0.089268468,1.238606088,-3.059737604,0.848568481,-1.301585633,-0.036975236,-2.609110253,0.869995453,0.088926209,1.524424538,0.885996459,0.85143216,1.516005968,1.184851145,1.785691094,-0.371063681,-0.760997848,0.646422382,-0.232310439,-1.696085719,-0.349132035,0.030529205,-1.331806176,-0.198207066,0.181237636,-1.99289694,0.768115497,-1.475344178,0.756028079,-0.103362513,-1.135068826,-2.092324168,-0.747392195,-0.101147182,-1.570698084,1.536264888,-0.010353412,1.330675937,-1.348613294,-0.922560345,0.05552931,-1.654435278,-2.371935171,-0.161225649,-0.296521021,-2.32585372,1.07701405,-1.654958428,-0.155718575,0.17462535,-1.697176827,-0.977102871,-2.126952524,1.129303136,0.345431978,-0.575897621,-0.22151987,-0.365859854,-1.123622452,-2.93935194,-2.08828049,-1.214359897,-1.434224895,-1.017493237,-0.415515444,-1.317141502,-0.011566636,-0.784385661,-1.51367329,-1.822631133,1.023924661,-2.032557956,-0.441766088,-1.426283369,-1.203972804,-0.235216133,0.918927253,-1.186460379,0.492865298,-1.065370955,0.528920912,-1.746977327,0.590228127,-1.228607085,-1.589145209,1.383139389,-0.577321615,-0.259418607,-0.592216462,-0.105582763,-1.118406916,-1.359457707,0.653782457,0.248499359,-0.950882177,-1.859182146,1.260164084,-1.178305058,-0.751412089,-1.963259787,1.771624787,0.642432666,-1.723166678,1.560373711,-0.455390917,-1.931021537,-1.1248536,-1.795767491,-1.525556429,-2.012905018,-1.691190414,1.140457759,-1.814618763,-0.031181118,0.747114397,-0.725877005,0.87534373,-0.128742876,0.155464103,-1.602462299,-0.978432128,-1.922095971,-0.643595402,-1.524178069,-0.621943422,-0.85943792,-2.047167981,-1.245837008,1.322422285,-2.262403303,-0.364707116,-0.273779167,1.366907647,0.027420596,-1.565421027,0.431587592,-2.434974281,-0.588787165,-0.741287556,-2.248096908,0.674626731,-1.268333564,0.879792709,-0.956852344,-1.928954708,-0.747814582,-1.36963392,-0.002703652,-0.010050336,-1.311558015,-1.502828177,-1.653912403,-1.323131786,-1.116267224,1.620338287,-1.270468796,-1.09422194,0.070924338,0.430677911,0.72991296,0.128129328,0.2786161,-0.445974651,-0.09376138,0.307558227,-1.342086107,1.025073385,1.114321582,-0.990744918,-2.111138628,0.642537863,-1.097213268,-2.363397232,0.116893752,-0.033246594,-0.52661631,-2.053384007,-0.85566611,-0.697155202,-1.875358493,-0.969955257,-1.154230712,-1.698815724,-2.064355904,-0.667284521,-2.032557956,-2.357041279,-1.40283033,-1.807888851,-0.41113113,-1.035355839,-1.127629238,-0.963906586,0.851047963,-1.445195469,-1.046399417,-2.339249077,0.896496105,-0.635822114,-1.986315564,-2.336141877,-0.30151058,-0.379066634,-2.175952442,1.18175787,-0.749929195,0.759590137,-2.175952442,-1.823869523,-2.317698731,-2.141316945,-1.640412717,-0.056570352,1.734183321,-0.061875404,0.281789747,-1.199316993,-1.889151815,-0.33128571,-1.606941032,-1.7333019,-1.515947569,0.53964629,-0.86654864,0.601744357,1.243001191,0.424744723,-0.835402228,1.739096817,-1.533403226,-1.176357637,-0.003305457,-1.56303154,-0.851908473,-0.44519395,-0.082512422,-2.11943055,0.080473384,1.397654589,-0.042177079,-0.507497834,0.220740667,-0.77414034,0.396693416,1.560856726,-0.404515559,1.109980755,0.342170258,-0.201749055,0.777947782,0.436834568,0.386282289,-0.958154936,0.116270782,1.025790668,-0.672756491,-0.157706996,-0.78329073,-0.074292605,-0.864647499,0.183237804,-0.32462272,-1.018323457,-1.721487416,0.387979794,-0.904856354,-0.952436179,-1.465770563,-0.280772664,0.388590191,0.769506189,-0.28568407,-0.273384768,0.498773285,-0.929375971,-1.450299691,-0.608071008,-0.704612659,-1.291347884,-0.681416258,-0.95217701,1.508047284,1.410181772,1.281489247,-0.636766847,-0.298406036,1.54798795,1.217135791,-0.781322872,-0.46029095,-1.776673832,-0.891842052,-0.873231242,-0.283557258,0.355434175,-0.290084957,0.242004559,0.233173087,1.403643,1.6077565,-0.171025597,-1.543650172,-1.627601883,-0.132617525,-0.368602943,0.706951462,-0.059750004,1.753157231,0.098939948,-2.159350925,-2.176833888,-1.904480339,0.618746858,0.455651123,-1.05010788,-1.1141321,1.72020976,-1.627601883,-1.471416615,-1.871452238,-1.63475572,-0.258382203,0.197702659,-1.477532842,0.186396576,-1.943513025,-0.423730917,-0.020508877,-1.766091723,-1.252463014,-1.716466485,-0.554255182,-2.491327218,-1.191385689,-2.150722744,-1.30379314,-0.162048452,-2.137070655,-1.328780455,-1.453717037,-1.551169004,-0.250001006,-1.320506621,-0.353821875,-0.823483682,-2.716586532,0.027906953,-1.807888851,-0.123411345,-0.767439785,-1.186132886,-1.64454709,-0.331982331,-1.648178741,-0.209363928,-1.389098289,-1.732736129,-2.324830702,-0.162754251,-1.142877705,0.944528273,-0.214431611,-0.661454734,-1.631683521,-1.446469084,-1.341320996,-0.703197516,-1.129174594,-0.336032333,-1.375552265,-1.510497965,-0.467446901,0.003394233,-0.162871933,0.139848895,0.999896316,0.093399264,-0.467606505,-1.28518286,-1.427950036,-1.893127964,-1.62964062,0.157858085,-1.027781108,-0.514331763,-2.614559858,-0.721958262,-0.980296062,-0.600385701,-1.198653643,0.959311906,0.088377111,-0.755448207,-0.330311255,-1.344768614,-0.654888468,-0.470803949,-1.102319151,0.315686269,-0.135247149,1.373057134,-1.638351923,-0.189829672,0.711281751,-0.844667988,-0.757365753,-1.996572064,0.790954241,0.074457911,-0.33673227,1.058068033,0.108854405,0.247016316,-0.078069655,0.783399135,-1.875358493,-0.548527491,-0.541456667,-0.712941808,-0.075370307,1.406685051,1.587069597,0.291624292,1.069732589,-1.578423859,0.325627935,-0.442544116,1.609917797,-0.145025772,-1.677716753,-0.18825915,-0.380382328,-0.727324632,0.358233728,0.123720927,-1.718694898,-1.241328591,-0.312931507,-1.636809109,-0.667869373,-0.48191428,-1.128247094,-0.973125669,-0.958676448,-0.209733864,0.58728654,-0.447225042,-0.604587004,-0.442544116,-0.480134776,-0.467127769,0.530392929,-0.107473858,0.363739928,-1.592089274,-1.006215439,-1.559695821,-1.383498274,-2.026469657,0.469941127,-2.273997636,-2.346536981,-0.224769873,-1.213013549,-2.551046452,-0.047930534,-0.389788629,-0.448163863,-1.425451076,-1.08915713,-0.499885684,0.228966565,1.796630918,-2.652142569,-2.214574216,0.195977883,1.003935242,-1.764338874,-2.193730688,-0.909315118,0.166107483,0.215433908,-0.511659305,-1.00184862,-0.069135739,-1.054978252,-1.11108981,-0.185366187,0.364990276,-1.041853955,1.627415346,1.176190423,1.636975255,1.584673797,-1.67504367,-1.898454208,-0.751836177,-0.951141009,0.023521195,0.64053723,-1.880590683,0.592553065,-1.537117251,1.699808641,-0.271021632,-1.985586966,-1.878625402,0.389064687,-1.251763468,-0.72815279,-1.23031678,-0.598564538,-0.701582659,-1.217058044,-0.306932852,1.292505524,-0.345452438,-2.26336438,-1.717580071,-1.062762636,-0.783947545,0.1208007,0.075200233,0.712557574,1.564858869,0.77394345,0.156234222,-0.954771719,0.398104754,-0.386250889,-0.513997315,-1.942117351,-0.716006475,0.499562432,0.023130417,-0.51902582,0.608024927,-0.252572362,-2.105374924,-1.385894441,0.541975393,1.210719991,-2.308603165,-0.308429146,-0.206655234,1.127912158,0.445262578,0.095946341,0.612370871,0.389674422,-0.041551427,-0.307748735,-0.49807394,0.644429514,0.189131649,-1.347843175,-0.937003774,-0.20138206,0.930627468,-0.659712405,-2.716586532,-0.381846243,-1.308222826,-0.765717873,-2.417995945,-1.10021357,0.376722639,0.06400713,-2.747310915,1.213784512,-1.661784393,0.666392443,-0.191402666,-1.88321708,0.20343052,-0.602210186,-3.017977883,-2.547207676,-1.335981547,-1.830708219,-0.672364641,-1.37436579,0.247172529,-1.936554054,-0.538882222,-0.322135501,-0.410678675,-2.213658884,-0.617297868,-0.287282152,0.377339944,-0.207639365,0.111541375,-0.275358323,-0.898696424,-0.285018955,0.455777922,-0.027165668,0.106340036,0.848482872,-1.129483952,1.18799585,-1.983404354,-0.36658099,-1.17993081,-0.841647189,-1.517314624,-0.439280457,-1.744112816,-0.609173747,-1.183516796,-0.6806259,-0.831949583,-0.361256853,0.133306367,0.095491982,-0.432476657,-1.25351325,-0.701986129,0.511265527,0.198604927,1.326862777,-0.117095772,-1.207311706,-1.389900857,-1.607939036,0.613725114,-0.603306477,-0.260326342,-0.398688124,-0.67648674,-0.269711187,-0.714575128,-0.891842052,-1.413460029,-1.417578651,-0.262924421,0.021761492,-0.186450067,-1.960414835,-1.159318164,1.18515689,-0.331703625,-0.977102871,0.448460739,-0.946749939,-0.755448207,-1.426283369,0.391501401,-0.85660773,-1.258077063,0.667111166,-0.46203546,-0.186450067,0.123544186,0.392312322,-0.724637848,-1.556845462,0.250213823,-2.266253164,-0.029634805,1.242943486,-0.740238788,-0.628108784,0.229443664,-0.311838162,-1.964685304,-1.862396549,0.150056596,0.071296882,0.296394013,-0.345735004,0.267810943,0.165514439,0.292669614,-1.379517377,-0.029840842,-0.247820539,-1.925519459,0.647835958,-0.289283354,-1.564942673,0.20733932,-1.847695102,-1.614953093,-1.160594081,-0.998857456,1.615101842,-0.575541939,-1.411817318,-0.661648514,0.622832007,-1.099012369,-1.108662625,-1.925519459,-0.71233,-0.136621878,-0.083707749,0.013212332,-0.943405024,-0.529838563,-1.679860377,0.129711607,0.284953353,-0.522223669,-2.058854908,-0.692947201,0.177811401,-0.218529214,-0.893795654,0.3916366,-0.984034384,0.066630082,-0.740867917,-0.052662653,-1.332185036,-1.307483181,-1.690105816,-1.595042032,-0.797619202,-1.086189769,0.263671103,0.95612664,-0.399582445,0.040565962,-0.577677931,0.943828075,-0.131134268,-0.001200721,0.730202089,-0.437575162,-0.329615796,-0.288482393,0.868276267,0.106969221,0.455460894,-0.222393832,-1.452434164,-1.089454351,0.30733763,-1.333701911,-0.292225713,0.377134218,0.73620667,-0.76507292,0.690343253,0.092488019,0.094400675,-0.286615974,-0.380089802,-0.032316602,-2.179482896,-2.351775337,0.789547675,-0.549393217,-0.213440776,0.049742092,-1.392714929,-0.368892128,-0.372804326,0.83512406,-0.529329095,-0.632052081,-0.487923231,-0.629796865,-0.042385717,-0.85143976,-0.224895084,-1.030299649,0.166784818,-0.324207754,-1.926892143,-1.599982754,0.579754493,0.778407025,-0.321169917,-2.517016704,0.336615084,0.627808339,-0.885276678,-1.031421039,-1.085005285,-0.385956642,-1.81954185,-0.795844579,-2.05650657,-0.902141309,-0.282097694,0.114310346,-1.275110832,0.081764302,0.414028339,-0.526785643,-1.236840408,0.785270469,0.271857522,-0.212079979,-0.31443681,1.321169001,-2.179482896,-1.751001477,-0.188742125,-1.913249367,-2.224698554,0.241219198,-1.745257636,0.914048219,0.831212032,-0.877310432,0.154436353,-1.662311402,-0.391710143,0.297879897,-0.961811247,-0.947523434,-0.248204982,-0.402718882,-0.550433078,0.075942004,-2.694147296,-0.934454703,0.05921186,-1.05010788,-0.62735944,0.424548523,0.158284979,-0.261624538,0.476420497,-0.213069466,-0.464578373,0.29617094,-1.251413879,-1.757937921,0.272086085,-0.83034242,0.366447041,0.371080681,-0.859201765,1.217195005,-0.438039954,-0.584651584,-0.06166266,-1.040437725,-1.704298194,-0.262794357,-1.544118446,-0.58788667,0.17756024,-0.107251191,-0.467606505,-0.465533635,0.061471322,-1.73556819,1.352582447,-0.260326342,0.232618522,-1.113827455,-0.945719543,0.292520349,-0.419919065,-0.949589017,-1.30379314,0.451011923,0.201633868,1.239417165,-1.815847265,-0.824623543,0.407596169,-0.376586149,-1.283016012,0.050027494,-1.854060495,-0.746337009,-1.441807071,1.22782604,-0.250771718,0.241062052,0.469566034,-0.681613945,-0.93623837,-2.058854908,-0.947781399,-0.202728367,-1.164111271,0.358233728,-1.807888851,-0.491349847,0.242397008,0.642905964,1.443265257,-0.244367188,0.005087039,-0.929122711,0.090023503,-1.300483705,1.302532245,-0.762068626,-0.344040806,-2.981829368,-1.697176827,0.192024332,0.093399264,-0.614705754,-0.081318521,-0.691149178,-0.905598102,-0.075585987,0.121863588,0.245765729,0.296988632,-0.883823542,0.036813973,-1.105939064,-0.134102985,-0.191523768,0.443210374,0.51342225,-1.599487582,0.495183928,-0.263184601,-0.474975971,-0.626423549,0.650709298,1.029869386,-0.834710745,-0.687960654,0.314956715,-0.160520927,0.943516718,0.162883863,0.015381102,0.596140563,-1.171828351,-1.083231187,-0.498238508,0.014198719,-1.215708061,-1.416753569,-1.606442404,-1.005395207,-0.749294341,-0.16546444,-1.066822966,0.312106356,1.570489162,0.16279889,-0.58842687,-0.451613764,0.853819406,-0.256312613,1.007118152,-1.658103084,-0.422814746,-0.318278746,0.777074641,-1.222476276,-1.146647738,-2.496169842,-0.515670675,0.293564736,0.170164627,-1.939331834,-0.507165663,-1.439695138,-0.542488304,-1.84010973,-0.296790092,-0.585728784,-0.005213567,0.109213085,-0.914542261,0.136888252,1.205671361,-0.194799078,-1.5711792,0.669725011,0.153836345,0.543021722,-0.602940913,0.317216603,0.278086179,-0.102032726,-1.926205566,0.29229641,0.647312644,-0.773706688,-0.542316291,0.458373764,0.520399646,-0.066353501,-1.074993423,-0.40107476,-0.273253336,0.314664744,0.937308307,-0.947265536,0.225859859,-0.647218249,-0.892330094,-1.082935809,0.89490365,-2.172434409,0.006876304,-1.644029357,0.624172166,0.093034866,-0.834019739,-2.222850125,-2.528231775,0.862045717,-1.295722663,-1.543650172,-0.422967383,0.707050086,0.018625464,-1.475344178,-1.026384655,1.135201337,-0.999672341,0.490724952,0.336400806,-1.516403047,-0.031697087,0.071855437,1.021875222,-1.283737773,-0.102586589,-0.129767058,-1.24897017,0.543892828,-0.645309851,1.08170347,-0.282495546,-0.496101228,-1.815847265,-1.434224895,-0.530688253,-2.260483917,-1.242367192,-0.703803761,-0.226273444,-1.072652187,0.847926234,-0.113056722,-1.854699269,1.026579086,-1.770193691,-0.187535124,-0.290619716,-0.255795884,0.035367144,1.273601474,-1.931021537,-0.467766134,-0.4547604,-0.502361545,-1.696085719,-2.252843001,-0.701179352,-0.653734178,-0.188379871,0.931297564,-0.869407146,-1.076459484,-1.600973834,-0.022961612,0.309468026,-0.980029573,0.924695314,-1.042137442,-0.546798284,-0.170195377,-1.266912604,-0.515838166,-0.226775138,-0.008637193,-1.020818261,-1.011151013,0.626526493,-0.412640792,0.009653257,0.650970102,-0.365427421,-1.00184862,-0.045311223,-0.244878044,-0.295983098,-1.397962166,-0.501370465,-1.028619917,-1.153913605,0.126192025,-0.559490796,0.843289839,0.087278008,-0.290619716,-0.280640258,-1.300850879,-1.206308864,-0.922811949,-0.583037958,-0.825079852,0.768254653,-0.042072776,-0.662036186,-0.62735944,0.281487928,-0.666310527,-1.905152157,-0.548008415,0.875135349,-1.581336482,-1.925519459,-1.047824122,0.058929068,-0.27733578,-1.944910649,-0.458233174,0.604097364,1.221419718,0.559844333,0.664541924,-0.257734996,-0.485807861,-0.179007056,-1.592580795,-0.73168013,1.299837376,-0.856136809,0.155549701,0.030820142,-0.12499649,-0.935218742,-0.711922336,-0.387428746,-0.578569276,0.199752092,1.039746536,-1.877971166,0.334183906,-2.1086644,-0.914791856,-0.211956362,-1.47359669,-0.996958635,-0.082403826,-2.833613424,-1.54928399,-2.045619993,-0.727945686,-0.371933625,0.776200736,-0.911800827,-1.756199294,-0.795844579,-0.46505589,0.131379078,-0.939559359,0.132430787,-0.663976803,-1.48236483,0.153836345,-2.213658884,-0.351829559,-1.349769586,0.494513298,-1.248621556,-0.684187439,-0.272596435,-0.105249411,0.297879897,0.465556254,-2.015153052,-1.080575926,-0.021121497,-0.504015532,0.29817681,-1.893792195,-2.276917346,-1.10835964,-0.049715592,0.438190413,-0.080126045,-0.770244231,-0.992092445,-0.307748735,-1.372391456,-1.13227249,-2.223773913,-1.545055654,-1.530164732,0.045928932,-1.019985968,0.4225844,0.303653842,0.627007378,-1.091239534,-1.009503114,-0.761426021,-0.360109406,0.296914324,-1.761424269,-1.53433044,-0.916040763,-0.339817827,-1.058430499,0.006280238,-0.111266812,-1.028619917,-0.811930717,0.200979739,-0.324484379,-0.148152041,-0.322273517,-0.781759839,-1.475344178,-0.606419177,-1.276185138,0.351220093,-0.026960182,0.66582737,-1.377929445,-0.280375497,0.142367241,0.744932854,0.357254776,-2.15158222,-0.173639356,-0.407817874,1.340956979,-2.323808729,0.72890035,0.560872141,-1.375948069,-0.025215249,0.092396849,-0.419310515,-0.908074577,-0.364563117,-0.603489309,0.182988001,0.14384057,-0.834941186,0.0009995,-0.212698294,-0.082729648,-1.51367329,0.965080896,-1.535258514,-1.84136997,-1.691733155,-0.780886095,-0.101811266,-2.258568208,-0.005917474,-0.102586589,-0.485482816,-1.171828351,0.196799576,1.130530764,-0.602027587,0.81911882,-0.836555764,0.369423337,0.211475746,0.11680478,-1.043272194,-2.303585593,-0.43139849,-0.393931872,0.437545002,-2.455736273,-1.085005285,0.151690513,-0.277071893,0.643168811,-0.368892128,-0.68319685,0.13706265,0.215998083,-0.403317416,-1.459295254,-2.239610294,-1.686859059,-2.160217852,0.287882053,-0.532219517,-0.749505914,-1.108056748,-1.051251717,0.409058644,0.312325903,0.341815081,-0.288215548,-1.235807528,-0.885034342,-2.438404816,-0.804972996,-2.758291418,-2.510840032,-0.070529766,0.405131719,-1.336361992,-0.535459905,-1.07939807,-1.263369014,-0.680823431,-0.387576075,0.118493894,-0.018877056,0.416009322,-0.717234976,-2.989750202,-0.086538761,0.385942442,-1.225196441,-1.313043899,0.562297902,-0.731888009,-1.686318957,-1.167640875,0.276722232,-0.546798284,0.739028356,0.996468815,-1.71981097,-0.968373812,-0.509826123,-1.104127469,-0.797841252,-0.747181069,-0.545417069,-0.188017749,-1.286630038,0.652377268,-0.032833157,-0.319792126,0.030044121,0.141586364,0.720519127,-0.15280159,-1.803629642,-0.658939009,-0.344746373,-0.508495008,-2.364460497,-0.262014326,0.6618113,-1.918003196,0.878671935,-1.23065907,-0.450201002,-0.353821875,-1.373180722,0.006280238,-0.118333187,-0.189950584,-1.799993274,-0.603855073,0.680821531,-0.908570609,-0.566867015,-0.129539371,-1.325763861,1.622433108,-1.05641524,1.532859198,-1.255266099,-0.844435295,0.617992507,0.270027137,-0.016231013,-1.235463471,0.303801454,-1.857258452,-2.61319467,0.732223653,-0.131020262,0.733232904,-2.25094186,-1.283376827,-1.593072558,0.053161548,0.663409362,-0.496101228,-0.30151058,-1.939331834,0.426574071,-0.587526699,-2.149864006,-1.99289694,-0.137309951,-0.564929883,-0.302186759,-0.625675465,-0.351545266,-0.071710848,0.755981125,-1.031982206,0.525793051,1.681665546,0.244278624,-0.547316732,0.383014979,-0.249872611,0.282619278,-0.680230955,0.44346713,-0.761854379,-1.148853505,0.73457699,-0.927604492,-0.106138596,-0.237622873,-1.098112414,0.211880359,-0.955291469,-1.153596597,0.348683094,0.664336099,0.19901478,0.756450564,-0.779358877,0.111183529,-0.459182391,-0.792083928,-0.829425199,-0.616741849,0.094491663,-0.367158274,0.6970894,-1.752731082,0.089017696,-1.127011763,-0.378336441,0.724015804,0.248733322,-0.331703625,-2.62554898,-1.272965676,-0.682009436,-0.10491617,-0.788997506,-0.066460367,-0.845366394,-2.288682188,-2.23305903,-1.404051083,-0.652773286,-0.364707116,-0.245133569,-1.340174426,-0.417790758,-2.239610294,-1.034792776,-1.571660548,-0.638469619,-1.11871296,-0.610277703,0.674372025,-1.013352445,0.00039992,0.418381333,0.351712652,0.529568867,-0.982430534,-1.204306193,-1.440117168,-1.543182117,-0.99479296,-1.457575563,0.416602853,-0.051819749,-1.290984181,-0.911054465,-1.291347884,-1.391507928,-0.45870767,0.537603865,0.046979001,0.324399655,0.648568137,-0.530858278,-1.449873343,-0.540426094,0.758279276,-0.583934096,1.604365067,0.845911185,0.00019998,-0.220646671,-0.422204432,0.583722863,0.802001586,0.090297638,1.285147179,0.492620919,-1.479726306,0.806788317,1.055809166,0.171344866,-0.192250688,-0.57963994,-1.293897512,-0.701986129,-0.848632083,-2.309609708,-0.330589574,-2.900422094,-0.874669057,-0.540254435,-1.064500759,-1.656005548,-0.529159331,-0.803408575,-0.854960477,-0.84629836,-2.086667587,-1.308222826,-0.96942783,0.481190819,-0.420375721,-1.954749098,-1.10021357,1.680734794,1.431291627,1.57623267,-0.047720736,0.95057621,-1.801203928,-0.41794263,-1.56398665,1.611256258,-0.626049437,0.751227392,-1.327271021,-2.566550639,-1.397153105,-0.041655675,0.460521314,0.692196729,-0.142947009,0.578072973,-0.382725621,-1.082640519,-1.481484548,-3.101092789,-1.304530059,0.745122742,-0.451927983,0.691996519,-0.61452086,1.125708514,-2.221005106,0.461593362,-0.110373058,-0.891842052,-1.762589092,0.063068692,0.880912228,-0.977900214,-0.222144051,-0.987786734,0.484707496,-0.676683455,-1.462743533,1.418664741,1.347527545,0.567980704,-1.231001477,0.237992754,-1.710917081,-0.963906586,1.111462701,0.404998333,0.633397176,0.182071526,-0.432168491,-2.584948004,-1.46015621,-1.184170177,-0.099157572,0.702800438,-1.042137442,1.339648147,-0.039468744,0.617399403,-1.964685304,-0.493149439,-1.261601917,-0.110261394,-0.321721565,-0.161930867,-1.025268894,-0.675700267,-1.7333019,-0.13398864,-0.671190013,-1.48943512,-0.77414034,0.784859989,0.019802627,0.638374155,-0.156887756,0.103729186,1.186806299,0.741413398,-2.194627952,-0.501865882,-1.014454981,0.372184054,-0.187776408,-0.145372653,0.318308266,-1.832581464,-0.514331763,-0.426331301,0.394471567,0.878256515,-0.574653287,-0.52306691,-0.263184601,-1.519140275,-0.045101974,0.470191112,-2.405725852,-0.059962341,-2.164563795,0.703592438,-2.67800608,-0.090800364,-0.889405403,-0.921805913,-1.15327969,0.974446426,-0.255408512,-0.71070034,0.506395827,0.577455706,0.707937266,-0.275885263,-0.523573197,-0.078502228,-2.193730688,0.06165938,-1.23031678,0.138804963,-0.247564326,-1.410587054,-1.225196441,-1.215370849,-1.22758267,-1.082640519,-1.583770166,-1.495662898,-0.793851885,-0.960503887,-1.162511015,-2.303585593,-1.524637311,-2.413516654,-1.457146102,-0.507331735,-1.903138057,0.066255796,-0.491349847,0.039316862,1.585473035,0.126896933,-2.25094186,0.574701425,0.574532549,-0.048140375,-1.627601883,-1.857258452,-2.137918471,-1.457575563,1.671247714,0.609765572,-1.511857584,-2.080241862,-0.040613683,0.254952248,-1.613948068,-0.687761708,-1.08975166,-1.634243031,-1.193362625,-2.172434409,-1.842000686,0.111809675,-2.12611395,-1.161871628,-1.176033436,-1.500135178,-1.944211592,-0.758646163,-2.609110253,-2.303585593,-1.378326192,-0.095190187,-2.220083872,-2.573082341,-1.938636665,0.084984324,-0.558616288,-1.293168383,-1.320881223,-2.704556312,-1.477094725,-0.271021632,0.337257642,-1.976163192,-1.977607236,-0.989399204,-1.755620423,-1.48236483,0.811374562,-0.912547746,0.975879523,-2.62693115,0.375143348,-1.443923474,-1.222136775,-0.492985706,-0.95010608,1.67933704,-2.063568193,-1.825109449,-1.637837387,-1.462743533,-1.286268047,0.367001442,1.816663442,-2.280823601,0.126015721,0.501805061,-1.248273063,1.303890535,-0.893306896,-2.086667587,-0.985908799,0.317580623,-0.369615455,-2.791975436,-0.639606414,-0.098936748,-1.371997056,0.095401085,-0.378482437,0.543602543,0.556754556,-0.070100628,0.026739297,-0.374693449,-2.406835114,-1.563508981,0.494635264,-0.413094135,-0.19431317,-2.823461053,0.096763668,-1.633730605,-1.029179514,0.837853402,-0.500380366,-0.127492521,-0.859674132,-1.38230234,-0.492985706,-0.239781193,0.171429116,1.437272606,-1.957577954,-0.600932697,0.989057805,-2.219163485,-1.360236827,1.860149937,-0.935218742,-1.41551722,-0.531028331,-2.174191878,-1.798784084,-0.851674089,-0.398986142,-1.283737773,0.56996208,-1.012801632,0.163648292,-0.492821999,-0.069242903,-1.53991185,-1.485451933,-2.021172634,0.767929925,-0.070744405,0.070085608,-1.941420244,-1.005941954,-0.843272639,-0.104361015,0.055056206,0.316561032,-0.107807953,-2.58893472,-1.318635713,0.879543757,-1.337885222,0.660830579,-0.315807236,-0.730849048,-0.554429261,-2.029509173,-1.032262908,0.588897159,-0.806539868,0.433339645,-0.543865478,0.085076172,-1.453717037,-1.379914754,-0.391414285,0.55296515,0.24553107,-0.465533635,0.352134652,-2.282782466,-0.769380487,-0.220148042,-0.443790222,0.448779993,-0.308429146,-1.215033752,-1.600478171,0.383764681,0.149109423,-0.501370465,-1.759679576,-0.185125484,-0.563172104,0.058834786,-2.379466137,-0.260715624,0.906684742,-0.152102778,0.843849063,-0.039468744,-1.235807528,1.192284765,-0.992631965,0.112792828,0.552677488,-0.072033203,-1.988504547,0.237046457,1.019677301,0.153922082,0.264439034,1.544429948,0.159990736,0.002696362,-1.218409852,-1.394326533,-0.909315118,-1.134446742,0.768440165,1.749338976,1.579473428,-0.528480559,-1.092729626,-0.150706617,0.11064652,0.445839002,-0.074723546,-0.943405024,-0.942891414,-0.958676448,-1.036764885,0.983238848,0.439802121,0.042772092,-0.135590654,0.661708112,1.354984276,-1.60743991,0.03333806,-0.949589017,-1.312300681,0.734529018,-1.510045169,-0.328781883,0.665416207,0.940710136,-1.128247094,-2.036382052,-0.277599737,-0.002102208,0.457234956,0.564802315,-0.019998647,0.263363765,-0.158995732,-0.568278199,0.54133543,-0.814862939,0.134618302,-0.559840813,0.466121102,-0.50385001,-0.591312875,-0.395267283,1.366525233,-2.424752727,0.2569651,0.614374499,-0.570398715,0.85929701,-0.958676448,0.356554937,-0.811030221,-0.923063616,-2.22192719,-0.584831037,-0.269973139,0.390892779,-0.699165253,-1.624044065,-1.646620704,1.417332651,-1.822631133,-1.032543689,-1.65286747,0.210989995,-1.355183366,-0.510825624,-2.370863934,-0.521549587,0.056285811,-1.564464547,-0.782853094,-0.733136189,-1.021651248,-3.381394754,-0.544727175,-0.514331763,-0.956071602,-1.085893516,-1.090346544,-0.852377406,-1.535258514,-1.337885222,-1.15518264,-0.940071261,-0.813282982,-0.176856517,-1.81954185,-0.552168587,-2.223773913,-0.958154936,-0.893306896,-0.746547957,-1.095417398,-0.729188952,-0.523404406,-1.752731082,-0.805868051,0.406864129,-0.800064463,0.460079548,-1.352472813,-2.79360809,-0.574120474,0.011730923,-2.083449563,-1.735001135,-1.937247776,0.616859912,-0.939815277,-0.526785643,-1.424203934,-0.158878505,-0.319792126,-1.443923474,-2.983803703,-1.479726306,-0.422967383,-1.88981341,-1.612442422,-0.900663476,-1.410587054,-1.714243027,-2.758291418,-2.764620553,-0.300834859,-0.932166081,-0.707448965,-0.830801346,-2.653562016,-1.265848208,-2.159350925,-1.749274858,0.560129942,-1.524637311,-1.629130546,1.070555691,-0.578569276,0.533799687,-0.912796843,-1.573105983,-0.370918764,-0.514331763,-0.328642966,-0.715801871,-0.678061543,-0.306253458,-1.078809661,-0.076557123,-0.438039954,-2.440698395,-0.809456303,-0.946234608,-2.240549702,-1.299016353,-2.424752727,-0.487760351,-0.170313938,-0.266312047,-1.554949727,-0.238637972,-2.733368009,-1.77254525,-2.446455463,-3.132698129,-2.950758908,-1.054117049,-0.984569573,-0.039989008,-0.509160344,-1.555897146,-3.423442991,-1.143818882,-1.668657272,-0.207885549,-1.787369121,-2.586275144,-4.290359446,-1.731605546,-3.079113883,-0.129197939,-1.328402883,-1.176033436,-1.317141502,-1.97256218,-0.036871475,-0.934200152,-0.539225098,-2.877060744,-1.552112846,-0.923567141,-1.004302609,-0.291690094,-0.151171788,-0.571814895,-0.901648455,-0.533753128,-1.302320927,-2.490120217,0.304612933,-1.036482917,-0.633746837,-2.392509801,-1.332943186,-1.233744963,-1.093923299,-1.056702886,-1.229632551,-0.651237778,-1.637837387,0.345290385,-0.909811766,-0.606969484,-1.09481949,-0.06240746,-2.53451715,-0.621943422,-2.311625838,0.722123289,-1.133514341,-1.364532869,-1.995835958,-0.006420568,-0.871556401,-1.73556819,-1.366491734,-0.395564283,-3.083471188,-0.04950542,-3.467337184,1.288461001,-0.035005609,-0.759286983,-0.770892529,-0.946749939,-0.423425434,0.500350956,-1.250365844,-0.34418188,-0.51852183,0.170333318,-0.32670014,-2.134531508,-0.466011608,-0.350692872,-2.466281186,-1.68848112,0.110467453,-0.146877196,-2.698595042,-0.268794897,-2.973970782,-1.133825044,-2.439550948,-0.077421147,-0.922560345,-0.692547361,-0.207516295,-0.941864983,-0.999672341,-0.953733027,-0.207762449,-0.623807703,0.272847584,-0.978698192,-0.487434671,-2.560061323,-1.019154367,-1.312300681,0.567640645,-2.353878387,-1.559220196,-1.367668897,-2.554900022,-0.099378444,0.014198719,-0.730226189,-0.371063681,-0.95503156,-0.748659891,-0.126470664,-3.39620984,-2.991740252,-1.222476276,-0.276939976,-1.799388496,-1.685779146,-0.54283242,-0.910060182,0.449800922,-0.533241663,-1.130102956,-1.212004976,0.338470239,-0.436646226,-0.590410103,0.403129048,-0.422204432,-0.566690757,0.53608393,-2.279845606,0.4158114,-2.132842318,0.394471567,-0.097943644,-0.363411872,0.011434378,-1.127938118,-0.551474022,-2.554900022,-2.382711138,0.4869222,-0.332958417,0.596801465,-1.929643177,-0.918793862,-1.537117251,-0.204321797,-2.815078774,-1.514582381,-1.081165375,-1.435904862,0.244670182,0.946703538,0.092670335,-0.514499029,-0.37353049,-0.092992867,-2.442997247,-0.786140047,-1.932401799,-0.341927087,-0.333097936,-1.023875943,-1.132893223,-1.083526651,-1.78557861,-1.161232651,0.695294873,0.40978908,-1.16315081,-0.592759007,-1.269756545,0.27117152,-0.34460522,-0.900417383,1.014650802,0.18140447,-0.711514838,-0.373821103,-0.814862939,-0.016129382,-1.405681075,-0.004409709,-2.080241862,-0.668844888,-1.420471813,0.133393883,-0.942891414,0.321358599,1.072062953,-1.373970611,0.082501222,-0.186932169,-1.040154719,-1.129174594,0.465932855,-0.426637673,0.262364265,-1.728221448,-0.624180976,-1.25351325,-0.580711751,-0.294908118,-0.026036015,0.249746533,-1.03563749,-0.515000995,-0.989399204,-0.790098707,-1.828838478,-0.992631965,-0.929629296,-0.258511695,-1.48236483,-0.827135821,-1.543182117,-1.54975491,-0.532730459,-1.759098687,0.570470943,-2.232126629,"BL"
"61",-1.684161459,-2.053384007,0.563835444,0.31444571,-2.052604888,-0.630172381,1.570967318,0.137324191,1.036985081,0.973653569,1.509462869,-0.247180129,1.648254698,0.412639312,-0.629046255,-0.716006475,-0.104250021,0.474493535,0.685971497,0.217929984,-0.174234347,1.447977246,-0.818030363,1.367060572,0.949880235,1.472540862,0.959886476,-0.114962018,-1.467070671,-0.957633695,-0.393783603,-0.747392195,-2.689719244,1.515610633,1.611535711,0.693697029,0.729141541,-1.526476392,-0.096180558,-0.837941765,-0.493804639,1.444563269,-0.203953857,-0.372804326,-0.656815251,0.533037112,1.496761814,1.287550794,1.308224706,-1.915963073,1.551596913,-1.365707728,0.187972228,-2.803460386,0.390892779,1.135169201,1.128073999,0.745597306,0.282166892,1.558291976,1.465498256,1.73765521,-0.867738691,-0.428324402,0.629834574,-1.787966671,-1.668657272,-0.96233467,-0.247692424,-1.435484605,-1.058718725,-1.132893223,-1.768433644,0.688938336,-1.707602161,0.913085601,-0.039989008,-1.417991448,-1.600973834,-0.46648981,-0.288215548,-1.744112816,1.343673875,-0.455864066,0.60251106,-2.248096908,-1.006489,-0.579282924,-2.18036746,-0.614151174,0.158284979,-0.582858827,-1.725971729,1.139850197,-1.753885817,-0.253602759,-0.141102841,-2.306593114,-0.412187654,-1.276185138,0.370114231,-0.316767653,-0.551647618,-0.654888468,-0.605136303,-1.244100595,-2.305589602,-2.95651156,-2.167180456,-1.540845121,-1.073529508,0.291175962,-1.307113563,-0.350692872,-0.909315118,-2.183025858,-2.06909525,0.346351844,-2.041760475,-0.074184898,-1.570698084,-1.344384958,-0.050451543,0.899754763,-0.946234608,-0.171619034,-1.550226053,0.8555211,-1.530626732,1.142342052,-0.24538916,-1.774312556,1.026937252,-0.424342164,-0.424800844,-0.645119212,-0.265529268,-0.640175296,-1.817077277,0.3916366,0.223303539,-1.565421027,-0.048770164,1.160146301,-1.447319063,-1.151380354,-2.314657674,1.621149068,0.103819329,-1.626584071,1.38055291,0.059777204,-1.810330855,-2.062781101,-0.669235361,-1.775492497,-1.379120157,-0.80923166,0.459069064,-1.766091722,0.456728402,0.554172428,-0.625301634,0.841868864,-0.059113264,-0.25502129,-1.916642651,-0.821890056,-1.876663976,-1.116878097,-0.959459227,-0.966531948,-0.748871329,-2.339249077,-0.474332987,0.576051409,-2.775793853,0.299067017,-0.885519073,1.584817297,-0.388607991,-1.968258013,0.400184524,-2.36765709,-1.480165577,-1.634243031,-3.182061852,0.238938157,-0.17578298,0.378230935,-1.142250746,-3.338222583,-0.413698913,-0.832409248,0.138108402,0.137237018,-1.28157405,-1.801809805,-1.383897237,-0.650854268,-1.357901287,1.474671472,-0.714370817,-1.395536942,1.094436917,0.412440722,0.157003749,0.522121584,0.397903256,-0.9331826,0.121775057,-0.333516609,-1.211333159,1.045563068,0.946160165,-1.042988385,-2.67800608,0.823034441,-1.979777219,-2.397995278,-0.492494667,0.406264788,0.047169804,-1.858540503,-0.368313842,-0.135247149,-2.412399959,-0.809905741,-1.04867992,-1.791559489,-2.424752727,-1.018046641,-2.213658884,-2.296603021,-1.89645354,-2.221005106,-0.721135217,-0.869168625,-0.93623837,-1.435484605,1.353254507,-1.242020872,-0.796953349,-1.739546598,0.507178983,-1.10473097,-1.435484605,-2.189256408,-0.483696956,-0.004309272,-0.715597309,1.543618571,-0.4272507,0.23594131,-1.822631133,-1.686318957,-1.00103196,-2.96036513,-1.969690678,-0.298540816,1.330543779,-0.435254437,-0.096180558,-1.447744323,-1.770781063,-1.059007034,-1.487662856,-2.120263536,-1.12639467,0.122306124,-1.818308804,0.602894192,0.713341888,-0.277863764,-1.206308864,1.704493514,-1.515037237,0.2228235,-0.327671081,-1.509140191,-1.325763861,-0.02809088,-0.044265416,-1.983404353,0.569566119,1.019208266,0.484892242,-0.808558032,0.428400079,-0.525262672,1.141863331,1.454373482,-0.498238508,0.671054934,0.443659654,-0.282097694,0.315394511,1.201048533,-0.692947201,-1.550697417,0.163733192,1.414444405,-0.614151174,-0.216788786,-0.369036751,-0.266181541,-1.332185035,-0.69174816,-0.071818288,-1.056990614,-1.593564563,-0.167708844,-1.355183366,-1.009777575,-1.362968536,0.64652716,1.035388459,0.436058973,-1.121471583,0.152892746,1.09051291,-1.467504417,-1.89578754,-0.722575991,-0.15455076,-1.308222826,-1.133203733,0.175884215,1.322422285,1.182647018,1.404036043,-0.936748574,-0.531198414,1.42849141,-0.465215113,0.068872864,-0.871078389,-2.438404816,-1.120244589,-0.610645959,-0.359106469,0.518079252,0.549392277,-0.310064023,1.253905173,1.080923426,1.527815625,-0.823255866,-0.032833157,-1.97256218,-0.726083681,-0.726083681,0.483166616,-1.56589961,1.299210254,-0.08349031,-2.230264431,-1.913927103,-2.090704734,1.171490934,0.2112329,-1.17993081,-1.231344001,1.50802515,-1.512765025,-1.287354413,-1.198985263,-1.667596827,-0.886489241,1.157038417,-0.760569857,-0.766793721,-0.522055106,-0.974979728,-1.493879572,-0.481428647,-0.869407146,-1.401611065,-0.099047154,-2.337176538,-2.285727976,-1.866267521,-0.762282919,0.108495596,-1.449447176,-1.294262276,-0.622688717,-0.770892529,-0.216416231,-0.762497259,-0.116758561,-0.634689611,-1.23031678,-0.585010522,-2.044074398,-0.439590823,-0.735637232,-1.344001449,-1.475344178,0.17756024,-0.647791479,0.906603966,-1.290984181,-1.317888328,-0.089924708,0.238150383,-1.039588948,-0.908570609,-1.353246507,-1.307852935,-2.058854908,-1.426283369,-1.314904365,-0.867024491,-2.002480501,-0.369904933,-1.706499625,-0.639985632,-0.977102871,0.533447802,-0.508827621,0.324182743,0.73414516,-0.106027405,0.007571265,-1.832581464,-1.099913134,-2.3892329,-0.735637232,0.200897942,-0.458391314,-0.71396232,-2.324830702,-0.942378067,-1.64506509,-1.073236982,-1.264784944,0.343022167,-0.25489225,-1.10262031,-0.686966321,-2.493745598,-0.852611955,0.241611956,-1.558269626,-0.600021203,-0.393338928,1.520737838,-2.074653025,-0.223518622,-0.4144554,-0.899679466,-0.57234648,-2.323808729,-0.116870952,-0.557917231,-1.144760945,1.313616136,0.29684001,0.087003044,0.510005287,1.136261254,-1.491654877,-0.018367657,-2.07784282,-1.274752986,0.093854575,1.052603254,1.509904829,0.545400948,0.919605233,-0.942121492,0.772096984,0.214546704,1.257067974,-0.10491617,-2.349676701,0.144792745,-0.398539148,-0.622316,0.450693381,-0.01399751,-1.173120341,-1.290984181,-0.556695057,-0.882372514,-0.836555764,0.009554213,-0.878754128,-0.727324632,-1.343618087,-0.90090963,0.634352134,-1.674509909,-1.097812608,-1.197328262,-1.113827454,-1.135380013,0.420222349,-1.183190265,-0.344887546,-0.685774426,-1.150116132,-1.461017907,-0.596565083,-0.960242619,0.261132737,-1.216045386,-1.99289694,-0.664365379,-2.046393688,-2.884190899,-1.293168383,-1.40853997,-1.037893554,-1.238909374,-1.09422194,-2.216407397,-0.32573014,1.62566553,-3.068302966,-1.558269626,0.237204235,1.068221807,-1.181233317,-1.768433644,-0.617112494,0.830079035,-0.466330384,-1.155817762,-0.925079238,-0.303675962,-1.419230861,-0.744440475,-1.271894821,1.52592586,-1.319383656,1.435298788,1.281405956,1.131144014,1.491532369,-2.301585593,-2.700082031,-1.897119985,0.086911372,-0.761426021,1.763908541,-1.481484548,0.351501585,-1.329536027,1.577575659,0.537895895,-2.156754645,-2.028748427,-0.162754251,-0.890622985,-1.317514846,-1.625567294,-0.581963652,0.145744014,-1.120244589,-0.556520583,1.177639096,-0.047301273,-2.525728644,-1.614450454,-1.313043899,-1.654435278,-0.361543921,-0.372804326,0.297657155,1.692565089,0.769598833,0.254642218,-1.837594006,0.392987587,-0.968110481,-0.759928214,-0.84397007,-0.391266389,0.761506518,-0.819390907,0.115112807,0.756825957,-0.799841919,-0.937769764,-1.906497147,0.456411676,0.675644905,-2.285727976,-0.137654165,-0.279052746,0.513721427,0.241140628,-0.657394011,1.160397022,0.099392744,-0.235216133,0.266662705,-0.621012583,0.807279115,0.191033497,-2.828524355,0.721831814,-0.360539545,0.708528283,-1.753308283,-2.3227878,-0.679836167,-1.178305058,-1.318261951,-2.73183073,-0.837017551,0.184319559,-0.280905088,-1.705398304,1.023637274,-2.200931439,0.58366708,-0.181881654,-2.469821012,-0.144447904,-1.572623939,-2.706052198,-1.877971166,-2.602339747,-1.666537504,-0.677864557,-0.583396317,0.044877759,-0.920047781,-0.799841919,0.184236389,-0.172806964,-2.44184716,-0.66087362,-0.367447041,-0.147108865,-0.750776293,0.081026839,-0.750564451,-1.01252634,-0.072248164,0.813504677,-0.071603419,-0.147572364,0.116092719,-0.585728784,0.399648223,-1.597015392,-0.607336524,-0.781322871,-0.913793852,-2.053384007,-0.897468978,-1.243753674,-0.970219074,-0.740448454,-0.757579041,-1.36963392,-1.205974807,0.331459695,-0.877550904,-0.799174585,-1.339792527,-1.858540503,1.185431981,-0.093102618,0.67151488,-0.311974765,-1.79275997,-1.486335715,-0.687363936,0.058646195,-0.99398204,-0.780231287,-0.297463084,-0.908322562,0.561727842,-0.701986129,-0.714370817,-1.647659125,-0.696954419,-0.319654452,-0.386839644,0.701164952,-2.001740034,-1.215033752,0.951812304,-0.973919845,-0.332818918,-0.118445755,-1.127629238,-1.100814712,-1.283376827,0.231825752,-1.286630038,-1.710917081,0.745502411,-0.46473752,-0.665921194,-0.102586589,-0.119910297,-0.306661039,-1.399987688,-0.392450171,-1.880590683,-0.333097936,0.779095493,-1.016387348,-1.067404362,-0.380382328,-0.596565083,-1.457146102,-2.230264431,-0.251928903,-0.330172124,-0.538368127,-0.626049437,0.764164668,0.085810656,0.012521281,-1.611439915,0.751463257,-0.197963253,-2.152442435,0.73620667,-0.541284831,-0.021325787,-0.962072925,-1.581822745,-1.625567294,-0.746969987,-0.258770729,1.465405866,0.482796451,-2.30058709,-0.62735944,0.504525822,-0.866073016,-1.463607464,-0.304624793,-0.639796005,-0.571283593,0.113685764,0.23174644,-0.673932962,-0.181521877,-1.671845373,0.175045148,0.181154209,0.63969366,-2.041760475,0.201225087,-1.267267655,-0.730226189,-0.826221535,0.752971482,-1.005121946,-0.539911205,-0.658939009,0.066910705,-1.523719037,-0.878272665,-1.928954708,-1.752154215,-1.816462082,-0.844667988,-0.52256088,0.203919956,-0.587526699,-0.002904213,-1.04072081,0.679555227,0.250525228,0.602237305,0.879875679,-0.559840813,-0.828508818,-0.878754128,-0.693347201,-0.282628198,0.231508468,-0.210474148,-1.92346396,-0.799174585,-0.065285467,-1.289893867,-0.889162064,-0.160638346,0.164412136,-0.507331735,0.214304603,-0.080884729,0.114042716,-0.240544066,-0.287282152,0.117960798,-2.136223556,-2.020418201,0.353259117,0.534151449,0.102917534,0.328584064,-1.775492497,-1.387094681,0.015085637,-0.715597309,-0.091896015,0.114845392,0.881947703,-1.239254618,-0.389198136,-0.993441791,-0.704612659,-0.20911738,0.447310579,-1.05641524,-2.893175685,-1.087969129,-0.333097936,1.055321973,-0.533241663,0.45596809,0.452157836,1.159550587,-2.281802554,-1.347073648,-1.184170177,-0.704612659,-1.74239804,-0.548354436,-1.495216768,-0.988592644,-0.205917771,0.062129371,-1.712024501,-0.342067863,0.834169198,-0.759714425,-1.213349966,0.611937125,-0.009141658,0.1194705,-0.153500891,0.808839143,-1.672910335,-2.25094186,-0.286349627,-2.21183073,-2.029509173,-0.768301854,-1.135691297,0.646893796,0.468252096,-0.929122711,-0.348140041,-2.150722744,-0.32545317,0.21760826,-0.903374507,-0.542316291,-0.347290544,0.027128667,-0.824851672,0.736781218,-2.679462744,-0.679638831,0.944878189,-0.600932697,-0.740448454,1.115239946,0.413697793,0.37692845,0.463608222,-0.901648455,-0.024395157,-0.567043304,-1.815232825,0.181070775,0.22617894,-1.325763861,-0.274042187,0.07862632,-0.692747261,1.287605982,-1.156135475,-1.011700917,0.876218456,-0.657008134,-0.996687669,-0.412187654,-0.525431776,-0.184163252,0.045546815,-0.320343015,-1.115351613,-0.581248088,0.860439698,-1.086189769,1.002174807,-0.178170186,0.387708387,-0.282893556,-1.816462082,0.53233268,-0.873949891,-0.384780517,-1.15518264,-0.544899604,0.922789569,0.849723488,-1.526016304,-1.965398826,0.572898608,0.444942199,-1.467070671,-0.285018955,-1.914605299,-1.517314624,-2.188363949,1.209646677,-0.279581636,-0.002202424,0.456221592,-0.56124211,-0.842807955,-1.41551722,-1.046969056,-0.343899752,-2.002480501,-1.374761125,-1.95970486,-0.989130278,0.076683225,0.149798365,1.529831776,-0.78987837,-0.3878708,-0.880199912,-0.296117551,-2.437259996,0.670390193,-1.136625731,-0.419310515,-2.948848688,-1.530164732,1.014650801,-0.132389188,-0.23483665,0.035270614,-0.49053292,-1.11932533,-0.567748771,0.581489099,-0.135819723,0.074829141,-0.910060182,-0.445818462,-2.078641862,-0.017451394,-0.28103753,0.403396303,-0.263574997,-1.798180037,-0.002803927,0.662172376,-0.601479992,-0.229035877,1.186439999,1.040029331,-0.851674089,-1.560647748,-0.912049738,0.43139273,0.169151883,0.453175324,0.409390726,-0.142370341,-1.331048887,-1.242713633,0.492743116,-0.579104465,-1.042988385,-0.953992599,-1.191385689,-1.129174594,-0.909066887,-0.321445703,-1.6533898,0.642748223,1.372448954,0.110467453,0.620576488,-0.690151672,1.522659236,-0.191039447,1.14466856,-1.247924692,-0.729396313,-0.136278018,0.53467886,-0.826221535,-1.481044698,-2.363397232,-0.916040763,0.23515117,-0.555125883,-2.171556831,0.0303352,-1.999521919,-0.967320903,-1.676646662,-0.151171788,0.2234635,-0.170788321,-0.173996308,-0.329337748,-0.279184942,-0.206409352,0.089566443,-0.421289658,-0.195406796,0.915490412,0.152635246,-0.136163425,0.084341148,0.551065049,-0.044788183,-2.236797352,-0.428631386,0.84629736,-0.852846559,-0.345593711,-0.329754849,0.341033248,-0.732511904,-0.940839605,0.17580034,-0.964693471,-0.020917248,1.024068324,-0.95217701,1.068531017,0.136626598,0.143060843,-0.637334116,0.610689058,-1.144132804,-0.198938863,-1.053830146,0.246469377,0.56565466,-1.452434164,-2.647896278,-1.642477767,1.016425618,-0.667089646,-1.125777957,-0.632428446,1.022486898,0.497922738,-1.367276355,-0.392598242,1.430000193,-1.296088093,0.565313809,0.054866901,-0.889405403,-0.466968241,0.20880119,0.81819267,-1.350541191,0.041237908,0.0964913,-1.581336482,-0.008637193,-1.468806783,0.291624292,-0.474975971,-0.534264855,-1.33408149,-1.175709339,-0.217534313,-2.251891979,-0.872991807,0.051453282,0.036331929,-1.30933332,1.129173824,-0.558616288,-1.947010754,1.029297937,-1.129174594,0.120446153,-0.502361545,-0.867976872,-0.672756491,0.809195379,-1.744685062,-0.156419919,-0.27483166,-1.195674002,-1.261601917,-2.321767912,-0.469843642,-0.332400537,-0.889648801,1.222451026,-1.459295254,-0.847931394,-2.259525604,0.258742329,0.12018016,-1.743540897,1.009526033,-1.68848112,-0.591674212,-0.577499757,-1.182537524,-0.413396478,-0.213069466,-0.412036653,0.077516442,-1.046969056,-0.086975014,-0.934963997,-0.737308076,0.329375687,-0.238003414,-0.977634362,-1.457575563,-0.896978421,-0.863461118,-1.944910649,-1.49209942,-0.904362161,-1.062183932,0.36997609,-0.819390907,-0.262274269,0.533975584,-0.122506674,-0.815088851,-1.295357366,-1.590616158,-2.163693094,-0.837479551,-1.438430116,0.827634366,-0.042698755,-0.689752947,-0.686370196,-0.561768103,-0.858257701,-1.313043899,-1.047824122,0.386486142,-1.518683549,-2.238671767,-0.678061543,0.01439588,-0.47868117,-2.040990355,-0.908818717,0.812972574,0.886655927,0.40239373,0.436511477,-0.450514777,-0.656622406,-0.494296322,-2.36765709,-0.100925919,0.501623413,-0.924827063,-0.059962341,-0.428784913,-0.513328754,-1.060161102,-0.303675962,0.293788391,0.490051325,0.088285565,1.143235051,-0.617112494,-0.817577259,-1.917322692,-0.978698192,-0.702591639,-1.937247776,-1.561124052,-0.251157298,-2.997734276,-2.006934851,-1.203639527,-0.463306108,-0.861802547,0.565256989,-0.176379247,-1.913249367,-0.291823972,-0.052662653,0.216884001,-0.096951526,0.31378832,-1.156135475,-1.071775635,0.460899815,-2.727233021,-0.629233855,-0.655466114,-0.073861849,-0.709276562,-0.732303896,-0.289550484,-1.019154367,-0.389788629,-0.166526951,-1.438851612,-0.949072221,0.51294338,0.631058988,0.542324291,-2.104554242,-1.435484605,-1.872752628,-0.607520095,0.90381321,-0.314573768,-0.748448496,-0.370194494,-0.649130295,-1.267622831,-1.770193691,-2.162823151,-1.494325105,-2.502256288,-0.215299397,-1.27833722,0.024887716,-0.210103938,1.073020939,-1.602958946,-0.662811981,-1.780819529,0.115558341,-0.030871664,-1.699909816,-1.340556469,-0.878272665,0.46649749,-1.488548595,-0.106694739,-0.605136303,-0.346159002,-0.062301026,0.252624681,-0.687761708,0.023618866,-0.692947201,-0.343194782,-2.528231775,-0.343053848,-0.728981634,-0.093322157,0.018919885,0.168053585,-0.918042265,-0.289016295,0.398910339,0.431067875,0.49950175,-2.301585593,-0.467606505,-0.207762449,0.71275371,-1.602958946,0.353259117,0.833734869,-1.253163049,0.60437061,0.284953353,0.132868673,-1.870153537,-0.308837615,-0.615815838,0.464614132,-0.167945391,-0.840951375,-0.312521362,-0.485807861,-0.793851885,-0.967320903,1.177300233,-1.48456893,-2.253794929,-0.662617976,-0.984034384,0.270332434,-1.622523152,-0.01572296,-1.045261113,-0.240671268,-1.597509342,-0.661260992,1.292862416,-0.12081262,0.936642228,0.273380288,0.560472564,-0.036871475,0.338256358,-1.608438412,-2.365524893,-0.6003857,0.282468505,1.023062252,-1.604948007,-1.149169012,-0.479165471,-0.623994322,0.8177072,0.419104994,-0.925079238,0.258510695,-0.05287349,-0.388165611,-0.800955133,-2.031794888,-2.146436411,-2.286711744,-0.07192574,-1.27833722,-0.492821999,-1.532014015,-1.429619486,-2.692669099,0.216481408,-0.19431317,-0.11867093,-0.197597644,-1.755620423,-2.012905018,-0.622688717,-2.073857163,-2.62554898,-0.494624244,0.453175324,-0.719491156,-0.089049817,-0.485970423,-1.628620732,-0.762926075,-0.075370307,-0.455390917,-0.006722546,0.98577948,-0.32406947,-2.924342277,-0.329337748,-0.030459207,-1.89645354,-0.846764669,0.364573667,-0.639606414,-1.068277089,-1.443923474,-0.577856136,-0.635255702,0.661140384,1.068256169,-2.390324007,-1.003483944,0.30151101,-1.154547921,-1.433385969,-1.102319151,-0.437575162,-0.891110433,-1.09243143,0.442568196,-0.507331735,-0.633935321,-0.234963128,0.373423894,0.442182691,0.394741145,-1.084709383,-0.631299777,-0.470163642,-0.804972996,-2.586275144,0.069526063,0.162458928,-2.254747764,0.333539369,-0.626984978,-0.711311151,-1.093326284,-1.316022308,-0.493149439,-0.400179104,-0.63714499,-0.756299996,-1.138497222,-0.078069655,-0.459340681,-0.534947566,-0.831030888,-0.920047781,1.423493802,-0.862276144,1.046897853,-0.521549587,-0.983766897,1.132111537,0.14790263,-0.33785319,-1.27833722,-0.292761618,-1.059295426,-2.733368009,0.161012796,-0.347007539,0.610254582,-2.849037894,-0.685774426,-0.727738625,0.354382318,0.051263294,-0.144101344,-0.33785319,-2.047942875,0.135142594,-0.414606766,-1.261955087,-2.100460909,0.498591086,-0.444725822,-0.592216462,-1.392312433,-0.614890683,0.715299985,0.273380288,-0.453657951,0.272466907,1.187050425,0.277025492,-0.351687402,0.318308266,0.790047005,0.767976321,0.396087946,0.317871744,-0.682800889,-0.441144101,0.852626495,-0.403317416,0.160927664,-0.305710275,-0.602575482,0.296022197,-1.489878677,-0.617668719,0.045260131,0.2786161,0.321358599,0.301289076,-0.927098931,-0.880199912,-0.610093625,-1.165393322,-0.205303633,-0.900417383,0.106609735,-0.655466114,0.43857746,-1.740686199,-0.246156326,-0.702187925,-0.798952239,1.192588245,0.897107912,-0.04845522,-2.05494407,-0.388607991,0.633556399,-0.078826781,-0.535630743,-0.485807861,0.110736042,-2.244316185,-2.339249077,-0.582142623,-0.092883127,-0.144563451,-0.21109147,-1.236840408,-0.254247296,-2.348629031,-1.105334834,-1.455858825,-0.570044983,-1.786175091,-1.588165777,0.185981518,0.425921117,0.799532171,0.264515794,0.299289445,-0.067957693,-1.444347293,-1.452861605,-1.621004549,-0.764643182,-0.635822114,-0.920549789,-0.275358323,0.780150224,-1.166998202,-1.531551374,-1.109572129,-1.888490658,-0.3213078,-0.177453425,0.101201881,0.350938522,1.156629593,0.177141497,-1.697176827,-0.034384427,0.364087404,-0.024805119,1.212208795,0.150916885,-1.212004976,-1.24897017,-0.908074577,1.113238141,0.379873758,1.122263709,1.127361702,1.309872175,-1.303056763,1.475289186,1.605409811,0.283749349,-0.823028101,-1.381505844,-1.514127733,-0.693147181,-1.742969305,-3.044922518,0.643431588,-2.715074816,-1.723727059,-0.09014355,-0.506169812,-1.256319285,-0.496594042,0.53362376,-1.141937413,-1.67932404,-2.556187852,-0.832869124,-1.452861605,0.014297305,0.088010877,-2.429282746,-1.048394573,1.446283487,0.808928214,1.410352626,0.160246349,0.671157163,-1.335221091,0.134443477,-0.214059933,0.689841724,-0.910060182,0.663975803,-2.151582219,-1.554476354,-0.289283354,-0.928363313,0.352556475,0.415877378,-0.823028101,0.039989648,-0.439280457,-0.532900831,-2.577021939,-1.946310229,-1.413049098,0.500169044,0.109213085,0.436963775,-0.776746204,1.011855425,-0.806315879,0.853308333,0.97130908,-0.999672341,-1.20330636,0.159308782,0.596801465,-1.271894821,-0.416273307,-1.349769586,0.755699355,-0.368892128,-1.664950622,1.194861421,0.975050086,-0.205058084,-1.281213885,0.550603874,-1.98195192,0.959005334,1.231043076,0.001199281,0.214708072,0.413763911,0.4650539,-0.664365379,-1.658103084,-0.018673265,0.183154543,1.371434498,-1.085893516,1.316810298,0.055245474,0.762859793,-1.983404353,-0.457126891,-0.893306895,-0.133302847,-0.686966321,-0.47320876,-1.162511015,-0.955291469,-1.456716825,0.252624681,-0.918292735,-1.796973036,-0.746126105,0.62245644,-0.300294611,0.345007139,0.691445734,-0.18572735,1.505321068,1.032508098,-1.583282955,-0.187414504,-0.714370817,0.141673158,0.325339064,-0.600750331,-0.179485582,-2.222850125,-0.755448207,-0.802292628,0.154436353,0.947905671,-0.484508315,-0.712941808,-0.844435295,-0.516005684,-0.438815088,-0.3741118,-1.790360448,-0.31429987,-1.308222826,0.704680416,-3.116770602,0.611340418,-0.669235361,0.020586634,-0.301105093,1.377304069,0.956472522,-0.418398384,-0.042490052,0.511745201,0.460836741,-0.152335661,0.591834019,0.584893595,-1.611941043,-0.477390848,-0.921805913,-0.587706668,-0.465374361,-1.653912403,-0.87803202,0.234439511,-0.58842687,-1.351699716,0.430157721,-1.481484548,-0.6267978,-0.638280279,0.144273489,-1.663366254,-1.38309947,-2.234926445,-1.500135178,-1.188755839,-0.686171567,0.085994193,-0.266312047,0.106609735,1.481127154,-0.139032209,-1.336742582,0.577624089,0.244983318,-0.759928214,-2.415753791,-2.001000115,-2.869981068,-1.576486812,-1.254915283,0.550373207,-0.991283711,-2.143873402,0.103278349,0.894045123,-1.870802677,-0.28621648,-1.040154719,-2.34028696,-0.773489933,-2.348629031,-1.840739651,-1.323883101,-2.966173471,-1.759098687,-0.22151987,-0.802515718,-1.989235274,-0.267356706,-2.479322271,-1.48236483,-0.535289096,-0.955291469,-1.788564578,-1.92004749,-1.662311402,0.181988168,-0.540941248,-1.289893867,-0.951141009,-2.889572078,-2.018158313,-0.302322049,0.791090255,-2.111138628,-2.224698554,-0.510159179,-1.098712294,-2.024953356,1.639579069,0.167461694,0.651647873,-2.632479014,-0.009747351,-1.114436839,1.48677298,-0.793188535,-0.806763907,1.603540557,-2.973970782,-2.3892329,-0.638090975,-1.870153537,-0.806763907,-0.108699417,1.606192652,-2.127791803,0.485507816,0.090571698,-1.05641524,1.150920068,-0.193220738,-1.355571188,-0.565986035,0.304686671,0.01242252,-3.036554268,-0.840487768,-0.114064956,-1.917322692,-0.517514612,-0.517514612,0.454191778,-0.472246142,0.370873663,0.09921165,-0.127606125,-2.733368009,-1.928954708,0.354312155,-0.94160854,-0.196988594,-2.563949857,-0.468884256,-2.405725852,-0.387428746,0.870037347,-0.211338506,-0.121715759,-0.959459227,-1.63989712,-0.538539462,0.022934971,0.173364899,1.256185676,-2.498599977,-1.840739651,-0.075046874,-2.330984568,-1.850872734,1.712319358,0.05600219,-2.548485631,-0.580175702,-1.113827454,-2.561355822,-0.922308804,-0.247180129,-1.930332119,0.198932823,0.239803992,0.322663041,-1.229974607,0.424875502,-0.369470748,-1.165072655,-2.352826309,0.570018633,0.33160326,0.312764853,-1.351699716,-0.562294372,-0.601297527,-0.465374361,-0.529498889,0.645898328,-0.094090923,-2.692669099,-1.285544458,0.755981125,-1.444347293,0.600318918,-0.630172381,-0.48240015,-0.238764932,-1.954043132,0.134181181,1.15483508,-0.583037958,0.401323209,-0.407216641,-0.033556784,-0.489227224,-0.990206415,-0.038117322,1.1076381,0.433080275,-0.622688717,0.610308902,-2.891372258,-1.028340236,-0.442077227,-0.772406862,-0.171737763,-1.749850066,-2.089896,-1.4554301,0.554574531,0.481499794,-0.108922407,-1.576003136,-0.085884739,-0.927604492,-0.096400774,-2.402405428,0.369215975,0.719545654,-1.454145028,1.288681532,-0.970482961,-1.426699776,1.609957777,-1.076459484,0.139240067,0.196881708,-0.079367935,-2.249044326,-0.628858691,-0.039884934,-0.086975014,-0.933436891,1.126357149,-1.406497068,-0.34460522,-0.649321701,-1.359457707,-1.32915817,0.46234941,0.525438336,1.611455875,1.615181387,-0.460766424,-1.635268672,-1.139746832,-0.307612708,0.065694103,-0.215671536,-0.847464541,0.459005875,-1.483245887,-1.188099455,0.615834077,-0.948297528,-0.555474375,-1.240636789,-0.141909246,1.057304065,-1.861752841,-0.10192199,-0.656815251,-0.9331826,-0.03978087,-1.260895952,0.219537056,0.714908672,0.531980278,-0.803631914,-2.061994628,-0.281832548,-0.121376986,0.785452851,0.696242385,-0.256312613,0.544531156,-0.291823972,-0.884065585,-0.245261357,-0.109480101,-0.247564326,-0.702793558,1.288240421,0.107148916,-1.472288074,0.050598053,1.145782093,-1.079692404,0.498226588,0.390892779,-0.443634374,1.033148896,-0.303405033,0.378436436,-0.62064049,-1.035355839,-1.657053766,-0.697757793,0.035656677,0.365406711,-0.130336502,-1.717580071,-1.04867992,1.09447039,-1.380312289,-0.916540763,-1.657578288,0.450757097,-0.321721565,-0.918793862,-2.08505728,0.316488164,-0.676880208,-1.181885208,-1.048965349,-0.902634405,-1.31378767,-1.342851803,-0.564929883,-0.214059933,-1.067695186,-1.690647968,-0.61452086,-1.18678798,-2.467459736,-0.989399204,-1.46403971,-0.537340729,-0.718875329,-0.880199912,-0.732303896,-0.384339826,-1.302688777,-1.391507928,-0.750776293,-0.481266822,-0.885034342,-1.137873003,-0.35982275,-0.329754849,-1.754463684,-0.329754849,-0.312658059,0.113060792,-1.047539018,-2.416874239,0.064194712,-1.136314156,-2.207274913,-1.615455985,-1.684700397,-0.235848924,-0.670603216,-1.250715067,-0.309791358,-0.091348039,-1.284460055,-1.490322432,-2.833613424,-1.326140438,0.014100124,-1.92004749,-1.152013065,-0.344746373,-1.402423743,-1.210661792,-2.633870803,-3.393229212,0.497618796,-0.436800988,-0.98564081,-0.542316291,-3.11226609,-1.261248872,-1.526936691,-1.95970486,0.316123746,-0.858021824,-2.068303797,1.01974944,-0.518857795,0.649874268,-1.194022473,-1.223155624,-0.276148837,-0.302592685,-0.589688472,-0.189467025,-1.231686643,-0.237496058,-0.268271679,0.36109516,-0.158644093,-1.184497028,-1.090346544,-0.850971266,-1.834458224,-1.59405681,-2.159350925,-0.595838998,-0.861329174,0.019312311,-1.854060495,0.48722941,-3.233989463,-1.880590683,-2.737994077,-2.595614772,-2.106196279,-1.52924137,-0.710293339,0.048218572,-0.341645595,-1.297551151,-3.044922518,-1.283016012,-1.801203928,0.273228115,-2.096384262,-1.247924692,-3.423442991,-3.721402646,-3.044922518,-0.983766897,-0.675896827,-0.574830954,-1.398366942,-2.149006005,0.164242443,-0.804972996,-0.97418471,-2.579656986,-0.72815279,-1.498791392,-1.066532395,-0.247820539,-0.765502843,-0.767439785,-0.416121688,0.094309679,-2.002480501,-1.182537524,0.396693416,-0.753321904,-1.581336482,-2.63108916,-0.497251504,-1.083822203,-1.481924592,-1.063341675,-0.892086043,-0.672952473,-1.933783969,0.125663018,-0.824395467,-0.726083681,-0.775659602,-0.521718065,-3.21140381,-1.430873405,-2.130313872,0.054582878,-0.820071874,-2.026469657,-1.576486812,0.156234222,-1.412227743,-1.846426871,-0.30734071,-1.01721665,-2.898605563,-1.159955919,-3.218875825,1.291983682,-0.394970371,-0.381992752,0.574813994,-1.130102956,-0.47997316,0.463293668,-1.347073648,-0.884307686,-0.226273444,0.514976995,-0.430013981,-2.247150386,-0.980829253,0.510845624,-2.911391125,-1.97833004,-0.458075058,0.034208171,-2.023439352,-0.616741849,-2.327902901,-1.229974607,-1.627601883,0.784540609,-0.798063351,0.092396849,-0.690949597,-0.679441534,0.001498876,-0.986444992,-0.168181993,0.151346752,-0.873710284,-1.398366942,-0.242581245,-2.838728525,-0.269580237,-1.249318906,0.251536626,-2.907721396,-0.035834453,-1.338647708,-2.975929646,0.267198714,-0.565986035,-0.68121861,-0.244622583,-1.184497028,-2.542112124,-0.284753033,-2.553613848,-3.022076249,-1.652345413,-0.321169917,-1.787369121,-1.667067025,-0.463942038,-0.11171399,0.51730459,-0.390379471,-0.806315879,-1.504627548,0.17697395,-0.535118316,-0.88746035,0.348330223,-0.307068786,-0.299889616,0.235625329,-1.714798428,0.272238431,-2.481711759,0.14401376,-0.154784214,-1.078221599,0.434441216,-1.398771883,-0.081210055,-2.922481812,-2.744195648,0.934209232,0.455143766,1.324897566,0.164496972,-0.948297528,-1.190398684,0.693397149,-3.33260459,-2.432693778,-0.337152468,-1.165714092,0.755088582,1.019533006,0.362696776,-1.183843433,-0.740238788,-0.840487768,-2.105374924,-0.742757681,-1.814005078,0.185317066,0.429311835,-0.75587401,-1.614450454,-1.178305058,-2.547207676,-1.518683549,0.348894757,0.719107282,-1.501032039,-0.262404265,-1.087079053,0.47995396,-0.398241263,-0.799619425,0.58650807,-0.646263595,-0.375129908,-1.026105598,-1.062762636,-0.95503156,-1.245142081,0.29408652,-1.070608092,-0.788997506,-1.648698626,-0.275358323,-1.901128006,0.266969031,0.59685652,-1.938636665,-0.089268468,0.044782143,-1.193692495,-1.168283962,-0.48694635,-1.699909816,-1.355571188,-1.086189769,0.243651812,-1.194682757,-1.100814712,-1.052969931,-0.549739717,1.13642175,-1.208985346,-1.584257614,-1.158999439,-0.109256986,-2.385966702,-1.303056763,-0.537683078,-0.497909398,-0.477552047,-1.427950036,-1.928954708,-2.544656654,-1.080575926,-1.38230234,-0.804972996,-1.318261951,"BL"
"62",-2.258568208,-2.308603165,-1.443076375,0.233093882,-1.779633289,-0.030665414,1.532664854,-0.408419468,0.795162106,0.376242249,1.762141832,-0.196379914,1.538650575,0.231191083,-0.755235373,-0.944690206,-0.420832585,1.00795792,0.712459492,0.060624622,0.029752958,1.848029526,-1.276185138,1.627159945,1.396219939,1.609017824,-0.683592968,0.252391626,-1.957577954,-0.804078741,-1.338647708,-0.689354382,-2.573082341,1.284040127,1.754784233,0.45139404,-0.300159594,-0.823711551,-0.853550702,-0.942121492,0.345502767,1.065227845,0.415547443,-0.312794773,-0.587526699,0.145052272,1.720120242,0.181487876,1.258716639,-2.11943055,1.633291148,-0.927098931,0.324182743,-2.210917904,0.87120968,0.876717957,1.687990279,0.717742227,0.670287886,1.817281006,1.78733302,1.761506426,-0.85566611,-1.264076728,0.359979478,-1.334461212,-2.54338358,-1.854699269,-0.287948775,-1.812778836,-1.108056747,-1.019154367,-1.520054351,0.534854602,-2.65498348,0.95927359,-0.375566558,-1.031421039,-1.939331834,-0.69214768,-0.590410103,-1.46403971,1.534002906,-0.616186139,0.870665554,-1.639381789,-0.550086338,-0.32545317,-2.048718369,-2.344449297,-0.940839605,-0.543865478,-0.867738691,1.357277412,-2.109488463,-0.56106684,-0.574475651,-1.715354138,-0.531198414,-0.561768103,-0.140872559,-0.593844979,-1.018877321,-0.385074418,-0.781104459,-1.705398304,-2.795243413,-2.945039159,-1.04072081,-1.697176827,-1.694995801,-0.36686959,-0.80430223,0.431587592,-0.925583779,-1.948413279,-2.502256288,0.014494446,-1.443923474,-0.684782264,-0.687165109,-1.464472142,0.268957863,1.329962077,-0.979230532,0.142974169,-1.326517157,0.027809701,-1.404865747,0.84955246,-0.75098818,-1.866267521,0.653054087,-0.116646182,-0.818937187,-0.643976137,0.533565111,-0.939047719,-1.293168383,0.676102746,-1.771956842,-0.390970662,-1.951928221,1.503832922,-1.113218441,-1.617470084,-2.102096232,1.86734611,0.795026644,-0.968110481,1.518987903,-0.519698202,-2.584948004,-1.461449035,-0.907083251,-2.323808729,-2.18036746,0.009157938,0.513781252,-1.315276874,0.6326538,0.640853386,-0.718054816,0.955242178,0.37183938,0.204979581,-2.071473372,-0.553559166,-1.613445934,-0.716006475,-1.349769586,-1.291347884,-0.800955133,-2.020418201,-0.073861849,0.910996743,-2.725705136,0.456981711,-0.47997316,1.692196928,-0.391858105,-1.835711357,0.442568196,-1.940027486,-2.079441542,-1.976163192,-2.245260026,0.991769193,0.976180966,0.024692613,-0.982697664,-1.829461336,-1.1858055,0.131817425,0.423894244,0.290353501,-1.613445934,-1.717023123,-0.795179906,-0.767224384,-0.930136139,1.522724673,-1.013077001,-1.569256123,0.442182691,0.260285182,0.642958539,-0.022041131,-0.313615454,-0.585369588,0.105620482,-0.026241311,-1.551640814,0.631644048,1.291269141,-2.304587096,-2.767800206,1.19806539,-0.927604492,-2.391416307,0.138282588,0.64306368,-0.335472736,-2.05494407,-0.749717532,-0.832639159,-1.526936691,-0.71355399,-0.756939314,-1.74869998,-1.887169654,-0.543693227,-2.877060744,-1.154230712,-2.175952442,-2.091514123,-0.432168491,-0.5407695,-0.23395175,-0.602392817,1.104826275,-1.091537375,-1.522801606,-1.872752628,0.228091291,-1.312672221,-1.809719795,-2.416874239,-0.093102618,-0.283822862,-3.055482278,1.299537497,-1.568295969,0.153235976,-2.407945609,-1.568775931,-2.602339747,-1.783196239,-2.087473713,-0.339817827,0.895802269,0.271247766,0.025667747,-1.613445934,-0.984034384,-0.456179623,-0.972596568,-1.907843948,-1.37081479,-0.155718575,-1.699909816,0.866848355,0.454318762,0.350022868,-0.393042588,1.718148809,-1.621004549,-0.360396145,0.095037415,-1.503727458,-0.922308804,-0.226398844,-0.078718585,-2.298593072,0.799711971,0.859000545,1.080719836,-0.187655758,1.573168041,-1.380709983,0.82408772,1.6663663,-0.833329211,1.075480125,0.489622416,0.00608147,0.330813398,1.422867341,-0.083925235,-1.17409043,0.2453746,0.541975393,-1.003211204,0.036717583,-0.546452801,-0.312521362,-1.095417398,0.06363186,-0.189708775,-1.654958428,-2.041760475,-0.079259681,-0.487923231,-1.427950036,-1.255266099,0.643589222,1.10899157,0.789820068,-0.156186083,-0.339396508,0.731502134,-0.844667988,-1.105334834,-0.608071008,-0.378774493,-1.199980783,-1.026663789,-0.676093426,1.522811916,1.346695577,1.633974415,-0.476263179,-0.417638909,1.62426741,0.695644061,0.572278138,-0.605136303,-2.200931439,-0.547316732,-1.00103196,-0.011667805,0.552217056,0.289380629,-0.28621648,0.616805947,0.69544454,1.519972618,0.742270623,0.364851425,-1.807888851,-0.416576613,-0.733552595,1.026650729,0.158028864,1.736141045,-0.055618424,-2.538307427,-1.855978042,-1.934475771,1.23130583,0.484892242,-1.082935809,-0.682009436,1.729547129,-1.015834862,-0.737099068,-1.177330873,-1.422543494,-0.909563411,0.581768593,-1.099612789,-0.870839469,-0.431244561,-1.241674672,-0.34418188,-2.062781101,-0.966531948,-1.005395207,-0.239527031,-1.734434403,-2.102914898,-1.264076728,-0.269842154,-0.064218572,-1.760260802,-0.554429261,-0.251543026,-0.744440475,-0.337152468,-1.872102222,-1.10262031,-0.679244275,-1.713687934,-0.340098805,-1.797576355,0.027128667,-0.650087691,-1.7567785,-1.344384958,0.170248976,-1.601469743,0.671310486,-1.305267522,-1.329914028,-0.811705517,0.294682512,-0.870600606,-1.738408294,-2.042531188,-1.387094681,-1.801203928,-1.485893726,-0.623994322,-0.45413028,-0.511492513,-0.797841252,-1.932401799,-1.475344178,-0.280110807,0.524136638,0.464865451,0.154436353,0.645216647,0.05845757,-0.989937272,-1.243060193,-1.354408172,-2.078641862,-0.570044983,0.01400152,-1.165714092,-0.69615169,-1.27833722,-1.421714306,-1.249667764,-1.481484548,-1.206977313,-0.153034636,0.137847067,-1.423373369,-0.436800988,-1.995100393,-1.363750397,0.279826296,-2.043302495,0.284577257,0.173617116,1.726153712,-1.352472813,-0.083707749,-0.055618424,-1.116267224,-0.201871416,-1.84136997,0.680517764,-0.317042228,-0.03407398,1.144955016,0.172523714,0.45266671,0.237361989,1.377884094,-1.141624179,-0.086429728,0.136015804,-1.090941782,-0.236608802,1.308873214,-0.017654935,0.349881924,0.954356933,-1.314904365,0.422453321,-0.656622406,1.025647253,0.40292856,-2.013653801,-0.139606954,-0.252057561,-0.422814746,0.593989609,0.231032353,-0.821207851,-0.854255341,-0.162401289,-0.524248644,-0.737935363,0.252313929,-0.262404265,-0.331424995,-1.550226053,-0.833099141,0.519924107,-1.57358826,-3.005782609,-0.825536369,-0.632804952,-1.189741222,0.417591288,-0.36672528,0.278994444,-1.060161102,-0.585369588,-1.57987911,-1.127320453,-1.676646662,0.202859208,-1.689563957,-1.89578754,-0.318553736,-2.380546634,-2.405725852,-1.333701911,-0.220148042,-1.377136423,-1.347843175,-1.468806783,0.816868108,0.147557564,1.836828433,-2.893175685,-2.718100537,-0.45082865,0.971914636,-2.48530673,-2.184802057,-0.779794987,0.749574772,-0.209857207,0.002097798,0.11520193,-0.723812595,-0.594207233,-0.851205485,-0.655658736,-0.092883127,-1.852784171,1.360540561,1.120145444,1.580709166,1.465359668,-1.523719037,-2.122766666,-1.998045903,-0.735845935,-1.341703478,1.589316834,-2.144727008,0.404464608,-2.08828049,1.45025459,0.386961637,-1.907170321,-1.712578671,0.369215975,-0.568101692,-0.285018955,-1.803629642,-0.524417577,-0.121828708,-0.945977042,-0.819844834,1.448353248,-0.094310679,-2.825145973,-1.414282398,-1.325387426,0.139414056,0.068592791,-0.232436598,1.039640467,1.77461331,1.523640344,-0.97418471,-2.157619323,0.415877378,-0.800955133,-0.857550237,-1.285544458,-0.131134268,0.61020026,0.216803496,-0.576431381,0.262748806,-0.319241541,-2.440698395,-1.078221599,0.377134218,-0.305167387,-2.962297497,-0.673736787,-0.168063685,0.780012714,-0.029634805,0.386418195,0.16109792,0.583778644,-0.502361545,0.599770131,-0.915541013,0.052497569,0.436252928,-0.836555764,-0.573942933,-0.613966383,0.609874261,-1.296088093,-1.395940738,-0.714370817,-1.330670457,-0.885519073,-1.279414999,-1.479726306,0.415745418,-0.575008653,-1.623536837,0.917250271,-2.260483917,0.661501703,-0.06443186,-2.207274913,-0.480296419,-0.923818998,-2.359155444,-1.470981169,-2.163693094,-1.045545568,-0.048770164,0.067845547,-1.240636789,-0.777833989,-0.973919845,-0.231932057,0.015085637,-2.286711744,-1.32275634,-0.061024702,-0.208501275,-0.049925809,0.23483494,-0.987249821,-2.004705196,-0.366004039,0.999969897,0.317435031,-0.14352401,0.472812182,-0.637712474,1.383615777,-0.626049437,-0.144563451,-1.219424909,-0.493476985,-1.388697246,-1.22894879,-1.167962367,-1.332943186,-0.592759007,-1.320881223,-1.793360751,-0.941352162,-0.046253385,-0.719285838,-0.896243037,-1.074700469,-1.653912403,0.821408461,-0.874429278,1.593836846,0.021565778,-1.519140274,-2.27789248,-0.512827626,0.119914097,0.197784717,-0.792304752,-0.042490052,-1.104127469,0.676102746,-0.557218663,-2.727233021,-2.442997247,-0.415666971,-0.358676947,0.104269921,-0.395118816,-1.35208619,-1.689022392,1.296178169,-1.235119533,-0.021938908,-0.051714436,-0.697757793,-1.604450371,-0.250257844,-0.198694871,-0.371353578,-1.696085719,0.440960944,-0.549220012,-0.793409602,0.257660913,-0.412942998,-1.09243143,-1.108965701,-0.465692934,-1.506430162,-0.445662298,0.431262801,-0.986981472,-0.700776208,0.369354221,-1.226559303,-2.029509173,-1.983404353,0.076312683,-0.319241541,-0.30734071,-1.326894018,0.457614702,-0.746969987,-0.607887337,-2.059638914,1.048896696,-0.127606125,-2.046393688,0.700569566,-0.474493695,0.498408854,-0.988323935,-1.285906187,-1.225536982,-0.923818998,0.509044038,1.677115252,-0.130108685,-1.39070407,-0.587526699,0.319834595,-0.83034242,-1.315649522,-1.352472813,-0.145257013,-0.95581149,-0.0062193,-0.506003933,-1.702650294,-0.646454453,-2.128631786,0.403262685,0.336472237,0.330382302,-2.113618993,-0.142139767,-0.193584749,-1.774312556,-0.955551446,1.01054581,-0.926341068,0.311007898,-1.471416615,0.111541375,-1.825729989,-0.759286983,-1.745830537,-2.53451715,-2.015153052,-1.397557553,-1.085301275,0.634511205,-0.558791128,-0.295983097,0.230238324,0.519924107,0.841092935,0.696939979,-0.4674469,-0.200526261,0.057136191,-0.053717283,0.807056055,-0.582679728,0.732560183,-0.463624022,-1.60743991,-0.709073331,-0.134102985,-1.8426318,-1.110482461,-0.137539414,0.03575317,-1.018323457,0.485753939,-0.124430078,-0.676880208,-1.177980224,0.037103088,0.105620482,-1.907170321,-2.197324582,0.729623747,0.829599304,0.07723878,0.052402679,-0.936748574,-0.979496808,-0.309927681,0.23791393,-0.475941222,0.319326078,0.12398598,-0.987518241,-1.177006356,-1.077046511,-0.475941222,-0.178289696,-0.708260818,-1.370421012,-2.96036513,-1.42129997,-0.494788246,1.029583702,-0.78745786,-2.624168717,-0.663006024,-0.122054646,-2.00619108,-0.747603366,-1.484127721,0.192024332,-2.051048467,0.168053585,-1.463175405,-0.870123051,-0.211338506,0.370114231,-1.143191332,-0.090252989,0.057513906,-0.32545317,-0.975244875,0.051548262,-0.454602833,-0.572169254,-0.826678573,0.612479277,-2.265289308,-2.240549702,-0.085884739,-2.826833737,-2.290656522,-0.674325426,-1.525556428,0.354382318,1.026579086,-0.560190953,0.23948923,-1.144760945,-0.455706325,0.163902971,-2.436116486,-0.315121788,-0.245900538,0.096037188,-0.941352162,0.890193133,-3.042823881,-0.456021832,1.076809663,-0.159347493,-1.050393716,1.398914392,0.72202614,-0.100815305,0.717595861,-0.788997506,0.01064316,-1.078809661,-1.352472813,-1.482805262,0.693347161,-0.976040736,0.869618324,0.36686287,-0.670798777,1.498997851,-1.288441961,-0.881647788,0.89902249,-0.472085795,-1.077927697,0.177895108,-0.697356025,-0.318416232,0.023814178,-0.946749939,-0.965480976,-0.948813924,0.037777364,-0.79142175,0.805225084,-0.86654864,0.05552931,-0.706435075,-2.328929068,0.631378154,-1.428367138,-0.341082849,-1.212677245,-0.511659305,0.940983344,1.325057052,-1.195674002,-0.656815251,0.586674936,0.158199615,-1.398771883,-0.436646226,-1.159955919,-1.492544161,-1.252463013,0.939030219,-0.565986035,0.471065565,1.148576367,-0.528989594,-0.467287322,-0.929122711,-0.700171795,-1.141624179,-2.126952524,-0.024292693,-2.369793843,-0.474815186,-0.410226425,0.295575835,1.62245285,-1.617974243,-0.483696956,-0.728981634,0.018330957,-0.489879859,0.873925881,-1.1141321,-0.397645759,-2.877060744,-1.724848764,0.492070847,0.523011079,0.088651698,-0.263965546,-0.866073016,-0.556869562,-1.101717104,0.026934001,0.07723878,0.394404161,-0.788557365,-0.634878272,-1.409358301,-0.251414433,-0.569691377,0.182654835,-0.07763727,-1.575519694,-0.47868117,0.13058957,-0.591132255,-0.33128571,1.190765977,0.918009254,-0.989130278,-1.807279281,-0.972332123,0.545632765,0.04936143,0.128832872,1.199663533,0.52532007,-2.330984568,-0.916540763,0.4127055,0.108944087,-0.800509699,-0.686370196,-1.467504417,-0.483696956,-0.485157877,-0.572169254,-1.207311706,0.575039092,1.602252157,-0.130678324,0.037103088,-0.597837001,1.427508279,-0.555648667,0.823999989,-2.081042823,-0.576609364,-0.325176277,-0.713145827,-0.864172778,-0.929882685,-2.396895772,-0.847931394,-0.279846187,-0.147340588,-1.64506509,0.086728004,-1.558269626,-0.219898821,-2.287696481,-2.320749064,0.015479571,-0.036249133,0.460710582,-0.394525168,-0.157121756,-0.782415648,0.462790175,-1.641961104,0.219697621,0.260593467,0.333252774,-0.202238591,0.126456424,0.212203931,-0.70097776,-2.502256288,-1.090644119,0.837290814,-1.156771203,-0.337432698,-0.2026059,-0.531368525,-0.530858278,-0.575008653,0.450310996,-0.091019398,0.320415442,0.847540688,-0.818937187,1.617287027,0.173364899,-0.868453402,-0.312248026,0.81920698,-0.844202655,-0.322273517,-1.555423324,0.623207432,0.602839468,-1.123930097,-1.435484605,-1.598497972,0.955588365,-2.204551353,-1.461017907,-1.113522901,-0.302322049,0.623957861,-2.288682188,0.254642218,1.490564282,-2.092324168,1.368486742,0.240747685,-2.065144237,-0.17757285,0.427030886,1.433583399,-1.016663706,0.325194597,0.352345586,-1.6321949,-0.289550484,-1.331806176,1.264296204,-0.671777155,-0.593301846,-2.280823601,-1.684161459,-1.927579192,-2.709050701,-1.256319285,-0.564050607,0.030238183,-0.299754654,1.536587611,-0.743598724,-0.414152737,1.414857522,-0.272333796,-0.707043286,-0.672168774,-1.050393716,-0.623994322,0.876218456,-2.034850658,-0.091019398,-0.20567207,-0.955291469,-1.096614286,-2.744195648,-0.077961541,-0.727738625,-0.881647788,1.196434462,-1.989235274,-0.649704623,-1.947010754,-0.847231196,0.353118628,-0.780449509,0.57013173,-0.597655199,-0.741917345,0.098577563,-1.25842899,-0.386103755,-0.545072062,-1.538513574,-1.572623939,-1.85342213,0.019312311,-0.882614206,-0.850034936,0.113239396,-0.467925789,-0.60531947,-0.846997905,-0.588967362,-0.483048343,-1.307852935,-1.315649522,-0.315121788,-2.58893472,0.169995907,-0.9331826,-0.298675614,0.710348388,-0.403467105,-0.619525041,-0.834250022,-0.974449646,-0.132845913,-0.795179906,-0.441610555,1.038012667,-0.099820335,-0.880199912,-0.964431107,-0.591674212,-0.518857795,-2.024196067,-1.054978252,0.834690145,-1.866267521,-2.104554242,-0.641314032,-0.415970093,-0.743178114,-3.085656981,-2.098828255,0.749432992,0.607643757,0.258279008,0.612099802,-0.298406036,-0.653541926,-0.537340729,-1.947010754,-0.146877196,0.683702722,-0.973655049,-0.730849048,-0.088831214,-0.686966321,-1.477094725,-0.214307703,-0.115298624,0.161778656,-0.497251504,1.044930178,-2.20909475,-0.652581219,-2.058854908,-2.155890714,-0.368747525,-1.804844709,-1.392312433,-0.135934277,-2.191938573,-2.383795148,-1.018600351,-1.083526651,-0.749505914,0.568830346,-0.804078741,-1.917322692,-0.677864557,-0.740658163,-0.254505228,-0.306253458,-0.181881654,-1.052969931,-2.407945609,-0.018978967,-2.138767008,0.161778656,-0.541972353,0.826453548,-0.830113036,-0.159934038,-0.092005646,-0.480458087,-0.084577976,-0.332818918,-1.818308804,-1.039306183,-0.098274569,-1.694451287,0.592829484,-2.873514641,-2.247150386,-1.981226494,-0.424342164,1.013852919,-0.040821995,-0.776094101,-0.623994322,-0.129880921,-1.71981097,-1.535722875,-2.015153052,-2.248096908,-2.614559858,-0.523742016,-1.904480339,-0.616371342,-0.056358734,1.036878719,-1.881903019,-2.076246651,-1.719252778,-0.095630231,0.200079612,-1.526476392,-1.543650172,-1.003483944,0.504827672,-0.777398733,-0.233572747,-0.06166266,-0.317042228,0.172523714,0.492743116,-0.649321701,-0.739191119,0.060153923,-1.149800325,-2.737994077,-1.427116356,-0.963120319,-0.346441768,-0.17697587,0.419499497,-1.848329821,-0.575364145,0.779921029,0.757154311,0.229284656,-2.491327218,-0.21183276,0.715691145,0.227932068,-1.190398684,0.209531324,-0.190555362,-1.727658544,0.752924385,0.140804877,0.313861384,-1.406088988,-0.565986035,-0.570929548,-0.427404016,-0.198694871,-0.177931208,-0.059750004,-0.051609134,-0.39988073,-0.524248644,1.404257061,-2.038683549,-1.769606665,-0.706029806,0.74326979,-0.187414504,-1.718694898,-0.21109147,-1.796370082,-0.29813653,-2.943139823,0.019704583,-0.021121497,-1.244100595,0.271247766,0.430937904,0.565370626,-0.005113049,0.49237648,-1.041003976,-2.3892329,-0.599110539,-0.633369977,1.066915202,-1.836966062,-1.054404034,0.405265088,-0.192129498,0.49573229,-0.049295292,-1.220102186,0.323604082,-1.072359918,-0.3741118,-1.556845462,0.229523158,0.364851425,-2.989750202,-0.289016295,-0.883581557,-0.291823972,-1.403237082,-1.491210531,-2.404617819,-1.113522901,-0.279978488,-0.699567748,-0.295579845,-1.619488248,-2.125276078,-1.864975532,-2.975929646,-2.326877786,-0.172331623,0.627541423,-0.749082813,0.773251425,-0.670603216,-1.708705914,-1.477094725,-0.092663685,-0.138802403,0.300030516,0.508081863,-1.006489,-3.201527187,-0.764213629,0.452348694,-2.308603165,-0.251285857,-0.0062193,-0.83609419,-2.190149664,-0.912298711,-0.038325114,-0.186932169,0.852370686,1.280461512,-1.990698332,0.161268148,-0.490206337,-0.400328324,-0.347149031,-1.05641524,0.383423977,-0.431244561,-0.978166136,-0.090252989,-0.45870767,-0.408118626,0.052687322,0.398037592,1.146290724,-0.045939232,-2.704556312,-0.390231727,-0.776746204,-1.277978218,-2.118598257,0.344794652,0.836987751,-2.924342277,0.845224283,-1.028060633,-0.495772821,-0.575008653,-1.030019497,0.290951721,0.4869222,-0.368747525,-1.091239534,-0.696753676,-0.24538916,-1.151064149,-0.980296062,-1.130722343,-1.725971729,1.268101867,-0.818256992,0.640062809,-0.780667778,-0.760569857,1.245767126,0.580706101,-0.615075645,-1.782601531,-0.060812139,-1.254214021,-2.596956154,0.005087039,-0.828508818,0.57593898,-2.695627681,-1.685239626,-0.818937187,0.117516333,-0.038117322,-0.197841368,-1.614953093,-2.487710577,-0.287548748,0.219215848,-2.025711219,-1.963259787,0.0835136,-1.113522901,-0.324207754,-1.397153104,-0.841415197,-0.163696093,-0.719696516,-0.912796843,0.510965614,1.108529616,-0.112049504,-0.268794897,0.338612801,0.479520698,0.387369024,0.321141026,0.083973434,-0.051293294,-0.505506462,0.722608891,-0.024600117,-0.161813296,-0.695149183,-0.1806829,0.603058346,-0.836555764,-1.844527535,0.06428849,0.259976801,0.28840681,0.671412688,-0.633746837,-0.510658971,-0.747603366,-1.064210862,-0.435563556,-1.193692495,-0.019692633,-1.399987688,0.281789747,-2.365524893,-0.391710143,-1.196997191,-1.398366942,1.326968895,0.919764691,-0.147572364,-2.318714475,-0.470803949,0.693896899,-1.127011763,-1.460586966,-0.970482961,0.20546826,-2.222850125,-2.065933192,-0.659519,0.171766043,-1.528318861,-0.007629027,-1.134446742,-0.680823431,-2.297597551,-1.351313392,-1.464472142,-0.779358877,-2.113618993,-2.161953963,0.044112575,-1.451579828,0.394808528,0.098396322,0.543834777,-0.206040643,-0.963906586,-0.430167721,-1.855338451,0.46624658,-0.507331735,-0.730849048,-0.161460666,0.517543012,-1.280853849,-1.587187303,-0.868691753,-1.682008605,-0.167708844,0.065694103,-0.419919065,0.199588292,0.68218734,-0.177692288,-2.264326381,0.095401085,0.041909403,-1.033386504,1.046476534,0.231191083,0.231905057,-1.818308804,-0.438815088,0.982415494,0.69429652,1.138826098,1.140233963,1.136999321,-1.292439786,1.692417841,1.702691433,0.183071276,-0.191644884,-0.912547746,-1.044408235,-1.297917251,-0.006018072,-2.61866664,-0.448633604,-2.603690186,-1.276185138,-0.363843433,-0.889162064,-2.326877786,-0.558441478,0.098849364,-1.174414002,-0.991553216,-1.320881223,-0.722575991,-0.612489278,0.736781218,0.096945206,-0.952954716,-0.507830115,1.644380256,0.662945672,1.602352873,-0.973655049,0.345290385,-2.068303797,0.342241278,-0.407066389,0.756450564,-0.880441079,0.843892067,-1.701553201,-1.672910335,-0.206532286,-0.406165353,0.794710496,0.547716702,0.084433056,0.625457032,0.136364875,-0.501535577,-2.063568193,-2.667868411,-1.891137913,1.057060862,0.007074914,-0.078610401,-1.041287222,1.204772484,-2.933696883,0.979753675,0.221622395,-1.56398665,-1.097512893,0.866638196,0.76458373,-1.404051083,0.02644717,-1.051824127,0.493048544,0.260747574,-1.735001135,1.312190235,1.396145677,0.403529903,-1.083822203,0.383560273,-2.018158313,-0.768086267,1.147084942,-0.016027761,0.497497194,0.154607718,0.437028373,-1.00103196,-2.519498095,-0.232562773,-0.098274569,1.127167351,-2.212744389,0.98604065,-0.245644817,0.262748806,-1.910543005,-0.341504879,-1.102018082,-0.366004039,-0.549393217,-0.978166136,-0.903127745,-1.019154367,-1.520969264,-0.622875128,-1.290257173,-1.855338451,-1.036201029,0.7066062,-0.113168698,0.027323296,0.919525494,-0.281700001,1.545688413,0.622939286,-2.434974281,-0.432630776,-1.678787991,-0.238384101,-0.274568433,-0.350976923,0.699278346,-2.798522104,-0.931150595,-1.183843433,0.289829765,1.368079473,-0.450514777,-0.932674211,-0.738981717,-0.167117723,-0.28595024,-0.355960913,-1.355183366,-0.486458267,-0.973390324,0.545111102,-1.917322692,0.699675823,-0.496922719,-0.322825775,-0.47176518,-0.02388294,1.216898901,-1.287354413,0.089017696,0.999381098,0.316779603,-1.251064412,0.622080732,0.430092678,-1.344001449,-1.736135565,-1.467070671,-0.740238788,-1.495216768,-1.724848764,-1.870153537,-0.767870727,-0.478519789,-1.977607236,-0.85566611,-1.463607464,-0.629233855,-0.344887546,-0.015418253,-1.598497972,-2.592937394,-2.675099101,-2.163693094,-0.498403104,-2.02798826,-0.29732845,-0.222643676,-0.437575162,-0.141678778,-0.454287773,-2.335108285,0.764118094,-0.85660773,-0.252314929,-2.95651156,-2.456902453,-2.349676701,-2.327902901,-0.554255182,-0.867500568,-2.394700382,-2.42249539,0.459132249,0.805090979,-1.753885817,-0.644357016,-0.989668202,-0.874908894,0.121597972,-1.591597994,-2.306593114,-1.019708691,-2.686778066,-1.747551215,-0.892330094,-1.702650294,-1.939331834,-1.736703263,-1.722606611,-2.414634597,-0.789437841,-0.592397277,-2.351775337,-2.200028505,-1.840739651,0.677271831,-0.10858794,-2.003221516,-1.115351613,-2.704556312,-2.130313872,-0.323792959,0.243573433,-2.063568193,-2.164563795,-0.238257189,-1.452861605,-1.707602161,1.679840457,-1.312300681,1.023457615,-2.640858952,0.211961262,-0.634312395,-0.736681183,-0.852611955,-0.850737101,1.762965541,-1.486335715,-1.709810887,-1.250016743,-0.278656261,-0.218653646,-0.632993258,1.631473339,-2.70306266,0.887356135,0.075478461,-1.079692404,1.012109873,-0.200281882,-2.286711744,-0.543693227,0.388183301,0.2749767,-2.633870803,0.177476505,0.058363243,-0.710903902,-0.064218572,-0.023473356,-0.675110818,-1.644029357,-0.599292605,-0.90017135,-0.183682482,-2.168928708,-2.121931593,-0.50120538,-0.935983365,-0.439590823,-3.158251203,-0.471604911,-2.257611727,-0.835402228,1.09323117,-0.775659602,0.090845683,-0.709073331,-1.720369473,-1.474470052,-0.031903549,0.214788747,0.73414516,-2.323808729,-1.845793358,-0.389493339,-2.270117903,-2.23305903,1.413277032,-0.344746373,-1.547402522,-0.313068259,-0.690949597,-2.219163485,-1.198322133,-0.321859524,-2.197324582,0.103188158,0.407063829,0.169742775,-0.576431381,1.220475876,0.02391182,-2.020418201,-1.936554054,0.661966063,0.991657911,0.311447426,-1.550226053,-2.179482896,-0.95972029,-0.016942721,-0.484995447,1.063986337,0.113507241,-2.787093408,-0.278788405,0.4740579,-2.235861461,0.262518099,-1.339029169,-0.591493527,-0.593844979,-1.395536942,-0.400776119,1.026579086,-0.180922536,0.186562551,-0.246412178,0.473871141,-1.003756758,-1.229290612,-0.158058305,1.465151751,-0.668259465,-0.650470906,0.954356933,-2.877060744,-0.676683455,-0.497744884,-1.223835433,-0.366148246,-1.591106956,-1.797576355,-1.220102186,0.593713511,1.330464476,-0.455390917,-2.139616265,-0.087411457,-0.848632083,-0.741287556,-3.146555163,0.887191424,0.484830663,-0.342772039,1.365964095,-1.142564176,-1.765507098,1.837608805,-0.79142175,0.195155515,-0.230671818,-1.539445541,-2.011409131,-0.679638831,-0.076017486,-0.471124257,-0.718464989,1.377228389,-2.296603021,-0.172806964,-0.741077714,-1.648178741,-1.342468882,-0.514833645,0.668752024,1.824984681,1.421468436,-0.035523556,-1.836338513,-0.472406514,-0.392894451,0.497314762,-0.598746505,-0.670212209,0.643904414,-1.177330873,-0.949072221,0.542905517,-0.927351679,-1.406088988,-1.699909816,-0.861092571,1.17689961,-1.279774518,-0.407667532,-0.936493439,-1.182863841,-0.442077227,-1.386294361,0.478467708,1.060564221,0.161693589,-1.049822124,-2.48530673,-0.347432077,0.060153923,-0.087957279,0.969186741,-0.614705754,0.6452691,-0.176140698,-1.988504547,-0.248333162,-0.384192973,-0.704410373,-0.123863987,0.439028825,0.29884454,-1.744112816,0.240590465,0.707592345,-2.116105526,0.558243418,0.904501511,-0.588066704,0.790319262,-1.831956659,0.830950685,0.01212618,-1.373575589,-1.004302609,-0.536998498,-0.01349059,0.474431313,-0.122732765,-1.554949727,-0.977634362,1.228031069,-1.379914754,-0.966006324,-1.763172012,0.45082081,-0.675503745,-1.445619827,-1.87993516,-0.281965112,-0.757365753,-1.256670593,-0.759286983,-1.131962268,-0.897223669,-2.747310915,-0.229790594,-0.415970093,-2.186581417,-1.826350914,-1.671845373,-1.458865054,-1.308222826,-0.370484139,-0.895998029,-0.180563104,-0.667869373,-1.541779264,-0.989399204,-0.889648801,-1.548813291,-0.49807394,-1.058142356,-0.329476762,-1.590125601,-1.471416615,-0.955551446,-1.715910157,-2.207274913,0.108316143,0.018036362,0.077701508,-1.340556469,-2.88598141,0.273912708,-0.933436891,-2.826833737,-2.308603165,-2.105374924,-0.226524259,-0.448320418,-1.213349966,0.102466332,0.531098729,-0.558266698,-1.679860377,-2.999740295,-1.198985263,-1.393117586,-1.913927103,-1.30933332,-0.03035612,-1.343618087,-1.364532869,-2.467459736,-2.724179583,-0.683989243,-0.607152987,-1.093326284,-1.074700469,-2.688247574,-1.399987688,-1.863040671,-2.467459736,-0.400626831,-0.631675858,-0.950882177,0.946315445,-0.261624538,-0.542144307,-1.489878677,-2.663554961,-0.963906586,-0.998857456,-0.353964335,-0.541800428,-1.079692404,-0.961811247,-0.774357236,-0.253731633,-0.156419919,-1.671845373,-0.644738041,-1.735001135,-3.460947386,-1.524637311,-1.883874758,-0.818483672,-1.49744941,-0.293029679,-1.68848112,0.617669039,-2.753570716,-2.02722867,-2.44184716,-2.649309706,-1.71981097,-1.77136878,-1.04867992,-1.139434283,-0.980296062,-0.358247608,-2.676551534,-0.767870727,-1.755620423,-0.442077227,-2.155890714,-1.421714306,-3.294138309,-2.262403303,-3.066154738,-1.095417398,-0.362118304,-0.977900214,-1.192373668,-2.309609708,-0.304489191,-0.669821355,-0.921052049,-2.191938573,-1.122085645,-2.044074398,-0.915041512,-0.174472442,-1.153913604,-0.801177925,-1.395940738,-0.128629143,-1.939331834,-1.28880474,-0.036249133,0.460395115,-0.55321134,-1.830708219,-1.26940061,-0.636955901,-1.17409043,-0.487434671,-1.552112846,-0.550086338,-2.185691342,0.718327479,-1.383498274,-0.713145827,-1.165072655,-0.971010944,-2.918771232,-0.916790857,-2.96036513,-0.625862434,-0.608071008,-1.555897146,-2.161953963,-0.120361357,-0.586447562,-1.683622811,-0.30924625,-1.186132886,-3.246761028,-1.304161532,-1.984131362,1.569989973,-1.102018082,-0.947781399,0.192766815,-0.724225136,-0.239272933,-0.029119899,-1.065661189,-0.801400766,-0.079259681,-0.40107476,-0.331424995,-2.669310373,-0.918042265,0.751887676,-3.275446176,-2.390324007,-0.305710275,0.194414804,-0.997500787,-0.457916968,-2.419118909,-1.888490658,-2.752002089,1.202912242,-2.161953963,-0.94160854,-0.502857454,-0.738563044,-0.431706419,-1.129483952,-0.693947501,-0.236988958,0.333181113,-0.882855956,-0.905103542,-2.590267165,-0.574120474,-0.956852344,0.430092678,-1.660731207,0.4647398,-0.732719956,-3.072613318,0.201143311,-0.285817146,-0.881647788,-0.352113933,-1.072944542,-2.401301066,-0.586447562,-2.030270498,-2.594275187,-1.963972292,-0.872273846,-1.868208641,-1.812166279,-1.0761661,-0.664365379,-0.022450129,-0.903374507,-1.860466667,-1.737271284,0.190207051,-0.827593277,-1.058430499,0.937308307,-1.113827454,-0.28143496,0.103729186,-2.950758908,0.62738124,-3.103317484,-0.380236054,-1.158999439,-0.739400565,-2.004705196,-2.092324168,-0.545589616,-2.663554961,-2.501036032,-0.541284831,-0.303134177,1.072165639,-2.538307427,-1.21773372,-3.79423997,0.406531206,-2.821778966,-3.221378955,-0.264747101,-1.440117168,0.740412373,1.308386872,-0.615445673,-1.367668897,-0.760783829,-1.744685062,-3.066154738,-1.018877321,-3.090042953,0.078348966,0.288706547,-1.165072655,-1.740116236,-1.29974976,-2.133686557,-1.317888328,-0.384486702,0.371563556,-2.200028505,-0.320205264,-2.431555474,0.088468648,-0.317179543,-1.057278425,0.347058857,-0.612489278,-1.07382212,-1.099913134,-1.036201029,-0.541284831,-1.967542449,-0.533582611,-1.461449035,-0.626984978,-3.661264287,-0.421289658,-1.949817774,0.156490797,0.527446725,-1.696631124,0.63472326,-0.373675786,-1.868208641,-1.46015621,-0.911800827,-1.364141556,-1.214696768,-1.512765025,0.08782771,-1.482805262,-0.851674089,-1.191056579,-0.875388741,0.426769875,-1.221118963,-1.136937403,-0.191039447,-0.423425433,-3.028255465,-1.069150579,-2.276917346,-0.24551698,-0.815314815,-1.288079314,-2.835315552,-2.169803982,-0.630172381,-0.870839469,-0.315533001,-1.326140438,"BL"
"63",-1.146333025,-3.007804855,-0.029325829,0.2378351,-2.859454655,0.042292912,1.318416939,-0.540426094,0.183071276,0.503438405,1.737250484,-0.140182031,1.823839363,-0.65508098,-0.550779939,-0.741287556,-0.390822831,0.943322071,-0.175187068,-0.527124397,-0.782853094,1.850122713,-2.269150317,1.470428687,1.50240934,1.369173634,-1.215708061,0.95927359,-1.97256218,-0.268271679,-1.591106956,-0.407216641,-2.547207676,1.18933621,1.791209318,-0.230042293,-0.450985623,-1.598497972,-1.174737679,-1.210661792,-0.905598102,0.751840527,0.167123313,-0.995063413,-0.863698282,-0.374693449,1.538886684,0.192271888,1.353719515,-2.141316945,0.611231887,-0.733760863,-0.54283242,-2.197324582,0.669622636,-0.489227224,1.782584171,0.844364992,0.800206253,1.768183733,1.747424367,1.48058129,-0.356674944,-1.403237082,1.128462311,-2.621413894,-2.80016549,-2.255701507,-0.432168491,-1.395940738,-0.353821875,-1.018600351,-1.690105816,0.296319661,-2.199126385,1.271528644,-0.586807145,-0.735637232,-2.319731252,-0.190313407,-0.787677664,-1.885191414,1.710928951,-0.901402119,1.239561931,-2.27789248,-0.854020406,-0.975510092,-1.988504547,-2.255701507,-1.116267224,-0.466649261,-1.888490658,1.452526759,-2.158484749,-0.750776293,-0.416576613,-2.051826375,-1.142250746,-1.483245887,-1.10473097,-0.909066887,-1.11871296,-0.494952275,-0.913544506,-1.4554301,-2.636660205,-2.531998257,-1.532476871,-1.919365594,-2.105374924,0.027323296,-0.441299561,0.040565962,-0.781541331,-2.294616923,-1.870153537,-0.722781986,-1.475344178,0.405198406,-0.237242476,-1.21402314,0.329015936,1.41502758,-1.599487582,0.680770909,-1.955455562,0.217447359,-2.011409131,0.925250473,-0.633746837,-1.950520762,1.263052704,-0.412489723,-0.647982629,-0.827135821,0.573687741,-0.490696252,-1.749850066,0.560301267,-0.203953857,-0.423120043,-1.375948069,1.676030572,-1.960414835,-1.925519459,-2.132842318,1.793458026,0.343164082,-0.940839605,1.630847092,-0.659519,-0.653157532,-1.616966179,-1.090644119,-2.237734121,-2.278868566,-0.300969967,1.116812325,-1.783196239,0.868695853,0.013804281,-0.815993011,1.164649686,0.81399219,-0.03759803,-1.71981097,-1.000487891,-1.90851803,-0.221395081,-1.312300681,-0.835402228,-0.769164667,-2.135377174,-0.481428647,0.996173427,-2.379466137,0.641538047,-0.697556889,1.804083219,-1.116572614,-1.644029357,-0.809007067,-1.92346396,-2.054163734,-2.538307427,-2.375155786,0.330454164,0.532626254,-0.329893921,-0.861802547,-2.371935171,-1.531088946,0.16509062,0.553022672,-0.102586589,-1.956869989,-1.930332119,-2.086667587,-0.457600863,-1.272251645,1.634403658,-1.545055654,-1.737839627,0.219777894,-0.159112972,0.72890035,-0.167590592,0.348894757,-0.618039708,0.062317306,-0.534094251,-1.271538124,1.453205066,1.439787734,-2.396895772,-1.993630885,1.103102194,-1.317141502,-2.403511012,0.006677655,-0.770460284,-0.875868817,-1.79275997,-1.52924137,-0.714779481,-2.001740034,-1.231344001,-0.855430844,-1.720369473,-1.835711357,-0.230923739,-2.474560358,-1.059295426,-1.545524587,-1.829461336,-0.113616727,-0.258900271,-0.823711551,-1.068277089,1.154078531,-1.264076728,-1.724848764,-1.507784259,0.616482096,-2.053384007,-1.150748043,-1.501032039,-0.229790594,-0.629046255,-3.223888367,1.479556992,-1.08915713,0.04018179,-3.125840959,-2.316684017,-2.004705196,-2.312635429,-1.799993274,-0.136621878,1.768081342,-0.137309951,-0.027371197,-1.937247776,-0.982163476,-1.129793406,-1.712024501,-0.329337748,-1.54928399,0.297954134,-1.510950966,0.795839139,1.261977527,0.556983756,-0.606602579,1.847257246,-1.598497972,0.650813628,-0.244367188,-1.093624747,-0.313068259,-0.314026048,0.072506691,-2.369793843,0.81097466,0.903894212,1.187050425,-0.615445673,1.622393624,-0.532219516,0.119381757,1.685454063,-1.214359897,0.755464487,0.609982939,-0.450201002,0.405931666,0.673403552,-0.054350595,-1.103222901,0.378984231,1.353538704,-0.438970187,0.241847536,-0.456653145,-0.32075638,-0.934709317,-0.280772664,-0.208870892,-1.845793358,-2.006934851,0.043921187,-0.703601638,-1.332185035,-1.352859585,0.225540676,1.461216288,0.871753511,-1.336361992,0.032563991,0.044686518,-1.533866726,-1.826972225,-1.051537881,-0.372514008,-1.073529508,-0.761854379,-1.437166691,1.665477923,1.636488718,1.483534496,-0.733136189,-0.079476202,1.711091566,0.764676832,0.598616697,-0.898942094,-2.095570924,-0.794515675,-1.676112046,-0.993171776,0.825753145,0.146694379,0.006379607,0.647731317,0.939968195,1.618457117,0.167461694,0.399581165,-1.801809805,-0.487597498,-0.58590843,0.795207256,-0.181641788,1.86381653,0.117605242,-2.266253164,-1.564942673,-2.430418465,0.987717971,0.484830663,-1.546463113,-0.489390343,1.771845836,-0.966269102,-1.210326278,-1.297551151,-1.150432037,-1.404051083,0.730491134,-1.422958345,-0.840487768,-0.350550877,-1.101416216,-0.46171805,-0.785920581,-1.428367138,-1.197659442,-0.802069588,-1.722046857,-0.691548459,-1.516403046,-0.146529793,-1.138809478,-1.757937921,-1.34822816,-0.406165353,-0.753109522,-0.603672174,-1.217058044,-0.591132255,-0.931912113,-1.974001029,-0.437884999,-1.696085719,-0.074077203,-0.846764669,-1.667067025,-1.951928221,-0.044369948,-0.351829559,-0.058158914,-1.068568167,-1.444347293,-1.471852249,0.112792827,-1.118406916,-1.500583508,-1.971843531,-0.94803943,-1.561124052,-1.187115687,-0.948297528,-0.611567194,-0.69615169,-1.0761661,-1.748125432,-1.408949052,-0.944947441,-0.003907625,0.157858085,0.538888162,0.663975803,-0.220148042,-0.234078116,-1.149800325,-1.880590683,-2.309609708,-1.193362625,-1.144132804,-1.169893491,-0.872273846,-2.018158313,-1.805452796,-1.956869989,-1.123930097,-1.275826908,-0.723606388,0.064100925,-0.863224011,-0.222144051,-2.026469657,-1.415105443,-0.483696956,-1.989966535,0.187557824,-0.543004522,1.320635212,-1.364141556,-0.553385238,-0.31443681,-0.19309943,-0.427404016,-3.286084575,0.790409998,-0.128174339,-0.818030363,0.782896473,0.449545787,0.296096571,0.201306857,1.441113931,-1.450726221,-1.107753947,0.171176346,-1.654435278,-0.277071893,1.251962648,1.35209104,0.232380757,1.193164606,-1.139746832,-0.136163425,-0.071173819,1.337760414,-0.054245015,-1.762006511,-0.169839779,-1.085005285,-0.850971266,0.293266451,-0.216043814,-1.060161102,-1.744112816,0.403730271,-0.68458395,-0.980829253,0.406864129,-0.948555692,-0.334633927,-1.218071729,-0.903374507,0.782485016,-1.728221448,-1.206643033,-1.188099455,-0.657973106,-0.574298047,0.393932192,-0.759928214,-0.069028586,-1.148538097,-0.668844888,-1.131342113,-0.719285838,-1.36963392,0.050312814,-1.576003136,-1.779633289,-1.110178925,-2.412399959,-2.632479014,-1.526936691,-0.462988294,-1.149484619,-1.483245887,-0.680823431,-1.532014015,0.322590617,1.842373366,-2.207274913,-2.603690186,0.280808504,0.806386576,-1.989966535,-1.646101897,-0.36658099,0.262595007,-0.621012583,-0.611935925,-1.249318906,-0.783947545,-1.115046595,-0.638090975,-0.326561511,1.539594679,-1.680933914,1.856251114,1.405238777,1.781069198,1.531173622,-1.479287228,-1.936554054,-1.752154215,-0.828737835,-1.148853505,0.994251273,-1.701553201,0.813770623,-1.474033275,1.68756494,0.224582516,-1.645583359,-1.931021537,0.530569426,-0.728981634,-0.842807955,-2.090704734,-0.755661086,-0.362980497,-0.476102188,-0.567572358,1.659427357,-0.069778895,-2.473373414,-1.087375657,-1.325011133,-0.445037883,-0.362836746,-0.428938464,0.487352268,1.124474948,1.632939572,0.374662199,-1.942814944,0.695644061,-1.822631133,-0.701582659,-1.675577715,-0.702793558,0.265973129,-0.155368087,-0.946492241,0.401858613,-0.153034636,-2.43383338,-0.91904452,0.511865083,-0.262664309,-1.654958428,-1.253863574,-0.031593872,-0.090581378,-0.257217532,-0.233699065,-0.180323554,0.146780731,-0.44036716,0.306896291,-0.401821753,0.300104592,0.301732896,-2.427015171,1.380829456,-0.570752572,0.847454991,-0.653349711,-1.274752986,-0.565105831,-1.817077277,-1.093624747,-2.948848688,-1.105334834,0.559158541,-1.099612789,-1.764922815,1.336736402,-2.90224193,0.848226001,-0.12397718,-1.586209786,-0.537169599,-1.402423743,-2.104554242,-1.775492497,-2.438404816,-1.77254525,-0.516005684,0.04449524,-2.200028505,-0.710089901,-0.876589365,-0.354534379,0.156148682,-2.357041279,-1.503277717,-0.10325163,-0.042281392,-0.715801871,-0.189104509,-0.739191119,-2.279845606,-0.626610657,1.100843132,-0.124203603,-0.670407694,0.727790124,-0.707651867,0.715593369,-0.736054682,-0.339396508,-1.209990877,-0.733969175,-0.620268535,-1.101416216,-1.009503114,-1.36963392,-0.49511633,-1.082345316,-1.857899272,-1.173766962,0.011829752,-0.781978394,-0.923567141,-1.937247776,-1.136625731,0.790137766,-1.276543497,1.176807136,-0.532560116,-1.831332244,-2.132842318,-0.77414034,0.272847583,-0.56141741,-1.112001526,-0.647409289,-1.152646177,0.833952057,-1.00103196,-1.289530693,-1.870802677,-0.131818575,-0.578569276,-0.316355933,-0.389788629,-0.815540829,-1.876011022,1.23250195,-1.533866726,-0.273779167,-0.315121788,-0.762068626,-1.917322692,-0.410075721,-0.851908473,-0.356817811,-1.564942673,0.55319522,-1.085893516,-0.786359562,0.251925353,-0.710903902,-1.136314156,-1.325387426,-0.607703699,-1.074993423,-0.394673547,0.887191424,-0.736263472,-0.459498997,0.348471387,-0.953733027,-1.806061254,-1.535722875,-0.241816817,-0.902387827,-0.596746686,-1.512311202,0.393055088,-1.787966671,0.013014937,-1.921412677,1.053893824,0.211394804,-2.274969926,0.868863638,0.031401763,0.652273101,-1.22758267,-1.308963018,-1.710917081,-1.125469743,0.125045489,1.638569439,-0.123750807,-2.007679175,-0.660486398,0.075849312,-0.703197516,-1.537117251,-1.857258451,-0.37775267,-0.666115842,0.034304804,-0.460766424,-1.713687934,-0.601115095,-2.149006005,0.377477072,0.300845059,0.837031051,-2.48410697,-0.612120342,0.477475644,-1.381107834,-1.0336676,0.871167835,-1.060738636,0.60009944,-0.840719545,0.633715597,-2.178599113,-0.586267819,-1.750425606,-1.747551215,-1.222136775,-1.342086106,-0.877550904,0.689741387,-0.213069466,-0.610093625,-0.767870727,-0.008939842,0.577455706,0.190289726,0.19647098,-0.601115095,-0.23483665,-0.087520598,0.387233247,-1.076752954,0.682945318,-0.818483672,-1.604948007,-0.952954716,-0.841647189,-1.447744323,-0.725670372,-0.137424676,0.196717437,-0.817577259,0.125398409,-0.917791858,-0.434173272,-0.941095851,0.203675268,-0.139836945,-2.134531508,-1.808498793,1.129109162,1.036488627,0.326782586,-0.568101692,-1.35208619,-0.588607001,-0.649704623,-0.13547614,-1.559695821,0.620737765,-0.481428647,-0.974449646,-0.99398204,-1.597509342,-0.769812265,-0.084142768,-0.372949516,-1.529702944,-0.342912933,-0.911800827,-0.917791858,1.09051291,-0.259418607,-2.61319467,-0.277863764,0.503136135,-1.536187451,-0.867500568,-1.633218441,-0.01582455,-1.817692851,0.457361554,-1.613445934,-0.84397007,-0.535972506,0.656327582,-1.975441952,0.353469813,-0.131704491,-0.458075058,-1.260190484,0.308072762,-0.16134315,-1.5847453,-0.647218249,0.285629968,-2.131155977,-1.676112046,-0.711922336,-2.047167981,-2.473373414,-1.027501661,-2.155027529,0.760665632,1.185523661,-2.124438908,-0.099709844,-1.346689107,0.03758476,-0.136965855,-2.26336438,0.14721238,-0.480619782,0.099121091,-0.282760868,0.631218584,-2.622790357,-0.551126921,0.240826286,0.193014186,-1.393923388,1.370520607,0.55382764,-0.54818141,0.489806257,-1.289893867,-0.252958636,-1.144132804,-1.619488248,-1.926205566,0.551583616,-1.210997419,-0.123863987,0.225780073,-0.341645595,1.43448911,0.161268148,-0.840719545,0.348683094,-0.266703666,-0.726703964,0.176303484,-0.276939976,-0.544382407,0.015479571,-0.248333162,-1.023875943,-1.292439786,0.411712221,-1.239254618,1.055809166,-0.145372653,-0.721135217,-0.53034829,-1.984858899,0.339182845,-0.851908473,-0.224018934,-1.491210531,-0.305303081,0.650552783,1.247922702,-1.614450454,-1.149484619,0.15666181,0.367347786,-1.506430162,0.009257021,-2.081844426,-0.347007539,-1.723166678,1.068290529,-0.701179352,0.382128243,0.916410725,-0.073000893,0.039509133,-1.234432012,-1.203639527,-0.573233084,-1.961125315,-0.220646671,-1.339410775,-0.214927397,0.361234533,0.169658383,1.127782666,-1.346304713,-0.687562802,-1.36335939,-0.387723427,-1.484127721,0.971687595,-0.777833989,-1.155500151,-2.718100537,-1.180256278,0.144273489,0.541568191,-0.397496938,-0.975510092,-1.386294361,-0.591132255,-1.005121946,0.730683784,0.637845865,0.574363645,-1.149484619,-0.386545223,-1.717580071,-0.185606948,-0.009646377,0.516051943,0.229523158,-1.759098687,-0.37775267,-0.624367665,-1.047253996,-0.710089901,0.886326247,0.933029848,-1.30600553,-1.835711357,-1.126086266,0.610526152,-0.054561788,-0.13547614,1.123727576,0.234202179,-2.548485631,-0.949072221,-1.200977295,0.388386767,-1.012801632,-0.379212737,-1.557319958,-0.537169599,-0.687363936,-0.391562203,-0.798729943,0.405598433,1.700959105,-0.032316601,-0.178648311,-0.749082813,1.399580705,-0.11440126,0.965766375,-2.170680022,-0.897959775,-0.640175296,-0.188017749,-1.493879572,-0.615075645,-2.869981068,-1.244447637,-0.050661915,-0.729603718,-1.940027486,0.126280166,-1.905152157,-0.594207233,-1.876663976,-2.354931573,0.116181754,0.122129133,0.213739471,-0.230168166,-0.392302122,-0.478519789,0.928140248,-1.316022308,0.279297016,-0.051503843,0.328584064,0.178564508,0.08213283,0.536551848,-0.876108942,-1.885850393,-1.198985263,0.55141079,0.263210061,-0.464260155,-0.196745077,0.102195512,-0.915541013,-0.83034242,0.545632765,0.292744238,0.106070264,1.020470551,-0.853550702,1.695744041,0.69629223,-0.309518767,-0.643785751,0.501562856,-1.148222789,-0.481266822,-0.913544506,0.437480438,0.916570693,-1.028060633,-2.166307475,-1.844527535,0.828595485,-2.017406151,-2.190149664,-1.07382212,0.536434889,0.142887488,-1.955455562,0.0835136,1.611196365,-2.076246651,1.063917319,-0.4674469,-2.175071773,0.068406033,0.261209752,1.3777076,-0.560190953,0.477227474,0.922988253,-1.968974089,-0.436182081,-1.744112816,1.239011709,-0.507165663,-0.756299996,-1.515037237,-1.301585633,-1.689022392,-2.413516654,-1.265848208,-0.586088108,0.07064484,-0.522729528,0.875926966,-0.913793852,-0.192250688,1.824371857,0.089840704,-0.033143219,-0.831030888,-1.151380354,-0.960765222,0.865039542,-2.171556831,-0.334494194,0.303358552,-0.951399909,-1.455858825,-2.410170304,-0.234963128,-0.944690206,-1.045261113,1.390435774,-1.995835958,-2.444148657,-1.724848764,-1.621510494,0.480758092,-1.169571378,0.87966824,-1.249318906,-0.46473752,-0.385956642,-1.37634403,-0.876589365,-0.268402458,-1.461017907,-1.696631124,-1.525096764,-0.644166558,-0.825536369,-0.772406862,0.432885704,-0.611198598,-1.119938075,-0.810580277,-0.162166051,-0.558965999,-1.434644622,-1.567336736,-0.999672341,-1.227924025,0.373355054,-1.090644119,-0.265659688,0.428921184,-0.47997316,-0.679638831,-0.903868212,-1.328025453,-0.652965391,-0.63412384,-1.223155624,1.375410345,0.098939948,-0.59747343,-0.937769764,-0.798507696,-0.647600366,-1.757358043,-1.212341054,0.799172475,-2.88598141,-2.024953356,-0.848398466,-0.058052931,-1.212004976,-2.191043718,-1.015006705,0.593989609,1.093532743,0.559272872,1.007008565,-0.240544066,-0.525770071,-0.086429728,-1.809719795,0.077146209,0.510125379,-1.31378767,-0.322825775,-0.772623382,-0.896488105,-0.88116493,-0.210227326,0.147126065,0.736637612,0.717156633,1.112942453,-2.311625838,-0.483210457,-2.189256408,-1.020540753,-0.448476999,-1.71981097,-1.615455985,-0.230671818,-2.531998257,-1.193692495,-1.138185064,-0.694147681,-0.405265128,0.717888572,-0.992631965,-1.968258013,-0.782853094,-0.555125883,-0.704005924,-0.200037563,-1.262661801,-0.701179352,-2.504701277,-0.020100672,-2.320749064,-0.556869562,-0.391118514,0.584670704,-0.773056564,-0.685774426,-0.646263595,-0.400328324,-0.090800364,0.142280507,-1.355959161,-1.493879572,0.28840681,1.106084304,0.982415494,-2.243373233,-1.554003206,-1.540845121,-0.820071874,0.531392665,-0.056252942,-1.390302383,-1.013903561,-0.151171788,-1.706499625,-1.626584071,-2.399095993,-2.67800608,-2.116935746,-0.586807145,-1.417166025,-0.613596902,-0.246668096,1.058102745,-1.379120157,-1.707602161,-1.394326533,-0.121151202,0.468627683,-1.676112046,-1.458005209,-0.981362729,-0.07192574,-0.594750859,-0.258641204,-0.142370341,-1.379517377,0.321213556,0.759683704,-1.251763468,-1.02443289,-0.118445755,-1.160913315,-2.30058709,-0.724637848,-2.122766666,-0.445818462,-0.273384768,-0.075693844,-1.565421027,-0.678061543,1.045070855,0.914048219,-0.201137471,-2.347582459,-0.057523186,-0.044265416,0.862678962,-1.284821392,0.639957352,0.777534284,-1.670250052,0.120712075,0.165005835,0.298622012,-1.270112607,-0.541284831,-0.393042588,-0.203708639,-0.439435628,0.157516438,-0.510159179,-0.301645779,-0.966794864,-1.067404362,0.932045964,-1.935168053,-2.24243117,-0.720929562,-0.026036015,-0.375566558,-1.757358043,-0.072570693,-1.694451287,-0.49053292,-2.887775132,-0.157589921,-0.017349638,-1.362577835,0.536961097,0.243416656,-0.355960913,-0.122506674,0.311081166,-0.172212823,-2.571772583,-0.701380985,0.117605242,1.114813668,-1.820158944,-1.294262276,0.516946851,-0.181761714,0.325122355,-0.547143886,-0.929122711,0.026154957,-0.950364712,-0.637334116,-0.987786734,-1.695540611,-0.758646163,-2.529485693,-0.393931872,-1.127629238,-0.235089622,-2.003963081,-1.027781108,-2.26144315,-1.087079053,-0.068385913,-0.888432404,0.427552705,-1.637837387,-2.629701235,-1.767261998,-2.891372258,-2.276917346,-0.437884999,0.979791214,-1.119631656,0.518198378,-1.130722343,-1.752154215,-1.509592577,-0.762282919,-0.30652516,0.717351869,0.22617894,-1.032824548,-3.582719258,0.169658383,0.486799289,-1.870153537,-0.729603718,-0.350125013,-1.119631656,-1.749274858,-0.713145827,-0.24551698,-0.776311422,0.954395438,1.616929778,-2.125276078,-0.042177079,-0.199427025,-0.367302647,-1.321255965,-1.587187303,0.543834777,-1.345152418,-1.299382989,-0.657973106,-0.153967363,-0.821890056,0.174457382,0.486246005,0.31320361,-0.194434625,-1.942814944,-0.158878505,-0.397794602,-0.641124152,-2.186581417,0.214788747,0.505129431,-1.702650294,0.524846865,-1.870802677,-0.030253043,-1.239599982,-1.162830861,0.444172869,0.586229898,-0.289684075,-0.659519,-1.468806783,-0.042177079,-1.63989712,-1.208650394,-1.145703896,-1.37436579,1.566029242,-1.359847191,0.572165284,-1.358290165,-1.461880348,1.044965349,0.21107097,-0.670407694,-1.491654877,0.366308393,-0.134446097,-3.167707538,-0.10458304,-0.793409602,0.914368886,-2.27789248,-1.658103084,-1.054404034,0.018723614,-0.128515422,-0.225396086,-1.715354138,-2.071473372,-0.067529657,-0.163107338,-1.790959789,-1.615455985,-1.171505614,-1.335981547,-0.623248053,-1.096015663,0.037199441,-0.09805394,-0.204567166,-0.973390324,0.19803085,1.101075918,0.252313929,-0.390084006,0.234439511,0.317798971,0.287732071,0.100569055,0.202450928,-0.505838082,-1.030019497,0.95628038,-0.451299644,-0.683394889,-1.251064412,0.015381102,0.554804231,-1.213349966,-2.249992643,0.315321558,0.51831749,0.154264959,0.900567771,-0.711718566,0.201879056,-0.432168491,-1.371602812,-0.668259465,-0.933436891,-0.322135501,-2.009169489,0.739696741,-2.266253164,-0.209363928,-1.566378423,-1.359457707,0.830427786,0.357044876,-0.123298216,-2.710553331,-1.106543659,0.19803085,-0.770028225,-0.338133616,-0.356246464,0.201225087,-2.417995945,-1.4554301,-1.370027389,0.432561334,-0.273779167,0.218814193,-1.349384007,-0.644547511,-2.252843001,-2.064355904,-1.487662856,-0.825308084,-1.805452796,-1.922095971,0.486614895,-1.611439915,0.562639782,0.424679327,0.964318701,0.252935336,-1.223155624,-1.4867779,-1.657578288,0.044590883,-1.347843175,-0.534606152,-0.132046781,0.080473384,-1.044124103,-1.419644341,-0.725670372,-2.195526021,0.183737221,-0.213440776,-0.152918106,0.322735461,1.261807656,0.403997365,-2.513306124,0.110825555,0.884634932,-1.852146619,0.827546946,-0.682800889,0.135142594,-1.385095081,-0.771108722,1.662087287,0.787593351,1.259511574,1.038508365,-0.246028424,-1.211333159,1.565506923,0.605189902,0.048694922,-0.644738041,-0.916290732,-0.874429278,-0.577321615,0.734433067,-2.716586532,0.1208007,-2.525728644,-1.392714929,-0.569161201,-1.864330162,-1.818925137,-0.622688717,0.541219029,-1.203639527,-1.723166678,-0.865835288,-0.26188438,-0.019386714,0.565995395,0.592165951,-1.882559834,-0.876349125,1.775426815,1.217313421,1.623577476,-1.215033752,0.200897942,-2.1680542,0.20587531,-0.266442569,0.543834777,-0.77479117,0.892571645,-1.733867991,-1.727095956,-0.295579845,-0.993441791,0.562981546,0.243416656,-0.668844888,0.559672929,-0.07396952,-1.093624747,-2.842153186,-2.058071516,-1.48722028,0.795748894,-0.335193055,-0.188259149,-1.588655373,1.162619419,-2.744195648,1.121644988,0.109392377,-1.202973304,-1.980501594,0.535732847,0.772882149,-0.955291469,0.196799576,-0.656622406,0.324038109,0.281563391,-1.796370082,1.548243128,1.306547443,0.041237908,-2.006934851,0.137411356,-1.323883101,-0.384339826,1.359103004,0.035174075,0.780058553,0.09376353,-0.907330991,-1.879280067,-2.007679175,-0.25902983,0.365545484,1.46999192,-0.992092445,1.261439504,-0.035109177,-0.064218572,-1.987044692,-0.29881043,-1.328780455,-0.621012583,-0.745282935,-1.371208724,-0.950882177,-1.290984181,-1.0761661,-0.184043038,-1.120244589,-2.010662026,-0.900417383,0.485200076,-0.264095763,-0.366004039,0.425267735,-0.427710717,1.786880922,0.371563556,-2.244316185,-0.649513144,-1.304530059,0.144792745,0.496280352,-0.083816486,0.451585044,-2.038683549,-1.008406021,-0.554081132,-0.160051388,1.401700081,-0.673540651,-1.290620611,-0.419310515,0.044399587,0.008265744,-1.21976349,-2.098828255,-0.944433038,-0.675700267,0.085994193,-3.387294476,1.121905549,-0.557567886,-0.414606766,-0.725463782,0.282393111,0.836468,-1.259837937,0.000499875,0.700222094,-0.007528266,-0.628483667,0.496036806,0.933934167,-1.467504417,-1.692276191,-1.616966179,-0.325868654,-0.722988023,-1.364532869,-1.716466485,-0.335612606,-0.774357236,-1.7837913,-1.92004749,-1.988504547,-0.918543267,-0.623061573,-0.65508098,-1.711470638,-2.200931439,-2.38705425,-2.175071773,-0.607887337,-2.466281186,0.155464103,0.110915061,-0.422814746,-0.483859176,-0.030046921,-2.741090055,1.242539457,-1.487662856,-0.93623837,-2.95651156,-2.962297497,-2.320749064,-2.544656654,-1.343234872,0.104450101,-1.506881324,-1.915963073,0.56769733,0.298028365,-2.291645153,-0.743178114,-1.206977313,-0.930389656,-0.623807702,-1.024711481,0.138891999,-1.417578651,-2.692669099,-1.555897146,-0.608254714,-1.812166279,-1.806670082,-0.914292729,-1.773723107,-2.176833888,-0.723812595,-1.494770837,-2.1086644,-2.158484749,-0.444257913,0.086452888,0.231429131,-2.368724895,-1.204306193,-2.620039324,-2.144727008,-0.341364183,0.95011228,-2.42249539,-2.193730688,-0.469523744,-1.339029169,-1.39070407,1.414954702,-0.331842968,1.491352331,-2.375155786,0.663821351,-0.728774358,1.293795227,-0.541800428,-1.451579828,1.820735577,-1.271538124,-2.177716111,-0.742757681,-0.633369977,-0.141102841,-0.767870727,1.843782497,-2.453407983,0.951310325,0.096037188,-1.026105598,1.344977452,0.01064316,-2.354931573,-0.879476759,-0.064325211,0.61605013,-2.666428526,0.28735702,0.073529233,-1.052110455,-0.744229971,0.380557472,-1.213686497,-1.919365594,-0.803855303,-0.336872317,0.046692728,-2.26144315,-2.103734234,0.634829271,-1.371602812,-0.01959065,-3.001750346,-1.240291067,-1.977607236,-1.175709339,0.98394938,-0.646072773,0.731357768,-1.30379314,-1.555897146,-1.942814944,-0.802069588,0.180403051,1.035885459,-2.700082031,-2.402405428,0.337471737,-1.582309245,-1.417578651,1.919478167,-0.264225996,-1.979053368,-0.076557123,-0.922308804,-2.287696481,-1.346689107,-0.019794627,-2.591601388,-0.3063893,0.085351667,0.22570028,-0.833329211,0.77904961,-0.122054646,-1.348613294,-1.907170321,0.161183038,1.1566925,0.673301552,-1.10714862,-1.583282955,-0.856136809,-0.559665789,-0.197963253,0.034401427,0.329231802,-2.663554961,-0.301645779,0.464488449,-2.317698731,-0.886974678,-0.972067747,-0.42617815,-0.562996496,-1.455858825,-0.374984401,0.669673824,-0.623994322,-0.015113638,0.014100124,0.812262661,-1.122085645,-0.592035679,-0.882855956,1.595359272,0.562069917,-0.213936071,1.114551252,-2.733368009,-0.920298753,-0.408118626,-0.59293992,-0.276544328,-1.75157768,-0.962072925,-1.054691102,0.482919855,0.930114738,-0.267356706,-1.504627548,-0.780449509,-0.489716661,-0.772190388,-3.072613318,0.862721165,0.614699034,0.278691781,0.916970501,-0.614890683,-2.117766656,1.632763738,-0.840256046,-0.390822831,-0.083925235,0.104810364,-2.256656161,-0.72649716,-0.029634805,-0.760569857,-1.353246507,1.729689011,-0.247052096,-0.138917299,-0.686171567,-2.224698554,-1.143818882,0.51772179,0.387572655,1.155244638,0.591391272,-0.052662653,-2.038683549,-0.198816859,-0.535118316,-0.173758326,-0.895998029,-0.651237777,-0.479650006,-1.015558734,-0.883581557,0.841825773,-0.421137278,-0.696552974,-1.893792195,-1.244794799,1.591538673,-1.683084453,-0.616371342,-1.140372223,-2.073061935,0.303284716,-1.605445891,0.275052656,0.855308546,0.003095205,-0.892086043,-1.840739651,-0.098274569,0.152205933,-0.668259465,1.085256834,-1.445619827,0.874509945,-0.207516295,-2.198225078,0.206770237,0.12548662,-0.675110818,-1.0761661,1.011600912,0.604643782,-0.703399557,0.30151101,0.921357872,-0.965743616,0.122040626,0.328728042,-0.070959089,1.057755571,-1.164111271,0.301880792,-0.529668712,-1.032543689,-0.646836278,-0.919546025,-1.201642189,0.282845395,0.280884018,-1.614953093,-0.511826124,1.531973545,-0.536827426,-1.557794679,-1.158999439,-0.357389485,-0.776963667,-1.242020872,-2.003221516,0.243338259,-1.036764885,-0.674521716,-0.938791997,-1.353633579,-0.936748574,-2.785471348,-0.275094957,-0.725877005,-2.126952524,-2.127791803,-2.022683208,-1.346689107,-2.551046452,-0.897959775,-2.061208773,-0.443011224,-0.859674131,-1.416753569,-0.859674131,-0.721752438,-1.921412677,-0.729603718,-1.002120988,-0.193584749,-1.648698626,-2.307597635,-0.545072062,-1.183190265,-1.360236827,-0.21915153,-0.581963652,-0.396901877,-1.877317358,-2.403511012,0.320270262,-1.123007446,-2.790345444,-1.969690678,-1.794563397,-0.41113113,-0.912547746,-1.087969129,-0.50071029,0.428400079,-1.224175512,-1.773723107,-3.087847562,-1.633730605,-1.766676689,-2.183913563,-0.711514838,-0.174591511,-1.272608597,-1.956869989,-2.561355822,-3.429596856,-0.097943644,-1.166355941,-1.866914143,-1.618983325,-3.208925494,-1.09243143,-1.850236399,-2.871746294,-0.982964865,-0.460607908,-1.957577954,0.846211556,-0.584292776,0.159649818,-1.6321949,-2.657832485,-0.957373177,-1.045830103,-1.394326533,-1.063341675,-1.006215439,-0.304896053,-0.839098236,-0.240671268,-0.725463782,-1.592089274,-1.253863574,-1.583282955,-2.833613424,-1.855978042,-1.273680217,-1.140685065,-1.158362293,-0.565809932,-1.835711357,0.597626979,-3.296837366,-2.3330443,0.958430258,-1.759679576,-1.899790213,-2.405725852,-1.103524333,0.01597177,-1.780819529,-0.570044983,-2.315670333,-2.218243945,-1.449021191,-1.101416216,-2.596956154,-1.885191414,-3.405205403,-2.933696883,-2.937463365,-0.925079238,0.377545628,-1.446044366,-1.71981097,-2.244316185,0.036042591,-0.686966321,-1.697722827,-2.080241862,-1.605944023,-1.223495471,-1.228607085,0.504284276,-1.541779264,-1.173766962,-1.448595387,-0.225145554,-1.363750397,-3.030323718,0.030141157,0.104089709,-0.859674131,-2.228405695,-1.373970611,-0.612858349,-1.397557553,-0.141102841,-0.682405084,-1.509140191,-1.752731082,0.228011683,-1.4554301,-0.386250889,-1.930332119,-1.611439915,-2.909554577,-1.289893867,-2.973970782,-1.319383656,-0.772406862,-2.317698731,-2.412399959,0.256423577,0.776476788,-1.777265023,-0.004510155,-0.602940913,-3.493312671,-0.93828075,-3.571985703,0.960039639,-1.436745905,-0.800509699,0.679960619,-1.21874809,-0.572169254,0.32128608,-0.627734042,-0.665726585,-0.452085129,-0.646263595,-0.906835573,-3.158251203,-0.804972996,0.248109297,-2.877060744,-2.463928243,-0.807212137,1.270406404,-2.361274089,-0.731888009,-3.349554149,-1.417578651,-3.034473102,0.20343052,-1.871452238,-1.162830861,-0.989668202,-1.585721386,-1.011700917,-1.622523152,-0.350266948,-1.291347884,-0.228407381,-0.543176654,-1.818925137,-3.030323718,-0.587526699,-0.838172953,0.203593692,-1.941420244,0.692797119,-0.531368525,-3.020024966,0.80585067,-0.194070304,-1.595042032,-0.89086668,-1.583770166,-2.602339747,0.031401763,-2.54338358,-2.633870803,-1.578908707,-0.476907406,-2.373007557,-1.660731207,-1.065080805,-0.722370039,0.330454164,-1.127938118,-1.260895952,-2.012156795,0.128217298,-1.330292171,-0.969164221,0.467938999,-1.226218413,-0.618039708,0.1194705,-3.003764445,0.714517206,-2.95459033,-0.045834536,-1.376740148,-0.731888009,-1.140059479,-2.266253164,-0.762068626,-2.847312268,-3.554348561,0.079180798,0.158199615,1.832917407,0.647522003,-1.818308804,-3.009831198,0.185981518,-2.270117903,-3.196625216,-0.018673265,-1.693907069,-0.166881372,1.308711126,0.047074407,-2.014403146,-1.005395207,-1.579393791,-2.808423175,-1.209990877,-3.228926161,0.113507241,0.257583625,-1.103825856,-2.675099101,-1.26940061,-2.845589615,-1.897119985,0.077794027,0.05704174,-1.553057579,-0.316355933,-1.992163534,0.387708387,-0.567219624,-1.332943186,0.523840561,-2.018158313,-2.121097217,-1.378723096,-1.633730605,-0.95217701,-1.337123317,-1.136314156,-0.980029573,-1.336742582,-2.42249539,0.44999223,-1.887829938,-0.168418652,0.974370943,-1.731605546,1.067190419,-0.850502991,-1.973281346,-1.517770724,-0.170432512,-1.726533684,-1.263369014,-2.23305903,0.265129668,-1.181885208,-1.019431491,-1.830708219,-0.653541926,-0.085122253,-1.047824122,-1.447744323,-0.686767574,-0.703399557,-3.550858156,-1.116878097,-1.711470638,-0.088503399,0.210179885,-1.041003976,-2.145581344,-2.90589157,-0.86298696,-1.115961927,-0.783728559,-1.339410775,"BL"
